2 0.151000 0.936000 0.302000 0.124000
7 0.923000 0.408000 0.042000 0.060000
11 0.876380 0.310250 0.048760 0.032500
11 0.887250 0.287000 0.042500 0.030000
7 0.904000 0.266000 0.068000 0.040000
7 0.457000 0.878000 0.050000 0.084000
11 0.848000 0.387000 0.060000 0.038000
11 0.865000 0.331000 0.046000 0.034000
2 0.841000 0.793000 0.314000 0.410000
7 0.920750 0.245750 0.077500 0.047500
7 0.930630 0.218000 0.061260 0.040000
7 0.937000 0.192000 0.070000 0.044000
11 0.971000 0.062000 0.046000 0.032000
11 0.432000 0.937000 0.048000 0.034000
11 0.689000 0.874000 0.038000 0.048000
11 0.755000 0.012000 0.042000 0.024000
11 0.984000 0.265000 0.028000 0.042000
11 0.547870 0.985750 0.043740 0.027500
11 0.547000 0.960000 0.050000 0.040000
11 0.629000 0.987000 0.038000 0.022000
11 0.994000 0.365000 0.008000 0.042000
7 0.339810 0.465680 0.087620 0.059360
