2 0.948000 0.167000 0.100000 0.126000
2 0.645000 0.340000 0.126000 0.120000
2 0.366000 0.198000 0.108000 0.112000
2 0.192000 0.142000 0.132000 0.128000
2 0.772000 0.093000 0.128000 0.130000
11 0.891000 0.804000 0.050000 0.028000
11 0.377000 0.656000 0.046000 0.036000
11 0.308000 0.071000 0.044000 0.038000
11 0.777000 0.208000 0.046000 0.040000
11 0.710000 0.181000 0.052000 0.038000
11 0.559000 0.116000 0.054000 0.040000
11 0.823000 0.227000 0.054000 0.038000
2 0.578000 0.034000 0.128000 0.068000
11 0.610000 0.139000 0.036000 0.034000
11 0.906000 0.268000 0.036000 0.028000
11 0.389000 0.046000 0.050000 0.036000
11 0.945000 0.279000 0.042000 0.034000
11 0.352000 0.093000 0.044000 0.038000
11 0.982000 0.299000 0.032000 0.034000
2 0.841000 0.365000 0.102000 0.098000
7 0.496000 0.096000 0.064000 0.036000
2 0.468000 0.246000 0.100000 0.116000
2 0.106080 0.105690 0.120160 0.135380
2 0.574000 0.280920 0.120000 0.113840
2 0.681380 0.055380 0.150760 0.110760
2 0.759690 0.351850 0.115380 0.107700
