2 0.534000 0.747000 0.292000 0.302000
7 0.635670 0.495670 0.059340 0.063340
2 0.147000 0.401000 0.290000 0.298000
11 0.932000 0.932000 0.040000 0.044000
2 0.580000 0.157000 0.392000 0.314000
11 0.768000 0.654000 0.036000 0.040000
7 0.945000 0.858000 0.050000 0.052000
2 0.086000 0.054000 0.172000 0.108000
11 0.225000 0.180000 0.038000 0.044000
11 0.765000 0.088000 0.042000 0.048000
11 0.328000 0.084000 0.036000 0.040000
11 0.658000 0.068000 0.032000 0.036000
11 0.269000 0.020000 0.034000 0.036000
11 0.733000 0.049000 0.042000 0.042000
11 0.972000 0.980000 0.036000 0.036000
11 0.807000 0.643000 0.034000 0.038000
11 0.703000 0.018000 0.038000 0.036000
11 0.797000 0.127000 0.042000 0.046000
11 0.192000 0.143000 0.028000 0.030000
11 0.724000 0.150000 0.032000 0.032000
2 0.883000 0.592000 0.230000 0.388000
11 0.989000 0.449000 0.018000 0.054000
2 0.277330 0.733330 0.342660 0.302660
2 0.632000 0.903000 0.348000 0.194000
