2 0.550000 0.149000 0.232000 0.298000
2 0.931000 0.185000 0.134000 0.354000
11 0.057000 0.495000 0.050000 0.034000
11 0.323000 0.642000 0.046000 0.036000
11 0.118000 0.540000 0.044000 0.036000
11 0.499000 0.638000 0.046000 0.028000
11 0.786000 0.710000 0.048000 0.032000
3 0.254640 0.591300 0.061280 0.138600
11 0.186000 0.568000 0.044000 0.036000
11 0.740000 0.670000 0.036000 0.028000
3 0.225000 0.763000 0.062000 0.110000
11 0.945000 0.702000 0.050000 0.028000
3 0.024000 0.334000 0.048000 0.076000
11 0.814000 0.837000 0.064000 0.038000
11 0.223000 0.705000 0.054000 0.034000
2 0.140000 0.098000 0.228000 0.196000
11 0.362300 0.625110 0.044600 0.034220
11 0.244920 0.608560 0.053840 0.029120
