2 0.149000 0.156000 0.242000 0.312000
2 0.931000 0.102000 0.134000 0.120000
2 0.211000 0.728000 0.126000 0.124000
2 0.232000 0.459000 0.220000 0.162000
7 0.528000 0.695000 0.064000 0.042000
2 0.800000 0.477000 0.148000 0.166000
2 0.364000 0.793000 0.116000 0.190000
2 0.536000 0.478000 0.140000 0.124000
2 0.520000 0.813000 0.144000 0.138000
3 0.760000 0.736000 0.052000 0.064000
11 0.220000 0.612000 0.052000 0.032000
11 0.610000 0.716000 0.056000 0.036000
2 0.744000 0.638000 0.140000 0.112000
11 0.368000 0.654000 0.044000 0.032000
11 0.957000 0.415000 0.046000 0.062000
11 0.364000 0.538000 0.048000 0.032000
11 0.684000 0.811000 0.028000 0.042000
11 0.666000 0.732000 0.036000 0.032000
11 0.271000 0.626000 0.038000 0.032000
2 0.793000 0.839000 0.114000 0.126000
2 0.157000 0.985000 0.150000 0.026000
2 0.919000 0.864000 0.070000 0.084000
