11 0.199000 0.785000 0.038000 0.046000
11 0.201000 0.871000 0.042000 0.050000
2 0.064000 0.795000 0.128000 0.166000
2 0.708000 0.247000 0.580000 0.486000
11 0.333000 0.945000 0.042000 0.050000
11 0.074000 0.638000 0.036000 0.044000
2 0.266000 0.596000 0.276000 0.308000
11 0.040000 0.597000 0.040000 0.046000
11 0.282000 0.965000 0.044000 0.050000
2 0.790000 0.880000 0.416000 0.236000
11 0.119000 0.696000 0.030000 0.032000
3 0.017000 0.572000 0.034000 0.088000
11 0.155000 0.816000 0.038000 0.040000
