2 0.888000 0.307000 0.224000 0.382000
11 0.224000 0.432000 0.044000 0.032000
11 0.126000 0.241000 0.060000 0.034000
11 0.043000 0.112000 0.050000 0.032000
11 0.366000 0.388000 0.052000 0.032000
11 0.138000 0.475000 0.040000 0.034000
11 0.700000 0.564000 0.040000 0.036000
3 0.357000 0.286000 0.150000 0.052000
11 0.761000 0.054000 0.070000 0.040000
11 0.067000 0.260000 0.038000 0.028000
11 0.826000 0.038000 0.060000 0.036000
11 0.837000 0.513000 0.046000 0.038000
11 0.935000 0.478000 0.046000 0.032000
3 0.140000 0.116000 0.052000 0.092000
11 0.246000 0.016000 0.048000 0.032000
11 0.092000 0.107000 0.044000 0.030000
11 0.154000 0.209000 0.052000 0.030000
11 0.267000 0.199000 0.058000 0.038000
11 0.321000 0.194000 0.058000 0.028000
2 0.334000 0.596000 0.208000 0.260000
11 0.443000 0.173000 0.042000 0.030000
11 0.684000 0.098000 0.048000 0.032000
11 0.912000 0.021000 0.056000 0.034000
11 0.313000 0.150000 0.034000 0.044000
3 0.565000 0.096500 0.042000 0.081000
11 0.783000 0.121000 0.022000 0.042000
3 0.461000 0.439000 0.062000 0.066000
11 0.865000 0.096000 0.018000 0.044000
2 0.057000 0.776000 0.114000 0.120000
2 0.961000 0.637000 0.074000 0.158000
11 0.888000 0.096000 0.020000 0.036000
3 0.215000 0.205000 0.058000 0.078000
2 0.841000 0.811500 0.166000 0.219000
11 0.753000 0.123000 0.018000 0.038000
2 0.116000 0.942000 0.232000 0.116000
2 0.437500 0.924500 0.187000 0.149000
3 0.524000 0.032000 0.072000 0.064000
11 0.011000 0.281500 0.022000 0.027000
11 0.885000 0.497500 0.050000 0.031000
2 0.570500 0.758500 0.253000 0.321000
11 0.193000 0.227000 0.046000 0.030000
11 0.720000 0.129000 0.040000 0.050000
11 0.911000 0.084000 0.038000 0.048000
11 0.310500 0.079000 0.049000 0.050000
2 0.634650 0.396190 0.325300 0.284380
11 0.829500 0.098000 0.039000 0.052000
2 0.106000 0.040000 0.136000 0.080000
11 0.806000 0.108500 0.024000 0.041000
11 0.703000 0.792000 0.026000 0.040000
2 0.149000 0.721000 0.142000 0.114000
11 0.465500 0.371000 0.043000 0.038000
2 0.318000 0.805000 0.196000 0.198000
6 0.523170 0.152590 0.114340 0.069180
9 0.380770 0.128470 0.261540 0.256940
