4 0.275720 0.744520 0.155440 0.229040
2 0.239000 0.625000 0.474000 0.582000
2 0.758660 0.852450 0.133320 0.088900
2 0.629230 0.794790 0.114460 0.213580
2 0.797000 0.584000 0.170000 0.116000
2 0.661000 0.440000 0.166000 0.120000
11 0.737000 0.345000 0.042000 0.030000
11 0.877000 0.356000 0.042000 0.032000
11 0.749000 0.948000 0.054000 0.028000
11 0.784000 0.349000 0.040000 0.030000
3 0.520000 0.379000 0.088000 0.046000
3 0.539000 0.888000 0.078000 0.036000
3 0.597000 0.941000 0.046000 0.078000
11 0.552000 0.441000 0.024000 0.046000
11 0.559000 0.631000 0.018000 0.042000
11 0.830000 0.348000 0.052000 0.032000
11 0.969000 0.361000 0.034000 0.026000
11 0.888000 0.939000 0.048000 0.026000
2 0.775000 0.985000 0.126000 0.026000
11 0.567000 0.777000 0.014000 0.046000
11 0.555000 0.516000 0.018000 0.032000
2 0.917000 0.984000 0.162000 0.028000
7 0.661000 0.958000 0.074000 0.036000
2 0.955000 0.449000 0.062000 0.110000
2 0.992000 0.497000 0.012000 0.126000
