2 0.190000 0.901000 0.380000 0.194000
2 0.915000 0.652000 0.158000 0.156000
11 0.247000 0.343000 0.038000 0.038000
2 0.380000 0.536000 0.132000 0.128000
11 0.338000 0.229000 0.044000 0.054000
11 0.221000 0.126000 0.038000 0.044000
11 0.375000 0.797000 0.034000 0.042000
11 0.205000 0.373000 0.050000 0.050000
11 0.106000 0.039000 0.040000 0.050000
11 0.143000 0.064000 0.042000 0.044000
11 0.074000 0.205000 0.036000 0.038000
11 0.255000 0.529000 0.050000 0.050000
11 0.356000 0.367000 0.044000 0.046000
11 0.130000 0.311000 0.052000 0.050000
11 0.959000 0.253000 0.042000 0.042000
11 0.270000 0.172000 0.036000 0.044000
2 0.479000 0.222000 0.866000 0.444000
11 0.013000 0.118000 0.026000 0.044000
11 0.158000 0.268000 0.044000 0.044000
2 0.724000 0.833000 0.264000 0.314000
11 0.186000 0.232000 0.044000 0.044000
2 0.090000 0.677230 0.180000 0.398460
11 0.214060 0.270800 0.044120 0.057600
11 0.089120 0.184510 0.050240 0.049020
11 0.293320 0.185610 0.030640 0.039220
