2 0.558000 0.797000 0.132000 0.190000
2 0.138000 0.142000 0.276000 0.284000
2 0.504000 0.938000 0.140000 0.120000
2 0.104000 0.459000 0.140000 0.118000
2 0.829000 0.371000 0.338000 0.266000
2 0.481000 0.253000 0.130000 0.202000
2 0.712000 0.628000 0.212000 0.280000
2 0.110000 0.698000 0.112000 0.224000
11 0.161000 0.564000 0.050000 0.036000
3 0.631000 0.209000 0.134000 0.058000
11 0.499000 0.029000 0.046000 0.034000
3 0.463000 0.731000 0.102000 0.054000
3 0.435000 0.615000 0.042000 0.094000
11 0.606000 0.339000 0.028000 0.042000
11 0.629000 0.875000 0.026000 0.046000
11 0.318000 0.772000 0.024000 0.044000
11 0.478000 0.698000 0.028000 0.044000
11 0.299000 0.833000 0.026000 0.038000
11 0.448000 0.016000 0.048000 0.032000
7 0.633000 0.357000 0.038000 0.074000
11 0.329000 0.723000 0.026000 0.042000
3 0.311000 0.582000 0.042000 0.056000
11 0.686000 0.051000 0.024000 0.046000
11 0.100000 0.552000 0.036000 0.032000
2 0.814000 0.973000 0.128000 0.050000
2 0.681000 0.906000 0.098000 0.120000
11 0.617000 0.139000 0.034000 0.062000
11 0.284000 0.879000 0.028000 0.038000
11 0.274000 0.929000 0.024000 0.038000
11 0.616000 0.427000 0.032000 0.050000
11 0.393000 0.009000 0.046000 0.018000
6 0.516000 0.463000 0.048000 0.118000
3 0.682000 0.014000 0.152000 0.028000
11 0.969000 0.409000 0.042000 0.030000
2 0.198000 0.984000 0.096000 0.028000
11 0.038000 0.538000 0.044000 0.032000
11 0.820000 0.471000 0.024000 0.046000
2 0.259000 0.493000 0.202000 0.122000
2 0.423000 0.488000 0.110000 0.104000
2 0.952000 0.952000 0.092000 0.092000
11 0.932000 0.403000 0.024000 0.038000
