2 0.090000 0.883000 0.180000 0.230000
11 0.705000 0.691000 0.042000 0.034000
2 0.464000 0.605000 0.304000 0.346000
11 0.282000 0.906000 0.048000 0.036000
11 0.698000 0.201000 0.036000 0.042000
11 0.241000 0.318000 0.038000 0.032000
3 0.807000 0.274000 0.126000 0.084000
11 0.615000 0.823000 0.046000 0.038000
11 0.657000 0.710000 0.046000 0.040000
3 0.802000 0.698000 0.096000 0.112000
2 0.931000 0.154000 0.134000 0.208000
2 0.255000 0.170000 0.274000 0.232000
11 0.303000 0.964000 0.054000 0.032000
11 0.086000 0.389000 0.036000 0.030000
11 0.590000 0.533000 0.032000 0.050000
2 0.841000 0.032000 0.250000 0.064000
3 0.975000 0.303000 0.046000 0.086000
2 0.086440 0.558630 0.148880 0.141260
11 0.029000 0.476000 0.042000 0.032000
7 0.636000 0.017000 0.052000 0.034000
2 0.767000 0.915000 0.342000 0.166000
11 0.082000 0.985000 0.044000 0.026000
11 0.519000 0.775000 0.054000 0.042000
2 0.063000 0.324000 0.126000 0.160000
11 0.071000 0.455000 0.038000 0.026000
7 0.667000 0.096000 0.042000 0.052000
11 0.126000 0.967000 0.036000 0.038000
2 0.389000 0.368000 0.266000 0.136000
2 0.206930 0.502640 0.185860 0.201280
2 0.248720 0.650430 0.149440 0.172860
2 0.294390 0.774560 0.184780 0.157120
