2 0.541000 0.897000 0.250000 0.202000
2 0.433000 0.502000 0.158000 0.160000
2 0.124000 0.612000 0.168000 0.152000
2 0.272000 0.742000 0.172000 0.200000
11 0.608000 0.340000 0.040000 0.044000
2 0.783000 0.345000 0.134000 0.118000
3 0.349000 0.839000 0.086000 0.062000
2 0.927000 0.204000 0.142000 0.224000
11 0.285000 0.227000 0.030000 0.038000
11 0.107000 0.784000 0.042000 0.032000
11 0.028000 0.757000 0.044000 0.042000
11 0.135000 0.863000 0.054000 0.042000
11 0.965000 0.725000 0.042000 0.046000
11 0.582000 0.386000 0.028000 0.028000
11 0.372000 0.976000 0.032000 0.044000
11 0.787000 0.401000 0.046000 0.042000
11 0.375000 0.694000 0.030000 0.036000
7 0.399000 0.652000 0.038000 0.048000
3 0.224000 0.880000 0.056000 0.060000
11 0.204000 0.929000 0.036000 0.046000
11 0.858000 0.019000 0.032000 0.038000
2 0.081000 0.957000 0.162000 0.082000
11 0.348000 0.145000 0.032000 0.038000
2 0.646130 0.537870 0.280260 0.323740
11 0.458000 0.568000 0.028000 0.036000
2 0.761000 0.982000 0.226000 0.032000
11 0.987000 0.761000 0.022000 0.042000
3 0.918000 0.012000 0.052000 0.024000
11 0.147000 0.813000 0.038000 0.038000
2 0.528750 0.262110 0.301500 0.376220
2 0.740000 0.013000 0.140000 0.026000
2 0.941000 0.495000 0.114000 0.210000
2 0.985000 0.925000 0.026000 0.146000
2 0.715000 0.097000 0.106000 0.138000
