2 0.875000 0.434000 0.222000 0.148000
2 0.902000 0.244000 0.140000 0.144000
2 0.952000 0.648000 0.092000 0.112000
2 0.089000 0.257000 0.166000 0.170000
2 0.264000 0.867000 0.172000 0.182000
2 0.064000 0.888000 0.128000 0.220000
3 0.503000 0.728000 0.082000 0.068000
2 0.957000 0.063000 0.082000 0.126000
2 0.961000 0.789000 0.074000 0.126000
11 0.670000 0.396000 0.028000 0.044000
11 0.582000 0.595000 0.028000 0.042000
3 0.456000 0.850000 0.080000 0.056000
2 0.212000 0.491000 0.140000 0.174000
2 0.546000 0.971000 0.140000 0.054000
11 0.700000 0.329000 0.024000 0.034000
3 0.525000 0.814000 0.058000 0.084000
12 0.019000 0.380000 0.038000 0.108000
3 0.421000 0.774000 0.046000 0.088000
11 0.648000 0.444000 0.028000 0.040000
11 0.682000 0.844000 0.040000 0.032000
11 0.832000 0.904000 0.028000 0.024000
2 0.768000 0.670000 0.212000 0.168000
11 0.362000 0.987000 0.028000 0.022000
2 0.923000 0.890000 0.070000 0.080000
2 0.355000 0.514000 0.138000 0.172000
2 0.533000 0.028000 0.174000 0.056000
2 0.242000 0.096000 0.256000 0.192000
