2 0.464000 0.503000 0.180000 0.166000
2 0.068000 0.647000 0.136000 0.202000
2 0.452000 0.809000 0.216000 0.202000
2 0.303000 0.221000 0.190000 0.158000
2 0.765000 0.320000 0.134000 0.136000
2 0.504000 0.195000 0.176000 0.154000
2 0.938000 0.200000 0.120000 0.144000
2 0.846000 0.811000 0.148000 0.142000
2 0.785000 0.594000 0.162000 0.144000
11 0.141000 0.809000 0.046000 0.038000
11 0.380000 0.718000 0.040000 0.032000
11 0.035000 0.422000 0.034000 0.040000
11 0.777000 0.197000 0.046000 0.050000
3 0.490000 0.621000 0.056000 0.078000
2 0.888000 0.021000 0.128000 0.042000
2 0.081000 0.191000 0.162000 0.302000
2 0.314000 0.936000 0.092000 0.124000
11 0.105000 0.890000 0.046000 0.040000
11 0.400000 0.014000 0.048000 0.028000
2 0.271000 0.619000 0.114000 0.158000
11 0.385000 0.663000 0.042000 0.034000
2 0.666000 0.017000 0.148000 0.034000
2 0.934000 0.492000 0.128000 0.172000
2 0.121000 0.959000 0.126000 0.078000
2 0.338000 0.078000 0.164000 0.156000
11 0.624000 0.564000 0.036000 0.036000
11 0.302000 0.712000 0.036000 0.036000
2 0.658440 0.685730 0.136880 0.135460
2 0.578460 0.731610 0.116920 0.111220
