2 0.330000 0.443000 0.116000 0.114000
2 0.355000 0.085000 0.150000 0.142000
2 0.200000 0.769000 0.144000 0.134000
2 0.784000 0.314000 0.124000 0.120000
2 0.098000 0.651000 0.196000 0.194000
2 0.913000 0.488000 0.106000 0.116000
2 0.590000 0.142000 0.144000 0.136000
2 0.461000 0.256000 0.114000 0.124000
2 0.611000 0.462000 0.130000 0.120000
2 0.375000 0.681000 0.114000 0.106000
11 0.179000 0.589000 0.042000 0.034000
11 0.219000 0.883000 0.038000 0.038000
11 0.695000 0.495000 0.042000 0.038000
11 0.911000 0.311000 0.038000 0.038000
11 0.401000 0.735000 0.034000 0.038000
11 0.950000 0.281000 0.040000 0.042000
11 0.230000 0.472000 0.044000 0.040000
11 0.874000 0.347000 0.036000 0.034000
11 0.059000 0.502000 0.046000 0.048000
11 0.254000 0.553000 0.036000 0.042000
2 0.763000 0.061000 0.186000 0.122000
11 0.601000 0.636000 0.038000 0.032000
11 0.277000 0.275000 0.046000 0.050000
2 0.469000 0.570000 0.106000 0.116000
2 0.583000 0.735000 0.102000 0.110000
2 0.061000 0.870000 0.122000 0.184000
11 0.726000 0.176000 0.036000 0.040000
2 0.277000 0.961000 0.126000 0.074000
2 0.434000 0.871000 0.156000 0.162000
2 0.955000 0.170000 0.086000 0.148000
2 0.048000 0.382000 0.096000 0.160000
11 0.127800 0.520460 0.043600 0.044920
11 0.146000 0.536000 0.036000 0.036000
2 0.172000 0.137000 0.288000 0.246000
11 0.167000 0.989000 0.038000 0.018000
2 0.887000 0.985000 0.166000 0.026000
11 0.566000 0.672000 0.032000 0.032000
2 0.987000 0.923000 0.022000 0.134000
2 0.729480 0.614160 0.114960 0.112320
2 0.677300 0.686120 0.154600 0.120240
2 0.968000 0.434000 0.064000 0.112000
2 0.386770 0.327080 0.121540 0.126160
2 0.743230 0.386460 0.098460 0.096920
