2 0.218000 0.402000 0.164000 0.148000
2 0.641000 0.220000 0.134000 0.168000
2 0.146000 0.258000 0.184000 0.144000
2 0.399000 0.542000 0.114000 0.100000
2 0.608000 0.478000 0.124000 0.124000
2 0.521000 0.345000 0.142000 0.086000
2 0.828000 0.323000 0.168000 0.286000
2 0.190000 0.664000 0.124000 0.080000
2 0.571000 0.057000 0.246000 0.114000
2 0.032000 0.470000 0.064000 0.104000
2 0.124000 0.792000 0.244000 0.208000
3 0.605000 0.952000 0.138000 0.064000
2 0.594000 0.609000 0.116000 0.162000
11 0.842000 0.663000 0.036000 0.034000
2 0.777000 0.604000 0.158000 0.224000
11 0.742000 0.220000 0.024000 0.048000
2 0.085000 0.615000 0.114000 0.082000
11 0.802000 0.728000 0.040000 0.040000
11 0.668000 0.518000 0.024000 0.044000
11 0.911000 0.635000 0.038000 0.042000
11 0.960000 0.552000 0.052000 0.052000
2 0.860950 0.108000 0.165900 0.216000
11 0.206000 0.984000 0.052000 0.028000
2 0.361000 0.682000 0.230000 0.228000
3 0.679000 0.775000 0.074000 0.070000
11 0.100000 0.955000 0.036000 0.022000
11 0.043000 0.948000 0.050000 0.028000
11 0.656000 0.599000 0.020000 0.042000
2 0.954000 0.930000 0.088000 0.128000
2 0.111000 0.049000 0.150000 0.074000
2 0.966000 0.370000 0.064000 0.136000
2 0.812000 0.916000 0.208000 0.112000
2 0.405000 0.876000 0.094000 0.088000
2 0.496000 0.860000 0.080000 0.104000
2 0.581000 0.772000 0.106000 0.156000
2 0.938000 0.715000 0.120000 0.162000
2 0.326000 0.853000 0.076000 0.106000
11 0.007000 0.944000 0.014000 0.028000
2 0.112000 0.136000 0.168000 0.100000
