2 0.816000 0.100000 0.120000 0.180000
2 0.360000 0.530000 0.172000 0.160000
2 0.602000 0.270000 0.260000 0.244000
11 0.478000 0.087000 0.056000 0.046000
2 0.933000 0.538000 0.134000 0.192000
2 0.919000 0.375500 0.162000 0.155000
11 0.943000 0.308000 0.038000 0.036000
2 0.393000 0.161500 0.178000 0.187000
11 0.378000 0.021000 0.048000 0.042000
11 0.601500 0.909000 0.047000 0.038000
11 0.282000 0.695000 0.048000 0.034000
11 0.734000 0.983000 0.068000 0.030000
11 0.649500 0.939500 0.051000 0.047000
2 0.225500 0.067000 0.151000 0.134000
2 0.043500 0.337500 0.087000 0.147000
2 0.031000 0.836000 0.062000 0.232000
2 0.479000 0.974000 0.170000 0.052000
2 0.623000 0.519000 0.142000 0.162000
11 0.685000 0.183500 0.058000 0.039000
11 0.066500 0.629000 0.041000 0.026000
2 0.869500 0.830500 0.187000 0.197000
