2 0.715830 0.155650 0.159660 0.159300
2 0.265000 0.772000 0.530000 0.456000
11 0.788000 0.147000 0.032000 0.038000
11 0.719000 0.027000 0.034000 0.042000
11 0.689000 0.823000 0.038000 0.038000
11 0.807000 0.189000 0.034000 0.038000
11 0.766000 0.113000 0.032000 0.042000
2 0.868000 0.080000 0.116000 0.116000
2 0.171000 0.035000 0.158000 0.070000
11 0.125000 0.062000 0.050000 0.032000
2 0.238000 0.282000 0.104000 0.120000
2 0.938000 0.207000 0.112000 0.110000
2 0.430000 0.055000 0.092000 0.106000
2 0.120000 0.245000 0.148000 0.130000
2 0.652000 0.440000 0.084000 0.112000
2 0.121960 0.514730 0.243920 0.233460
2 0.437720 0.360530 0.083440 0.105060
2 0.644250 0.437040 0.088500 0.098080
2 0.916410 0.143250 0.132820 0.106500
2 0.493240 0.084870 0.110480 0.101740
2 0.552350 0.145580 0.100700 0.095160
2 0.720260 0.470200 0.100520 0.108400
2 0.335900 0.044620 0.143800 0.089240
2 0.538630 0.418610 0.145260 0.097220
2 0.611670 0.175470 0.095340 0.098940
2 0.636630 0.041260 0.101260 0.082520
2 0.043560 0.162600 0.083120 0.093200
2 0.368290 0.326890 0.108580 0.105780
11 0.741300 0.065010 0.038600 0.046020
