11 0.870000 0.321000 0.036000 0.038000
2 0.844460 0.246150 0.136920 0.132300
11 0.902000 0.282000 0.036000 0.040000
11 0.724000 0.611000 0.040000 0.046000
7 0.788000 0.465000 0.040000 0.062000
2 0.790620 0.326310 0.149240 0.144620
11 0.846000 0.356000 0.028000 0.032000
11 0.927000 0.813000 0.042000 0.038000
2 0.800000 0.869000 0.360000 0.258000
11 0.976000 0.827000 0.044000 0.046000
2 0.223000 0.103000 0.254000 0.206000
11 0.864000 0.754000 0.036000 0.036000
2 0.865000 0.643000 0.130000 0.102000
2 0.023000 0.411000 0.046000 0.114000
2 0.577000 0.063000 0.198000 0.126000
2 0.964000 0.055000 0.068000 0.098000
11 0.897000 0.781000 0.046000 0.046000
2 0.886000 0.177000 0.116000 0.110000
3 0.016000 0.027000 0.032000 0.054000
11 0.781000 0.691000 0.038000 0.034000
2 0.954000 0.438000 0.088000 0.160000
3 0.858000 0.510000 0.068000 0.060000
2 0.941000 0.128000 0.106000 0.128000
2 0.203000 0.491000 0.094000 0.070000
2 0.162000 0.585000 0.124000 0.114000
2 0.567000 0.341000 0.242000 0.250000
2 0.423690 0.379230 0.235380 0.238460
2 0.308460 0.690770 0.196920 0.201540
2 0.154150 0.723690 0.132300 0.135380
2 0.053850 0.669380 0.107700 0.130760
