2 0.336000 0.418000 0.224000 0.152000
2 0.242000 0.286000 0.116000 0.096000
2 0.329000 0.141000 0.114000 0.110000
2 0.045000 0.214000 0.082000 0.088000
2 0.045000 0.302000 0.090000 0.092000
2 0.030000 0.936000 0.060000 0.124000
2 0.417000 0.806000 0.430000 0.384000
2 0.068000 0.774000 0.132000 0.172000
2 0.046000 0.123000 0.092000 0.082000
2 0.736000 0.179000 0.324000 0.358000
2 0.945000 0.275000 0.106000 0.410000
11 0.160000 0.751000 0.036000 0.050000
2 0.130000 0.959000 0.144000 0.078000
2 0.027000 0.039000 0.054000 0.078000
11 0.056000 0.531000 0.028000 0.046000
11 0.234000 0.816000 0.036000 0.044000
3 0.126000 0.701000 0.072000 0.042000
11 0.067000 0.477000 0.030000 0.054000
2 0.319000 0.027000 0.090000 0.054000
2 0.469000 0.063000 0.218000 0.118000
3 0.037000 0.631000 0.066000 0.090000
11 0.175000 0.797000 0.026000 0.050000
2 0.816000 0.805000 0.364000 0.306000
2 0.019000 0.473000 0.038000 0.134000
11 0.109000 0.339000 0.026000 0.038000
2 0.114000 0.035000 0.132000 0.070000
11 0.099000 0.375000 0.026000 0.038000
2 0.266000 0.214000 0.104000 0.100000
2 0.312670 0.525330 0.113340 0.102660
