2 0.112000 0.708000 0.224000 0.232000
2 0.187000 0.473000 0.158000 0.146000
2 0.057000 0.119000 0.114000 0.162000
2 0.872770 0.500000 0.173540 0.572000
2 0.321000 0.034000 0.126000 0.068000
11 0.914000 0.909000 0.024000 0.042000
11 0.964000 0.573000 0.024000 0.046000
11 0.284000 0.871000 0.024000 0.050000
3 0.961000 0.809000 0.074000 0.054000
11 0.389000 0.146000 0.026000 0.036000
11 0.955000 0.621000 0.030000 0.050000
11 0.918000 0.865000 0.024000 0.046000
2 0.241000 0.170000 0.138000 0.116000
11 0.290000 0.818000 0.020000 0.036000
11 0.987000 0.412000 0.022000 0.040000
11 0.966000 0.519000 0.028000 0.054000
11 0.978000 0.468000 0.024000 0.040000
2 0.925000 0.118000 0.110000 0.236000
11 0.378000 0.251000 0.020000 0.030000
2 0.250310 0.346460 0.184620 0.156920
14 0.531540 0.514620 0.163080 0.969240
