2 0.426000 0.678000 0.132000 0.144000
2 0.133000 0.330000 0.154000 0.156000
2 0.132000 0.154000 0.152000 0.136000
2 0.642000 0.839000 0.140000 0.134000
2 0.321000 0.567000 0.166000 0.162000
2 0.812000 0.927000 0.172000 0.142000
11 0.869000 0.825000 0.046000 0.050000
11 0.791000 0.753000 0.046000 0.046000
11 0.577000 0.559000 0.038000 0.038000
11 0.168000 0.249000 0.048000 0.034000
11 0.927000 0.874000 0.042000 0.044000
11 0.615000 0.601000 0.038000 0.046000
2 0.050000 0.785000 0.100000 0.130000
2 0.166000 0.961000 0.088000 0.074000
2 0.294000 0.984000 0.112000 0.028000
2 0.014000 0.147000 0.028000 0.166000
