2 0.881000 0.093000 0.234000 0.186000
2 0.614000 0.122000 0.328000 0.244000
2 0.590000 0.384000 0.320000 0.320000
2 0.945000 0.404000 0.106000 0.216000
2 0.120000 0.915000 0.240000 0.166000
11 0.673000 0.712000 0.050000 0.036000
11 0.623000 0.718000 0.046000 0.032000
11 0.899000 0.694000 0.042000 0.028000
11 0.337000 0.763000 0.046000 0.030000
11 0.783000 0.704000 0.042000 0.032000
3 0.253000 0.636000 0.094000 0.052000
11 0.433000 0.766000 0.054000 0.032000
11 0.725000 0.706000 0.046000 0.032000
11 0.401000 0.082000 0.030000 0.036000
11 0.839000 0.702000 0.050000 0.028000
2 0.041000 0.154000 0.082000 0.204000
3 0.313000 0.907000 0.090000 0.046000
11 0.343000 0.969000 0.026000 0.050000
11 0.657000 0.754000 0.046000 0.028000
2 0.058240 0.318710 0.116480 0.169420
