2 0.564000 0.050000 0.120000 0.100000
2 0.403000 0.793000 0.118000 0.098000
2 0.334000 0.035000 0.104000 0.070000
2 0.744000 0.749000 0.112000 0.138000
2 0.344000 0.120000 0.120000 0.100000
2 0.115000 0.584000 0.174000 0.144000
2 0.677000 0.133000 0.078000 0.074000
11 0.397000 0.459000 0.050000 0.034000
11 0.899000 0.399000 0.042000 0.026000
2 0.086000 0.169000 0.116000 0.122000
11 0.213000 0.367000 0.022000 0.046000
3 0.835000 0.496500 0.078000 0.029000
11 0.897000 0.467000 0.054000 0.030000
2 0.312000 0.659000 0.084000 0.226000
11 0.796500 0.387000 0.025000 0.022000
2 0.557000 0.342000 0.126000 0.140000
2 0.443000 0.589000 0.074000 0.078000
11 0.321000 0.446000 0.030000 0.024000
3 0.978000 0.094000 0.040000 0.048000
2 0.863000 0.020000 0.154000 0.040000
3 0.837000 0.603000 0.082000 0.042000
11 0.987000 0.234000 0.022000 0.052000
11 0.816000 0.132000 0.024000 0.036000
11 0.989000 0.345000 0.018000 0.058000
3 0.181000 0.416000 0.074000 0.056000
11 0.987000 0.176000 0.022000 0.052000
11 0.794000 0.358000 0.032000 0.024000
2 0.297000 0.317000 0.090000 0.114000
11 0.847000 0.700000 0.018000 0.032000
2 0.554000 0.888000 0.188000 0.156000
3 0.945000 0.190000 0.042000 0.064000
2 0.215000 0.689000 0.114000 0.122000
2 0.927000 0.894000 0.142000 0.208000
11 0.846000 0.137000 0.020000 0.038000
11 0.789000 0.134000 0.022000 0.032000
3 0.970000 0.509000 0.060000 0.054000
11 0.987000 0.408000 0.022000 0.040000
11 0.656000 0.987000 0.036000 0.022000
3 0.739500 0.531000 0.055000 0.058000
11 0.987500 0.352500 0.023000 0.065000
2 0.387000 0.123000 0.090000 0.094000
11 0.923000 0.584000 0.122000 0.044000
11 0.904970 0.424600 0.041940 0.021200
2 0.670000 0.341000 0.088000 0.134000
2 0.361000 0.377500 0.166000 0.111000
11 0.217000 0.321000 0.018000 0.042000
11 0.795500 0.335000 0.031000 0.022000
11 0.687500 0.988000 0.039000 0.020000
11 0.803500 0.261500 0.027000 0.027000
11 0.510000 0.416000 0.020000 0.044000
2 0.018000 0.767000 0.036000 0.222000
