2 0.811000 0.168000 0.142000 0.136000
2 0.399000 0.580000 0.166000 0.124000
2 0.817000 0.670000 0.162000 0.168000
2 0.314000 0.224000 0.116000 0.116000
2 0.241000 0.678000 0.150000 0.144000
7 0.830000 0.839000 0.052000 0.050000
2 0.467000 0.112000 0.102000 0.108000
2 0.645000 0.287000 0.154000 0.146000
2 0.091000 0.777000 0.150000 0.166000
2 0.469000 0.927000 0.162000 0.142000
2 0.184000 0.952000 0.168000 0.092000
11 0.296000 0.411000 0.040000 0.042000
11 0.118000 0.526000 0.044000 0.036000
11 0.541000 0.176000 0.038000 0.036000
11 0.407000 0.303000 0.034000 0.034000
11 0.258000 0.441000 0.036000 0.038000
11 0.624000 0.098000 0.036000 0.040000
11 0.654000 0.072000 0.032000 0.036000
11 0.814000 0.066000 0.036000 0.040000
11 0.182000 0.486000 0.040000 0.036000
2 0.598000 0.925000 0.116000 0.102000
11 0.332000 0.159000 0.036000 0.038000
11 0.957000 0.719000 0.046000 0.050000
2 0.973000 0.929000 0.050000 0.130000
2 0.938000 0.025000 0.120000 0.050000
2 0.043000 0.191000 0.086000 0.110000
11 0.559000 0.982000 0.038000 0.032000
2 0.565000 0.749000 0.182000 0.150000
2 0.982000 0.271000 0.032000 0.126000
2 0.181000 0.222000 0.118000 0.128000
2 0.039000 0.985000 0.078000 0.026000
11 0.008000 0.587000 0.016000 0.038000
11 0.258000 0.256000 0.036000 0.036000
2 0.980000 0.518000 0.036000 0.136000
2 0.608000 0.019000 0.224000 0.038000
