2 0.250000 0.897000 0.124000 0.122000
2 0.735000 0.719000 0.110000 0.106000
2 0.477000 0.486000 0.110000 0.116000
2 0.811000 0.308000 0.126000 0.128000
2 0.900000 0.605000 0.172000 0.166000
2 0.353000 0.050000 0.162000 0.100000
2 0.749000 0.809000 0.102000 0.082000
2 0.521000 0.371000 0.122000 0.142000
2 0.413000 0.950000 0.158000 0.096000
2 0.594000 0.690000 0.124000 0.148000
2 0.699000 0.083000 0.102000 0.118000
3 0.286000 0.431000 0.056000 0.054000
3 0.238000 0.733000 0.060000 0.078000
2 0.754000 0.551000 0.112000 0.118000
11 0.615000 0.901000 0.046000 0.038000
2 0.922000 0.941000 0.152000 0.114000
2 0.941000 0.251000 0.114000 0.118000
3 0.164000 0.749000 0.072000 0.054000
11 0.728000 0.960000 0.052000 0.040000
2 0.585000 0.171000 0.142000 0.150000
2 0.376000 0.474000 0.116000 0.172000
11 0.946000 0.382000 0.032000 0.044000
2 0.218000 0.244000 0.136000 0.144000
11 0.793000 0.459000 0.034000 0.046000
11 0.487000 0.830000 0.050000 0.032000
2 0.987000 0.420000 0.022000 0.120000
2 0.673000 0.007000 0.126000 0.014000
