2 0.067000 0.057000 0.134000 0.114000
3 0.943000 0.311000 0.110000 0.058000
11 0.939000 0.121000 0.046000 0.058000
11 0.847000 0.691000 0.046000 0.042000
11 0.452000 0.023000 0.048000 0.034000
11 0.758000 0.730000 0.048000 0.036000
11 0.292000 0.078000 0.048000 0.036000
3 0.877000 0.469000 0.098000 0.178000
11 0.369000 0.858000 0.042000 0.032000
3 0.961000 0.682000 0.074000 0.144000
11 0.201000 0.862000 0.046000 0.032000
7 0.181000 0.154000 0.050000 0.048000
11 0.017000 0.272000 0.034000 0.036000
2 0.610000 0.234000 0.512000 0.452000
11 0.888000 0.671000 0.048000 0.038000
11 0.130000 0.185000 0.052000 0.042000
3 0.208000 0.108000 0.060000 0.080000
2 0.215380 0.493000 0.430760 0.466000
2 0.948000 0.849000 0.100000 0.134000
