2 0.813000 0.131000 0.370000 0.262000
2 0.079000 0.759000 0.146000 0.138000
2 0.594000 0.968000 0.132000 0.060000
2 0.336000 0.931000 0.192000 0.134000
11 0.643000 0.365000 0.054000 0.046000
11 0.837000 0.745000 0.046000 0.038000
11 0.552000 0.280000 0.032000 0.048000
11 0.286000 0.793000 0.040000 0.034000
11 0.538000 0.173000 0.032000 0.046000
11 0.258000 0.733000 0.036000 0.042000
11 0.224000 0.710000 0.028000 0.052000
11 0.548000 0.227000 0.032000 0.050000
11 0.839000 0.025000 0.022000 0.050000
3 0.055000 0.291000 0.046000 0.070000
2 0.962000 0.665000 0.072000 0.278000
11 0.321000 0.791000 0.030000 0.038000
2 0.046000 0.532000 0.092000 0.140000
