2 0.573000 0.378000 0.126000 0.112000
2 0.783000 0.416000 0.106000 0.112000
2 0.219000 0.224000 0.122000 0.164000
2 0.120000 0.855000 0.128000 0.138000
2 0.418000 0.505000 0.092000 0.118000
2 0.807000 0.224000 0.134000 0.124000
2 0.336000 0.159000 0.128000 0.170000
2 0.034000 0.739000 0.068000 0.194000
2 0.061000 0.301000 0.122000 0.202000
2 0.260000 0.467000 0.084000 0.210000
2 0.080000 0.533000 0.096000 0.146000
2 0.429000 0.408000 0.078000 0.076000
2 0.348000 0.978000 0.116000 0.040000
2 0.448000 0.255000 0.088000 0.090000
11 0.042000 0.029000 0.028000 0.042000
2 0.730000 0.027000 0.084000 0.054000
2 0.633000 0.966000 0.066000 0.064000
2 0.758000 0.525000 0.120000 0.058000
2 0.629240 0.110000 0.114480 0.108000
2 0.987000 0.610000 0.022000 0.112000
11 0.352000 0.009000 0.044000 0.018000
2 0.028000 0.906000 0.056000 0.092000
2 0.515000 0.987000 0.098000 0.022000
2 0.985000 0.821000 0.026000 0.090000
12 0.197170 0.392600 0.046340 0.089200
12 0.186340 0.554970 0.048680 0.037940
2 0.459310 0.168070 0.094620 0.104140
2 0.289320 0.600500 0.122640 0.105000
2 0.647580 0.578240 0.083160 0.088480
2 0.792190 0.613500 0.168380 0.111000
2 0.810920 0.709880 0.097840 0.095760
2 0.617290 0.740710 0.074580 0.073420
2 0.721310 0.108480 0.074620 0.092960
