2 0.756000 0.830000 0.264000 0.172000
2 0.314000 0.582000 0.152000 0.140000
2 0.448000 0.546000 0.120000 0.120000
2 0.076000 0.197000 0.152000 0.142000
2 0.261000 0.876000 0.118000 0.096000
2 0.668000 0.537000 0.320000 0.266000
2 0.107000 0.856000 0.086000 0.112000
2 0.468000 0.079000 0.156000 0.158000
11 0.816000 0.052000 0.044000 0.036000
11 0.617000 0.123000 0.050000 0.038000
11 0.740000 0.225000 0.048000 0.038000
11 0.769000 0.070000 0.050000 0.032000
11 0.410000 0.320000 0.044000 0.032000
2 0.251000 0.099000 0.134000 0.134000
2 0.270000 0.975000 0.120000 0.046000
7 0.566000 0.147000 0.060000 0.034000
2 0.567000 0.969000 0.234000 0.058000
2 0.622000 0.041000 0.144000 0.082000
2 0.931000 0.435000 0.134000 0.322000
2 0.904000 0.985000 0.136000 0.026000
11 0.384000 0.082000 0.020000 0.028000
2 0.797000 0.027000 0.218000 0.054000
