11 0.382000 0.497000 0.052000 0.042000
11 0.458000 0.533000 0.056000 0.042000
11 0.717000 0.631000 0.046000 0.034000
11 0.747000 0.777000 0.050000 0.038000
11 0.770000 0.902000 0.052000 0.036000
7 0.780000 0.657000 0.060000 0.046000
11 0.877000 0.684000 0.050000 0.036000
11 0.198000 0.447000 0.048000 0.034000
2 0.241000 0.268000 0.138000 0.160000
11 0.552000 0.564000 0.052000 0.036000
2 0.247000 0.827000 0.490000 0.342000
11 0.017000 0.370000 0.034000 0.040000
11 0.162000 0.396000 0.052000 0.044000
2 0.403500 0.317020 0.255000 0.198040
