2 0.302000 0.653000 0.136000 0.174000
2 0.511500 0.687000 0.079000 0.058000
2 0.917000 0.740000 0.130000 0.136000
2 0.171500 0.327000 0.131000 0.118000
11 0.091000 0.253000 0.042000 0.042000
11 0.557000 0.653000 0.046000 0.058000
2 0.449000 0.438000 0.226000 0.224000
2 0.781000 0.725500 0.114000 0.127000
2 0.676000 0.756000 0.092000 0.116000
2 0.587000 0.799000 0.130000 0.122000
2 0.920500 0.558000 0.129000 0.148000
2 0.632500 0.204500 0.141000 0.133000
2 0.479500 0.170500 0.171000 0.181000
2 0.048000 0.785500 0.096000 0.179000
2 0.791000 0.078000 0.122000 0.116000
2 0.635500 0.061500 0.147000 0.123000
2 0.949000 0.111000 0.102000 0.138000
2 0.086000 0.047000 0.100000 0.094000
