2 0.242000 0.502150 0.112000 0.108300
11 0.321790 0.667130 0.039580 0.022260
2 0.132910 0.761960 0.109820 0.111920
2 0.378000 0.837000 0.216000 0.258000
2 0.759000 0.390000 0.222000 0.320000
2 0.152000 0.057000 0.304000 0.114000
2 0.446000 0.410000 0.172000 0.308000
2 0.137000 0.480000 0.126000 0.120000
2 0.693000 0.768000 0.130000 0.120000
2 0.733000 0.615000 0.142000 0.130000
2 0.441000 0.039000 0.190000 0.078000
2 0.964000 0.204000 0.068000 0.112000
2 0.046000 0.776000 0.092000 0.148000
11 0.384000 0.608000 0.048000 0.024000
11 0.138000 0.654000 0.052000 0.032000
11 0.037000 0.590000 0.042000 0.024000
2 0.711000 0.034000 0.130000 0.068000
11 0.175000 0.193000 0.022000 0.046000
2 0.905000 0.041000 0.106000 0.082000
11 0.145000 0.592000 0.054000 0.028000
11 0.314000 0.434000 0.028000 0.020000
11 0.107000 0.182000 0.022000 0.048000
11 0.207000 0.600000 0.042000 0.028000
3 0.580000 0.012000 0.080000 0.024000
11 0.043000 0.179000 0.018000 0.042000
11 0.315000 0.406000 0.034000 0.024000
11 0.267000 0.664000 0.046000 0.024000
11 0.062000 0.179000 0.016000 0.046000
2 0.621000 0.989000 0.126000 0.018000
11 0.198000 0.193000 0.020000 0.046000
2 0.009000 0.474000 0.018000 0.088000
12 0.893000 0.652000 0.054000 0.076000
2 0.050000 0.315000 0.100000 0.110000
