2 0.329000 0.300000 0.154000 0.124000
2 0.618000 0.426000 0.088000 0.128000
2 0.341000 0.593000 0.118000 0.098000
2 0.544000 0.124000 0.140000 0.108000
2 0.721000 0.336000 0.110000 0.104000
2 0.183000 0.499000 0.114000 0.094000
2 0.535000 0.457000 0.094000 0.130000
2 0.177000 0.411000 0.126000 0.098000
2 0.753000 0.487000 0.130000 0.106000
2 0.219000 0.215000 0.126000 0.118000
7 0.754000 0.594000 0.056000 0.040000
3 0.070000 0.666000 0.088000 0.048000
3 0.170000 0.761000 0.044000 0.070000
3 0.020000 0.810000 0.040000 0.084000
3 0.088000 0.895000 0.096000 0.050000
11 0.548000 0.647000 0.052000 0.030000
11 0.624000 0.622000 0.044000 0.032000
11 0.018000 0.592000 0.020000 0.056000
2 0.155000 0.014000 0.138000 0.028000
2 0.945000 0.439000 0.106000 0.138000
2 0.985000 0.065000 0.026000 0.114000
11 0.153000 0.352000 0.022000 0.040000
11 0.008000 0.453000 0.016000 0.038000
5 0.431330 0.890000 0.386660 0.220000
5 0.799330 0.850670 0.362660 0.297340
2 0.232670 0.060670 0.213340 0.121340
2 0.443330 0.559330 0.106660 0.102660
