2 0.444000 0.115000 0.396000 0.230000
2 0.834000 0.141000 0.328000 0.282000
2 0.879000 0.696000 0.102000 0.124000
11 0.733000 0.440000 0.042000 0.036000
11 0.566000 0.463000 0.040000 0.034000
7 0.425000 0.340000 0.062000 0.040000
11 0.781000 0.457000 0.046000 0.038000
11 0.777000 0.541000 0.046000 0.038000
11 0.684000 0.424000 0.048000 0.040000
11 0.450000 0.212000 0.044000 0.036000
11 0.406000 0.416000 0.044000 0.032000
11 0.305000 0.309000 0.050000 0.042000
3 0.111000 0.289000 0.050000 0.070000
11 0.705000 0.733000 0.034000 0.050000
11 0.281000 0.153000 0.050000 0.038000
11 0.833000 0.479000 0.046000 0.034000
11 0.252000 0.290000 0.056000 0.044000
3 0.971000 0.689000 0.054000 0.074000
2 0.049000 0.136000 0.094000 0.072000
11 0.316000 0.227000 0.048000 0.038000
11 0.647000 0.492000 0.046000 0.032000
7 0.953000 0.588000 0.066000 0.056000
11 0.691000 0.508000 0.042000 0.036000
2 0.702000 0.901000 0.268000 0.194000
11 0.731000 0.527000 0.038000 0.038000
11 0.541000 0.720000 0.038000 0.032000
7 0.705000 0.346000 0.062000 0.052000
11 0.012000 0.195000 0.024000 0.042000
11 0.359000 0.324000 0.058000 0.044000
11 0.460000 0.432000 0.056000 0.036000
