2 0.411000 0.268000 0.110000 0.124000
2 0.486000 0.070000 0.128000 0.140000
2 0.111000 0.913000 0.182000 0.170000
2 0.048000 0.183000 0.096000 0.106000
2 0.511000 0.904000 0.126000 0.160000
2 0.351000 0.365000 0.130000 0.094000
2 0.823000 0.761000 0.094000 0.114000
2 0.050000 0.385000 0.100000 0.106000
2 0.950000 0.740000 0.096000 0.184000
2 0.438000 0.644000 0.140000 0.152000
2 0.788000 0.428000 0.180000 0.288000
2 0.687000 0.749000 0.098000 0.110000
11 0.708000 0.632000 0.056000 0.032000
2 0.634000 0.572000 0.148000 0.160000
2 0.219000 0.528000 0.082000 0.100000
11 0.374000 0.020000 0.028000 0.040000
2 0.180000 0.717000 0.088000 0.138000
11 0.288000 0.322000 0.024000 0.036000
2 0.479000 0.767000 0.150000 0.130000
2 0.783000 0.087000 0.162000 0.174000
11 0.959000 0.376000 0.042000 0.036000
2 0.075000 0.466000 0.050000 0.056000
11 0.112000 0.733000 0.032000 0.058000
2 0.284000 0.733000 0.152000 0.318000
11 0.006000 0.748000 0.012000 0.028000
2 0.945000 0.976000 0.106000 0.044000
2 0.136000 0.032000 0.144000 0.064000
