2 0.915000 0.151000 0.166000 0.302000
2 0.331000 0.280000 0.662000 0.156000
11 0.220000 0.427000 0.024000 0.046000
11 0.282000 0.911000 0.028000 0.046000
7 0.491000 0.405000 0.026000 0.054000
11 0.222000 0.899000 0.028000 0.042000
2 0.919000 0.837810 0.162000 0.223620
7 0.424000 0.415000 0.024000 0.054000
11 0.584000 0.396000 0.032000 0.048000
2 0.620000 0.954000 0.240000 0.088000
11 0.144000 0.883000 0.028000 0.046000
11 0.452000 0.408940 0.020000 0.045880
2 0.218000 0.760000 0.436000 0.172000
