2 0.911000 0.383000 0.174000 0.334000
2 0.894000 0.119000 0.208000 0.238000
3 0.827000 0.730000 0.138000 0.084000
2 0.488000 0.602000 0.400000 0.452000
11 0.591000 0.791000 0.038000 0.038000
2 0.945000 0.717000 0.106000 0.342000
11 0.814000 0.653000 0.028000 0.042000
11 0.190000 0.557000 0.040000 0.050000
2 0.530000 0.298000 0.204000 0.176000
3 0.770000 0.594000 0.068000 0.040000
11 0.227000 0.599000 0.038000 0.042000
2 0.148000 0.700000 0.264000 0.356000
7 0.448000 0.962000 0.056000 0.056000
2 0.494000 0.039000 0.184000 0.078000
2 0.643000 0.904000 0.214000 0.188000
2 0.093000 0.087000 0.186000 0.170000
2 0.133000 0.947000 0.198000 0.102000
2 0.300560 0.110430 0.261120 0.148860
2 0.298000 0.012000 0.212000 0.024000
11 0.109000 0.386000 0.038000 0.044000
11 0.650000 0.007000 0.024000 0.014000
2 0.941000 0.992000 0.114000 0.012000
2 0.117120 0.278270 0.218240 0.224540
11 0.006000 0.323000 0.012000 0.046000
2 0.513130 0.139690 0.194260 0.151380
2 0.227330 0.412920 0.210660 0.201840
2 0.329550 0.889860 0.203100 0.215720
