2 0.165000 0.751000 0.146000 0.126000
2 0.103000 0.899000 0.182000 0.198000
7 0.595000 0.631000 0.042000 0.062000
2 0.366000 0.850000 0.276000 0.296000
7 0.617000 0.238000 0.030000 0.064000
7 0.384000 0.253000 0.028000 0.058000
11 0.278000 0.556000 0.052000 0.024000
2 0.092000 0.612000 0.184000 0.124000
11 0.723000 0.353000 0.042000 0.046000
11 0.721000 0.237000 0.046000 0.030000
11 0.023000 0.823000 0.046000 0.030000
11 0.728000 0.314000 0.052000 0.028000
11 0.374000 0.364000 0.028000 0.068000
11 0.696000 0.143000 0.024000 0.042000
11 0.531000 0.643000 0.026000 0.046000
11 0.507000 0.645000 0.022000 0.042000
11 0.646000 0.144000 0.028000 0.044000
7 0.358000 0.257000 0.028000 0.054000
11 0.196000 0.199000 0.020000 0.038000
11 0.432000 0.638000 0.020000 0.036000
11 0.287000 0.596000 0.058000 0.028000
7 0.434000 0.251000 0.028000 0.058000
7 0.540000 0.244000 0.028000 0.056000
11 0.243000 0.193000 0.026000 0.046000
11 0.203000 0.264000 0.022000 0.052000
11 0.550000 0.379000 0.028000 0.050000
11 0.123000 0.205000 0.022000 0.050000
11 0.515000 0.161000 0.022000 0.050000
11 0.353000 0.535000 0.022000 0.046000
11 0.600000 0.379000 0.028000 0.058000
6 0.541000 0.955000 0.090000 0.086000
11 0.627000 0.385000 0.022000 0.046000
7 0.487000 0.248000 0.026000 0.052000
11 0.277000 0.262000 0.030000 0.052000
7 0.303000 0.258000 0.026000 0.056000
7 0.513000 0.246000 0.026000 0.056000
11 0.488000 0.161000 0.024000 0.050000
11 0.021000 0.215000 0.026000 0.046000
7 0.401000 0.542000 0.074000 0.032000
7 0.462000 0.246000 0.028000 0.056000
11 0.287000 0.189000 0.026000 0.050000
11 0.100000 0.205000 0.028000 0.050000
2 0.327000 0.459000 0.642000 0.118000
