2 0.258000 0.563000 0.156000 0.170000
7 0.399000 0.525000 0.050000 0.042000
2 0.050000 0.282000 0.100000 0.108000
11 0.545000 0.584000 0.038000 0.032000
2 0.719000 0.563000 0.098000 0.102000
11 0.302380 0.976130 0.048760 0.036260
11 0.319000 0.932000 0.046000 0.040000
7 0.850000 0.710000 0.056000 0.040000
2 0.823000 0.589000 0.138000 0.134000
11 0.457000 0.548000 0.038000 0.032000
11 0.351000 0.505000 0.038000 0.034000
2 0.217000 0.350000 0.150000 0.128000
11 0.121000 0.411000 0.042000 0.026000
11 0.102000 0.855000 0.040000 0.038000
2 0.065000 0.971000 0.114000 0.054000
2 0.969000 0.661000 0.058000 0.138000
2 0.352000 0.414000 0.100000 0.092000
11 0.978000 0.765000 0.040000 0.034000
11 0.939000 0.746000 0.038000 0.032000
2 0.101000 0.525000 0.202000 0.162000
11 0.017000 0.366000 0.034000 0.040000
2 0.491120 0.470370 0.138240 0.116740
11 0.802000 0.688000 0.040000 0.028000
11 0.898000 0.012000 0.028000 0.024000
11 0.351130 0.957000 0.046260 0.030000
7 0.378250 0.969380 0.052500 0.038760
11 0.412250 0.983000 0.052500 0.030000
2 0.645630 0.517750 0.091260 0.127500
2 0.127750 0.309250 0.107500 0.102500
