2 0.145000 0.216000 0.290000 0.268000
2 0.666000 0.353000 0.168000 0.278000
2 0.375660 0.679710 0.295320 0.195420
7 0.754000 0.053000 0.056000 0.050000
2 0.936000 0.212000 0.124000 0.320000
2 0.082000 0.665000 0.164000 0.462000
11 0.742000 0.106000 0.052000 0.040000
11 0.866000 0.273000 0.032000 0.054000
3 0.525000 0.251000 0.086000 0.038000
11 0.731000 0.149000 0.038000 0.030000
11 0.347000 0.536000 0.026000 0.048000
11 0.071000 0.061000 0.022000 0.050000
11 0.125000 0.067000 0.022000 0.050000
11 0.048000 0.059000 0.020000 0.046000
11 0.729000 0.178000 0.042000 0.028000
11 0.119000 0.340000 0.046000 0.032000
11 0.723000 0.209000 0.050000 0.030000
11 0.760000 0.013000 0.052000 0.026000
11 0.006000 0.056000 0.012000 0.044000
11 0.176660 0.349080 0.057320 0.026160
2 0.627070 0.709430 0.246140 0.182860
