2 0.234000 0.536000 0.144000 0.372000
2 0.745000 0.863000 0.506000 0.134000
3 0.075000 0.851000 0.094000 0.046000
11 0.409000 0.758000 0.042000 0.028000
3 0.081000 0.673000 0.094000 0.042000
11 0.733000 0.286000 0.042000 0.028000
11 0.731000 0.359000 0.046000 0.030000
3 0.631000 0.119000 0.070000 0.058000
3 0.100000 0.078000 0.088000 0.044000
3 0.100000 0.136000 0.084000 0.044000
3 0.606000 0.601000 0.064000 0.038000
11 0.823730 0.494500 0.047460 0.017000
11 0.822600 0.470680 0.053200 0.025360
11 0.822570 0.445430 0.053140 0.026860
11 0.821000 0.415000 0.050000 0.034000
11 0.052000 0.237000 0.024000 0.046000
11 0.646000 0.475000 0.028000 0.050000
11 0.499000 0.750000 0.046000 0.028000
11 0.388000 0.905000 0.056000 0.042000
11 0.872000 0.373000 0.040000 0.026000
11 0.777000 0.605000 0.026000 0.054000
11 0.869000 0.446000 0.038000 0.028000
11 0.650000 0.405000 0.024000 0.038000
11 0.871000 0.280000 0.022000 0.044000
11 0.043000 0.585000 0.022000 0.050000
11 0.714000 0.562000 0.052000 0.032000
11 0.028000 0.920000 0.024000 0.048000
11 0.044000 0.484000 0.024000 0.048000
11 0.046000 0.284000 0.024000 0.044000
11 0.589000 0.363000 0.022000 0.042000
11 0.670000 0.012000 0.020000 0.024000
11 0.027000 0.971000 0.022000 0.046000
11 0.601000 0.038000 0.018000 0.044000
11 0.830000 0.607000 0.024000 0.050000
11 0.654000 0.226000 0.024000 0.048000
7 0.978000 0.365000 0.040000 0.030000
11 0.871000 0.495000 0.042000 0.026000
11 0.642000 0.520000 0.020000 0.040000
2 0.345000 0.309000 0.290000 0.154000
11 0.590000 0.310000 0.024000 0.048000
11 0.592000 0.269000 0.020000 0.038000
11 0.594000 0.220000 0.024000 0.052000
11 0.585000 0.410000 0.022000 0.044000
7 0.722000 0.486000 0.056000 0.036000
11 0.871000 0.397000 0.042000 0.022000
7 0.650000 0.364000 0.024000 0.044000
11 0.976000 0.391000 0.044000 0.026000
2 0.258000 0.008000 0.156000 0.016000
11 0.652000 0.275000 0.020000 0.042000
11 0.723000 0.513000 0.042000 0.026000
11 0.044000 0.529000 0.020000 0.042000
11 0.652000 0.321000 0.020000 0.038000
7 0.582000 0.508000 0.028000 0.056000
11 0.666000 0.054000 0.020000 0.032000
11 0.856000 0.603000 0.020000 0.050000
7 0.872200 0.768550 0.064400 0.033100
11 0.590460 0.457540 0.024920 0.051080
11 0.317290 0.894160 0.058580 0.028320
11 0.835170 0.263780 0.050340 0.031560
