2 0.846000 0.784000 0.304000 0.236000
2 0.797000 0.335000 0.366000 0.222000
11 0.476000 0.843000 0.028000 0.042000
2 0.136000 0.281000 0.268000 0.282000
7 0.332000 0.872000 0.028000 0.052000
11 0.687000 0.126000 0.042000 0.028000
11 0.252000 0.715000 0.028000 0.042000
11 0.404000 0.860000 0.028000 0.048000
11 0.343000 0.524000 0.026000 0.032000
11 0.603000 0.691000 0.034000 0.050000
11 0.015000 0.754000 0.026000 0.048000
11 0.802000 0.133000 0.024000 0.038000
11 0.294000 0.531000 0.024000 0.038000
11 0.161000 0.907000 0.022000 0.038000
11 0.615000 0.756000 0.026000 0.040000
11 0.626000 0.803000 0.024000 0.042000
11 0.758000 0.141000 0.028000 0.046000
11 0.379000 0.125000 0.030000 0.050000
11 0.241000 0.531000 0.026000 0.046000
11 0.672000 0.691000 0.024000 0.042000
11 0.482000 0.096000 0.020000 0.044000
11 0.423000 0.425000 0.030000 0.046000
11 0.323000 0.964000 0.022000 0.032000
11 0.457000 0.194000 0.030000 0.044000
11 0.375000 0.969000 0.026000 0.042000
11 0.925000 0.164000 0.026000 0.048000
11 0.442000 0.502000 0.028000 0.048000
11 0.457000 0.317000 0.030000 0.050000
11 0.447000 0.675000 0.026000 0.038000
11 0.505000 0.185000 0.026000 0.046000
11 0.433000 0.106000 0.026000 0.048000
11 0.985000 0.214000 0.026000 0.052000
11 0.080000 0.663000 0.024000 0.034000
11 0.441000 0.781000 0.022000 0.046000
11 0.974000 0.420000 0.024000 0.052000
11 0.080000 0.748000 0.024000 0.028000
11 0.645000 0.917000 0.022000 0.042000
11 0.855000 0.089000 0.038000 0.022000
11 0.414000 0.205000 0.020000 0.038000
11 0.184000 0.902000 0.024000 0.036000
11 0.543000 0.367000 0.022000 0.042000
11 0.895000 0.013000 0.022000 0.026000
11 0.409000 0.114000 0.022000 0.044000
11 0.753000 0.018000 0.038000 0.032000
11 0.359000 0.037000 0.030000 0.046000
11 0.103000 0.742000 0.022000 0.032000
11 0.987000 0.515000 0.022000 0.050000
11 0.424000 0.022000 0.016000 0.032000
11 0.682000 0.069000 0.040000 0.026000
11 0.532000 0.576000 0.028000 0.032000
11 0.366000 0.789000 0.020000 0.042000
11 0.228000 0.396000 0.024000 0.044000
11 0.317000 0.796000 0.034000 0.056000
11 0.381000 0.613000 0.022000 0.042000
11 0.400000 0.685000 0.024000 0.038000
11 0.833000 0.007000 0.046000 0.014000
11 0.347000 0.695000 0.026000 0.042000
11 0.144000 0.991000 0.028000 0.014000
11 0.410000 0.332000 0.020000 0.036000
7 0.319000 0.049000 0.034000 0.050000
11 0.209000 0.897000 0.018000 0.038000
11 0.402000 0.026000 0.020000 0.040000
11 0.280000 0.884000 0.024000 0.036000
3 0.698000 0.965000 0.092000 0.042000
11 0.529000 0.185000 0.022000 0.042000
11 0.978000 0.460000 0.024000 0.028000
11 0.200000 0.399000 0.028000 0.038000
