3 0.166000 0.641000 0.220000 0.078000
3 0.286000 0.499000 0.064000 0.102000
3 0.057000 0.383000 0.102000 0.082000
7 0.140000 0.379000 0.044000 0.074000
11 0.133000 0.816000 0.022000 0.044000
11 0.238000 0.705000 0.028000 0.050000
11 0.113000 0.701000 0.026000 0.050000
7 0.037000 0.085000 0.034000 0.058000
11 0.145000 0.453000 0.022000 0.050000
11 0.066000 0.294000 0.024000 0.052000
11 0.935000 0.746000 0.046000 0.032000
2 0.621000 0.226000 0.754000 0.404000
11 0.050000 0.200000 0.028000 0.056000
7 0.031000 0.273000 0.030000 0.058000
3 0.283000 0.980000 0.122000 0.036000
11 0.187000 0.930000 0.030000 0.056000
11 0.045000 0.147000 0.022000 0.050000
11 0.027000 0.017000 0.022000 0.034000
11 0.017000 0.144000 0.022000 0.052000
11 0.877000 0.764000 0.042000 0.028000
3 0.168000 0.366000 0.084000 0.076000
2 0.896000 0.897000 0.204000 0.202000
2 0.540000 0.936000 0.240000 0.124000
2 0.648000 0.719000 0.572000 0.226000
7 0.112000 0.040000 0.032000 0.048000
