2 0.827000 0.817000 0.342000 0.162000
2 0.349000 0.715000 0.198000 0.254000
3 0.495000 0.800000 0.066000 0.076000
6 0.185000 0.259000 0.086000 0.086000
11 0.304000 0.923000 0.048000 0.042000
11 0.387000 0.549000 0.034000 0.046000
11 0.412000 0.835000 0.036000 0.034000
2 0.082000 0.379000 0.148000 0.162000
11 0.328000 0.461000 0.028000 0.030000
11 0.303000 0.419000 0.026000 0.030000
3 0.490000 0.698000 0.064000 0.064000
11 0.946000 0.296000 0.040000 0.028000
11 0.340000 0.892000 0.040000 0.036000
3 0.570000 0.818000 0.060000 0.056000
11 0.916250 0.915000 0.032500 0.050000
11 0.967000 0.915000 0.026000 0.046000
2 0.254000 0.471000 0.096000 0.114000
11 0.093000 0.049000 0.038000 0.050000
11 0.938250 0.441750 0.052500 0.027500
11 0.939000 0.417000 0.050000 0.030000
11 0.939000 0.364000 0.046000 0.028000
11 0.270000 0.372000 0.028000 0.024000
2 0.491000 0.922000 0.146000 0.144000
2 0.184000 0.918000 0.168000 0.116000
2 0.081000 0.528000 0.162000 0.164000
11 0.440000 0.008000 0.036000 0.016000
11 0.437000 0.554000 0.038000 0.036000
2 0.614000 0.192000 0.280000 0.228000
11 0.205000 0.992000 0.038000 0.012000
11 0.874000 0.992000 0.028000 0.012000
11 0.263000 0.249000 0.046000 0.042000
11 0.944000 0.994000 0.028000 0.008000
11 0.692000 0.991000 0.032000 0.014000
2 0.409000 0.958000 0.110000 0.084000
2 0.807630 0.065000 0.291260 0.130000
2 0.092630 0.744880 0.161260 0.133760
2 0.088500 0.953630 0.145000 0.091260
