2 0.701000 0.830000 0.594000 0.336000
2 0.887000 0.109000 0.222000 0.218000
6 0.169000 0.497000 0.094000 0.050000
6 0.152000 0.818000 0.124000 0.056000
3 0.758000 0.332000 0.064000 0.116000
11 0.777000 0.614000 0.046000 0.028000
2 0.436000 0.285000 0.164000 0.154000
11 0.879000 0.561000 0.046000 0.034000
11 0.080000 0.486000 0.048000 0.036000
11 0.647000 0.339000 0.046000 0.038000
11 0.941000 0.375000 0.058000 0.034000
3 0.804000 0.243000 0.084000 0.058000
11 0.937000 0.246000 0.050000 0.032000
6 0.968000 0.296000 0.060000 0.044000
2 0.497000 0.120000 0.522000 0.240000
11 0.030000 0.497000 0.052000 0.042000
2 0.050000 0.325000 0.100000 0.326000
11 0.875000 0.596000 0.046000 0.020000
2 0.135230 0.136920 0.238460 0.273840
2 0.234460 0.365540 0.276920 0.163080
2 0.582920 0.244150 0.173840 0.152300
