2 0.818000 0.929000 0.360000 0.138000
2 0.511000 0.567000 0.218000 0.150000
2 0.811000 0.582000 0.374000 0.188000
3 0.066000 0.657000 0.096000 0.046000
3 0.132000 0.726000 0.048000 0.084000
3 0.037000 0.780000 0.074000 0.060000
2 0.229000 0.475000 0.162000 0.342000
11 0.563000 0.763000 0.046000 0.026000
7 0.834000 0.730000 0.060000 0.028000
11 0.457000 0.756000 0.046000 0.032000
11 0.442000 0.702000 0.044000 0.028000
11 0.053000 0.381000 0.022000 0.046000
11 0.487000 0.704000 0.042000 0.032000
11 0.023000 0.973000 0.022000 0.042000
11 0.413000 0.754000 0.046000 0.028000
11 0.506000 0.758000 0.040000 0.028000
7 0.772000 0.726000 0.056000 0.028000
3 0.054000 0.241000 0.108000 0.094000
2 0.853000 0.165000 0.210000 0.086000
2 0.303000 0.915000 0.266000 0.166000
2 0.325000 0.160000 0.334000 0.252000
2 0.927000 0.018000 0.114000 0.036000
11 0.719000 0.719000 0.050000 0.030000
2 0.530310 0.334010 0.228620 0.148020
