2 0.560000 0.652000 0.120000 0.120000
2 0.223000 0.788000 0.118000 0.116000
2 0.327000 0.738000 0.102000 0.116000
2 0.888000 0.917000 0.220000 0.162000
2 0.581000 0.381000 0.134000 0.094000
2 0.251000 0.437000 0.130000 0.134000
11 0.309000 0.591000 0.054000 0.038000
3 0.696000 0.642000 0.080000 0.056000
11 0.404000 0.136000 0.060000 0.044000
2 0.096000 0.267000 0.136000 0.118000
11 0.151000 0.643000 0.046000 0.038000
2 0.393000 0.417000 0.106000 0.110000
11 0.461000 0.154000 0.054000 0.036000
2 0.423000 0.671000 0.138000 0.158000
11 0.787000 0.851000 0.046000 0.038000
11 0.101000 0.665000 0.054000 0.038000
11 0.833000 0.784000 0.046000 0.032000
2 0.402000 0.320670 0.144000 0.101340
11 0.371000 0.249000 0.046000 0.022000
11 0.472000 0.532000 0.048000 0.036000
11 0.610000 0.435000 0.044000 0.034000
11 0.523000 0.516000 0.046000 0.032000
11 0.353000 0.985000 0.042000 0.026000
2 0.130000 0.510000 0.068000 0.096000
11 0.089000 0.137000 0.050000 0.030000
11 0.969000 0.730000 0.042000 0.028000
11 0.744000 0.078000 0.036000 0.028000
11 0.967000 0.772000 0.046000 0.036000
11 0.008000 0.656000 0.016000 0.036000
2 0.041000 0.875000 0.082000 0.130000
11 0.599000 0.846000 0.050000 0.036000
2 0.016000 0.279000 0.032000 0.158000
2 0.008000 0.029000 0.016000 0.058000
