2 0.560000 0.576000 0.136000 0.124000
2 0.614000 0.463000 0.148000 0.118000
2 0.608000 0.266000 0.124000 0.120000
2 0.575000 0.057000 0.134000 0.102000
2 0.592000 0.161000 0.148000 0.106000
2 0.415000 0.911000 0.158000 0.174000
11 0.788000 0.926000 0.032000 0.056000
7 0.722000 0.364000 0.028000 0.056000
11 0.924000 0.070000 0.028000 0.040000
3 0.860000 0.978000 0.112000 0.040000
11 0.738000 0.247000 0.024000 0.046000
11 0.710000 0.238000 0.024000 0.040000
11 0.828000 0.414000 0.020000 0.032000
2 0.950000 0.244000 0.096000 0.472000
11 0.710000 0.278000 0.024000 0.044000
11 0.839000 0.163000 0.022000 0.042000
3 0.816000 0.188000 0.040000 0.096000
2 0.737000 0.991000 0.154000 0.014000
2 0.131000 0.839000 0.166000 0.162000
2 0.242000 0.966000 0.184000 0.064000
2 0.602880 0.369500 0.113760 0.095000
2 0.391130 0.296130 0.106260 0.116260
2 0.156630 0.689130 0.161260 0.146260
2 0.182250 0.542500 0.172500 0.145000
2 0.212880 0.406380 0.173760 0.148760
2 0.611500 0.695380 0.115000 0.138760
6 0.806130 0.817880 0.036260 0.123760
