2 0.525000 0.801000 0.214000 0.138000
2 0.965000 0.695000 0.066000 0.250000
2 0.471000 0.573000 0.138000 0.098000
2 0.145000 0.109000 0.170000 0.170000
2 0.161000 0.294000 0.166000 0.104000
2 0.480000 0.210000 0.144000 0.104000
2 0.498000 0.348000 0.164000 0.136000
2 0.455000 0.054000 0.110000 0.104000
11 0.331000 0.252000 0.022000 0.044000
11 0.271000 0.228000 0.018000 0.036000
2 0.195500 0.448500 0.143000 0.149000
2 0.474000 0.671000 0.120000 0.098000
2 0.897000 0.069500 0.130000 0.139000
2 0.223500 0.606000 0.091000 0.108000
2 0.133500 0.838000 0.183000 0.144000
2 0.193000 0.701500 0.094000 0.099000
2 0.916500 0.428000 0.149000 0.124000
11 0.276000 0.372500 0.020000 0.029000
2 0.759350 0.647420 0.198700 0.210840
11 0.262500 0.030500 0.021000 0.041000
2 0.911000 0.280000 0.174000 0.168000
11 0.258500 0.718500 0.041000 0.033000
2 0.466000 0.490500 0.104000 0.081000
