2 0.085000 0.179000 0.142000 0.122000
2 0.837000 0.329000 0.166000 0.142000
2 0.514000 0.318000 0.128000 0.124000
2 0.945000 0.656000 0.106000 0.140000
2 0.285000 0.342000 0.138000 0.164000
2 0.329000 0.534000 0.090000 0.080000
2 0.073000 0.582000 0.122000 0.100000
2 0.617000 0.677000 0.126000 0.126000
11 0.032000 0.849000 0.032000 0.050000
11 0.786000 0.819000 0.028000 0.046000
2 0.945000 0.805000 0.106000 0.158000
11 0.800000 0.865000 0.028000 0.046000
2 0.453000 0.934000 0.130000 0.120000
2 0.577000 0.449000 0.130000 0.126000
2 0.473000 0.061000 0.118000 0.086000
2 0.902000 0.546000 0.148000 0.108000
2 0.506000 0.187000 0.116000 0.102000
2 0.158000 0.465000 0.116000 0.106000
2 0.052000 0.332000 0.104000 0.204000
2 0.126000 0.837000 0.124000 0.122000
2 0.746000 0.024000 0.144000 0.048000
2 0.677000 0.870000 0.218000 0.140000
2 0.227000 0.971000 0.218000 0.054000
2 0.210600 0.069340 0.121200 0.138680
2 0.604400 0.546870 0.120800 0.113740
2 0.157320 0.661940 0.154640 0.119880
2 0.795560 0.166740 0.163120 0.165480
2 0.946000 0.938000 0.108000 0.124000
