2 0.402000 0.170000 0.140000 0.132000
2 0.054000 0.807000 0.108000 0.106000
2 0.534000 0.429000 0.104000 0.090000
2 0.773000 0.125000 0.186000 0.138000
2 0.826000 0.421000 0.124000 0.142000
11 0.456000 0.342000 0.036000 0.044000
2 0.176000 0.397000 0.320000 0.270000
2 0.696000 0.268000 0.172000 0.148000
2 0.556000 0.541000 0.136000 0.110000
2 0.818000 0.786000 0.064000 0.100000
3 0.320000 0.604000 0.068000 0.060000
2 0.955000 0.735000 0.086000 0.094000
11 0.339000 0.549000 0.030000 0.046000
2 0.582000 0.966000 0.112000 0.064000
11 0.532000 0.186000 0.036000 0.044000
11 0.176000 0.724000 0.036000 0.052000
11 0.305000 0.756000 0.046000 0.040000
11 0.369000 0.501000 0.038000 0.050000
11 0.548000 0.141000 0.032000 0.046000
3 0.152000 0.659000 0.044000 0.070000
2 0.850000 0.968000 0.112000 0.060000
11 0.847000 0.672000 0.038000 0.032000
11 0.113000 0.672000 0.034000 0.032000
11 0.770000 0.975000 0.052000 0.046000
11 0.488000 0.278000 0.032000 0.044000
11 0.057000 0.982000 0.034000 0.032000
11 0.812000 0.682000 0.032000 0.032000
2 0.929000 0.835000 0.130000 0.142000
2 0.718000 0.539000 0.116000 0.106000
2 0.630000 0.848000 0.088000 0.152000
2 0.455000 0.009000 0.134000 0.018000
2 0.328000 0.902880 0.240000 0.193760
