3 0.160000 0.671000 0.068000 0.130000
3 0.294000 0.643000 0.072000 0.130000
3 0.925000 0.191000 0.066000 0.154000
3 0.700000 0.159000 0.060000 0.102000
2 0.394000 0.399000 0.440000 0.294000
11 0.495000 0.140000 0.046000 0.036000
11 0.168000 0.067000 0.048000 0.030000
11 0.793000 0.158000 0.050000 0.032000
11 0.809000 0.194000 0.046000 0.028000
11 0.612000 0.166000 0.052000 0.028000
11 0.053000 0.041000 0.042000 0.030000
11 0.756000 0.184000 0.052000 0.036000
7 0.153000 0.034000 0.062000 0.036000
3 0.968000 0.047000 0.060000 0.070000
3 0.154000 0.182000 0.092000 0.052000
11 0.093000 0.016000 0.050000 0.032000
3 0.830000 0.599000 0.088000 0.050000
11 0.853000 0.158000 0.042000 0.028000
2 0.057000 0.303000 0.114000 0.222000
2 0.555220 0.822000 0.510440 0.352000
3 0.911000 0.501000 0.066000 0.118000
2 0.548000 0.018000 0.280000 0.036000
2 0.929000 0.776000 0.138000 0.444000
7 0.872000 0.193000 0.052000 0.030000
11 0.939000 0.006000 0.046000 0.012000
2 0.245910 0.838470 0.195820 0.184940
2 0.076930 0.886860 0.153860 0.193720
