2 0.258000 0.777000 0.232000 0.166000
2 0.125000 0.155000 0.094000 0.094000
2 0.056000 0.809000 0.112000 0.146000
2 0.068000 0.280000 0.132000 0.160000
2 0.603000 0.836000 0.098000 0.092000
2 0.118000 0.067000 0.108000 0.102000
11 0.281000 0.590000 0.042000 0.032000
7 0.131000 0.932000 0.078000 0.032000
11 0.889000 0.236000 0.046000 0.040000
11 0.301000 0.541000 0.050000 0.038000
2 0.598000 0.467000 0.080000 0.094000
11 0.193000 0.898000 0.042000 0.028000
2 0.833000 0.408000 0.074000 0.128000
11 0.921000 0.958000 0.046000 0.028000
11 0.387000 0.529000 0.050000 0.042000
11 0.669000 0.902000 0.042000 0.028000
11 0.583000 0.900000 0.046000 0.024000
11 0.103000 0.695000 0.050000 0.042000
11 0.781000 0.902000 0.046000 0.028000
2 0.107000 0.978000 0.178000 0.040000
11 0.890000 0.156000 0.040000 0.032000
11 0.625000 0.900000 0.046000 0.024000
2 0.424000 0.800000 0.104000 0.168000
11 0.017000 0.751000 0.034000 0.042000
2 0.084000 0.398000 0.132000 0.088000
2 0.332000 0.985000 0.092000 0.026000
11 0.014000 0.900000 0.028000 0.024000
11 0.023000 0.017000 0.022000 0.034000
2 0.019000 0.544000 0.038000 0.152000
2 0.966000 0.643000 0.064000 0.278000
11 0.724000 0.332000 0.040000 0.032000
11 0.863000 0.906000 0.042000 0.028000
11 0.825000 0.904000 0.034000 0.024000
2 0.969000 0.298000 0.058000 0.180000
2 0.793000 0.719000 0.302000 0.338000
11 0.054000 0.900000 0.040000 0.024000
2 0.440820 0.589210 0.077640 0.142420
2 0.515640 0.836600 0.079280 0.089200
2 0.239000 0.986000 0.082000 0.028000
2 0.095550 0.551900 0.111100 0.115800
2 0.170330 0.293690 0.080660 0.159380
11 0.345640 0.907300 0.047280 0.022600
11 0.264520 0.391390 0.041040 0.026780
2 0.756790 0.406660 0.081580 0.189320
11 0.764030 0.313340 0.040060 0.030680
11 0.636320 0.390350 0.040640 0.028700
11 0.551800 0.435410 0.035600 0.026820
11 0.593030 0.416020 0.034060 0.024040
11 0.509580 0.459830 0.027160 0.027660
2 0.681170 0.443660 0.074340 0.159320
2 0.905200 0.391680 0.070400 0.131360
