2 0.719000 0.309000 0.346000 0.246000
2 0.950000 0.372000 0.096000 0.208000
2 0.899000 0.613000 0.050000 0.050000
2 0.737000 0.082000 0.134000 0.108000
11 0.767000 0.620000 0.046000 0.028000
11 0.816000 0.936000 0.052000 0.032000
11 0.916000 0.853000 0.056000 0.034000
11 0.958000 0.751000 0.028000 0.042000
11 0.816000 0.589000 0.024000 0.042000
11 0.944000 0.635000 0.028000 0.042000
11 0.925000 0.906000 0.054000 0.028000
11 0.928080 0.932000 0.052160 0.024000
11 0.817000 0.985000 0.042000 0.026000
11 0.992000 0.655000 0.012000 0.042000
2 0.192000 0.043000 0.176000 0.086000
2 0.664000 0.830000 0.208000 0.336000
2 0.214000 0.189500 0.428000 0.211000
11 0.989920 0.651580 0.015840 0.035160
2 0.402990 0.551420 0.521980 0.214840
2 0.386610 0.065110 0.157220 0.126220
2 0.930920 0.137540 0.093840 0.123080
8 0.250140 0.830140 0.404280 0.284280
