11 0.959000 0.075000 0.042000 0.042000
11 0.268000 0.191000 0.044000 0.038000
11 0.140000 0.727000 0.044000 0.046000
6 0.352000 0.102000 0.092000 0.092000
11 0.038000 0.084000 0.040000 0.040000
11 0.402000 0.622000 0.032000 0.032000
11 0.441000 0.176000 0.042000 0.036000
11 0.347000 0.795000 0.042000 0.046000
11 0.153000 0.381000 0.038000 0.046000
11 0.313000 0.437000 0.054000 0.050000
11 0.485000 0.020000 0.046000 0.040000
11 0.071000 0.306000 0.042000 0.048000
11 0.207000 0.786000 0.046000 0.048000
11 0.024000 0.353000 0.044000 0.042000
11 0.224000 0.145000 0.044000 0.038000
11 0.213000 0.663000 0.038000 0.042000
11 0.853000 0.925000 0.050000 0.046000
11 0.102000 0.360000 0.032000 0.040000
11 0.447000 0.307000 0.030000 0.034000
11 0.006000 0.501000 0.012000 0.042000
2 0.606000 0.450000 0.196000 0.188000
2 0.165000 0.818000 0.330000 0.360000
11 0.960000 0.400000 0.040000 0.040000
2 0.834000 0.728000 0.328000 0.368000
11 0.133000 0.239000 0.050000 0.046000
2 0.816000 0.071000 0.208000 0.142000
11 0.992000 0.283000 0.012000 0.042000
11 0.994000 0.529000 0.008000 0.042000
