2 0.753000 0.601000 0.138000 0.110000
2 0.938000 0.876000 0.120000 0.124000
2 0.624000 0.809000 0.148000 0.138000
2 0.217000 0.509000 0.110000 0.174000
2 0.812000 0.826000 0.124000 0.144000
2 0.869000 0.686000 0.102000 0.108000
2 0.362000 0.748000 0.104000 0.092000
2 0.438000 0.535000 0.148000 0.158000
2 0.144000 0.694000 0.072000 0.120000
11 0.255000 0.952000 0.050000 0.036000
11 0.041000 0.893000 0.058000 0.038000
11 0.355000 0.945000 0.046000 0.042000
2 0.062000 0.751000 0.112000 0.134000
2 0.603000 0.622000 0.090000 0.096000
2 0.020000 0.386000 0.040000 0.124000
2 0.323000 0.491000 0.070000 0.090000
2 0.980000 0.740000 0.036000 0.084000
2 0.482000 0.934460 0.080000 0.076920
2 0.533230 0.600920 0.058460 0.073840
