2 0.641000 0.082000 0.134000 0.132000
2 0.549000 0.417000 0.122000 0.146000
2 0.746000 0.837000 0.180000 0.138000
2 0.853000 0.501000 0.114000 0.114000
2 0.128000 0.345000 0.148000 0.146000
2 0.139000 0.625000 0.198000 0.294000
2 0.375000 0.769000 0.118000 0.162000
2 0.961000 0.109000 0.074000 0.126000
2 0.407000 0.479000 0.102000 0.122000
2 0.445000 0.209000 0.118000 0.122000
2 0.209000 0.833000 0.090000 0.102000
3 0.895000 0.821000 0.070000 0.078000
2 0.932000 0.648000 0.116000 0.120000
2 0.317000 0.199000 0.086000 0.074000
11 0.234000 0.340000 0.032000 0.040000
11 0.301000 0.373000 0.030000 0.038000
2 0.381000 0.336000 0.082000 0.076000
11 0.596000 0.310000 0.028000 0.040000
11 0.507000 0.149000 0.038000 0.046000
7 0.490000 0.712000 0.044000 0.056000
11 0.761000 0.605000 0.034000 0.046000
11 0.830000 0.730000 0.040000 0.056000
7 0.210000 0.295000 0.036000 0.046000
11 0.709000 0.511000 0.042000 0.050000
11 0.571000 0.264000 0.042000 0.064000
11 0.735000 0.559000 0.038000 0.046000
11 0.590000 0.885000 0.032000 0.042000
11 0.528000 0.187000 0.032000 0.042000
11 0.465000 0.666000 0.030000 0.036000
11 0.540000 0.888000 0.036000 0.044000
11 0.358000 0.563000 0.032000 0.046000
11 0.427000 0.017000 0.038000 0.034000
11 0.446000 0.629000 0.032000 0.046000
11 0.282000 0.342000 0.020000 0.028000
11 0.617000 0.348000 0.034000 0.048000
11 0.913000 0.888000 0.034000 0.036000
11 0.422000 0.587000 0.028000 0.038000
7 0.183000 0.251000 0.038000 0.042000
7 0.816000 0.975000 0.044000 0.046000
11 0.530000 0.780000 0.032000 0.032000
11 0.255000 0.295000 0.030000 0.030000
11 0.321000 0.411000 0.030000 0.042000
2 0.013000 0.278000 0.026000 0.124000
2 0.929000 0.964000 0.138000 0.068000
2 0.766000 0.293000 0.116000 0.114000
11 0.552000 0.816000 0.032000 0.032000
11 0.496000 0.805000 0.032000 0.038000
11 0.784000 0.647000 0.032000 0.046000
11 0.518000 0.847000 0.036000 0.046000
11 0.992000 0.800000 0.012000 0.036000
2 0.712000 0.682000 0.140000 0.116000
2 0.971000 0.307000 0.054000 0.126000
2 0.712000 0.190000 0.120000 0.120000
11 0.400000 0.550000 0.024000 0.028000
2 0.268000 0.006000 0.124000 0.012000
11 0.232000 0.253000 0.028000 0.034000
11 0.612000 0.919000 0.032000 0.042000
