2 0.179000 0.682000 0.246000 0.216000
2 0.925000 0.691000 0.146000 0.266000
11 0.876000 0.106000 0.040000 0.040000
2 0.850000 0.317000 0.296000 0.494000
11 0.082000 0.643000 0.036000 0.038000
11 0.648000 0.448000 0.028000 0.048000
11 0.278000 0.473000 0.044000 0.042000
11 0.238000 0.508000 0.040000 0.036000
11 0.201000 0.543000 0.034000 0.034000
3 0.594000 0.235000 0.052000 0.130000
11 0.941000 0.190000 0.034000 0.036000
3 0.680000 0.117000 0.092000 0.054000
11 0.573000 0.483000 0.026000 0.042000
11 0.554000 0.573000 0.028000 0.046000
11 0.509000 0.779000 0.026000 0.034000
11 0.524000 0.711000 0.024000 0.046000
11 0.971000 0.229000 0.038000 0.042000
11 0.536000 0.658000 0.028000 0.052000
2 0.673000 0.820000 0.182000 0.356000
11 0.668000 0.038000 0.024000 0.052000
11 0.501000 0.816000 0.022000 0.040000
2 0.335000 0.964000 0.194000 0.068000
11 0.587000 0.751000 0.026000 0.042000
2 0.123000 0.334000 0.246000 0.596000
11 0.545000 0.615000 0.026000 0.038000
11 0.688000 0.266000 0.028000 0.044000
2 0.379000 0.828000 0.134000 0.212000
11 0.562000 0.529000 0.024000 0.050000
11 0.596000 0.698000 0.028000 0.044000
11 0.606000 0.653000 0.028000 0.042000
11 0.674000 0.331000 0.028000 0.054000
7 0.738000 0.021000 0.032000 0.042000
11 0.476000 0.934000 0.028000 0.048000
3 0.779000 0.020000 0.050000 0.040000
11 0.991000 0.265000 0.014000 0.042000
2 0.030000 0.959000 0.060000 0.078000
11 0.682000 0.007000 0.032000 0.014000
2 0.417000 0.530000 0.286000 0.456000
11 0.534000 0.992000 0.024000 0.012000
2 0.520440 0.076230 0.188880 0.152460
2 0.405660 0.150900 0.183320 0.189800
