11 0.698000 0.172000 0.048000 0.040000
11 0.101000 0.863000 0.054000 0.050000
2 0.631000 0.415000 0.246000 0.194000
2 0.199000 0.636000 0.114000 0.144000
11 0.436000 0.014000 0.040000 0.028000
2 0.849000 0.603000 0.134000 0.126000
11 0.482000 0.037000 0.044000 0.038000
2 0.887000 0.034000 0.130000 0.068000
2 0.017000 0.867000 0.034000 0.098000
11 0.458000 0.985000 0.028000 0.026000
11 0.149000 0.902000 0.042000 0.036000
2 0.057000 0.154000 0.114000 0.124000
11 0.227620 0.960620 0.051240 0.041240
2 0.987000 0.041000 0.022000 0.082000
2 0.743000 0.950000 0.254000 0.096000
2 0.018000 0.046000 0.036000 0.092000
2 0.369080 0.163080 0.186160 0.166160
2 0.157080 0.192460 0.106160 0.136920
7 0.650040 0.147920 0.060080 0.039840
