2 0.082000 0.726000 0.132000 0.128000
2 0.271000 0.855000 0.126000 0.130000
2 0.050000 0.524000 0.100000 0.124000
11 0.236000 0.630000 0.040000 0.032000
3 0.354000 0.680000 0.072000 0.064000
2 0.048000 0.404000 0.096000 0.108000
11 0.231670 0.603060 0.051340 0.038120
11 0.220000 0.575000 0.040000 0.022000
11 0.149000 0.349000 0.042000 0.030000
5 0.666780 0.471920 0.665560 0.743840
5 0.797000 0.879000 0.402000 0.242000
2 0.063610 0.625410 0.119220 0.122820
2 0.037880 0.299190 0.075760 0.102380
2 0.206880 0.784750 0.153760 0.117500
5 0.615630 0.080340 0.683260 0.160680
