2 0.906000 0.918000 0.184000 0.160000
11 0.495000 0.274000 0.046000 0.036000
11 0.812000 0.639000 0.032000 0.046000
11 0.432000 0.161000 0.052000 0.038000
11 0.961000 0.301000 0.046000 0.034000
11 0.267000 0.208000 0.042000 0.028000
11 0.791000 0.375000 0.046000 0.034000
11 0.185000 0.156000 0.042000 0.028000
7 0.641000 0.887000 0.070000 0.046000
11 0.944000 0.611000 0.028000 0.046000
11 0.671000 0.389000 0.046000 0.038000
11 0.673000 0.819000 0.050000 0.038000
11 0.888000 0.726000 0.028000 0.036000
11 0.627000 0.911000 0.042000 0.030000
2 0.036380 0.695250 0.072760 0.330500
2 0.603000 0.043000 0.162000 0.086000
11 0.860000 0.545000 0.036000 0.046000
2 0.220120 0.432250 0.256240 0.156500
11 0.395000 0.201000 0.042000 0.030000
2 0.980000 0.740000 0.036000 0.140000
7 0.601000 0.964000 0.074000 0.052000
2 0.969000 0.129000 0.058000 0.254000
11 0.719000 0.962000 0.034000 0.048000
11 0.994000 0.319000 0.008000 0.042000
11 0.908000 0.685000 0.032000 0.046000
11 0.657000 0.853000 0.046000 0.034000
2 0.443630 0.487750 0.251260 0.147500
2 0.666750 0.543000 0.257500 0.150000
7 0.659880 0.126130 0.083760 0.056260
