2 0.109000 0.122000 0.218000 0.236000
11 0.043000 0.240000 0.054000 0.032000
11 0.150000 0.507000 0.028000 0.050000
11 0.724000 0.918000 0.032000 0.052000
3 0.953000 0.143000 0.074000 0.058000
2 0.260000 0.601000 0.172000 0.122000
7 0.698000 0.021000 0.064000 0.038000
2 0.511000 0.112000 0.422000 0.224000
2 0.932000 0.403000 0.132000 0.406000
2 0.426000 0.809000 0.636000 0.378000
2 0.975000 0.881000 0.046000 0.226000
2 0.074000 0.495000 0.148000 0.330000
3 0.131000 0.292000 0.054000 0.080000
3 0.062000 0.975000 0.068000 0.046000
11 0.265000 0.057000 0.022000 0.042000
3 0.035000 0.904000 0.070000 0.068000
2 0.272000 0.474000 0.176000 0.144000
2 0.035000 0.763000 0.070000 0.194000
