2 0.368000 0.112000 0.112000 0.168000
2 0.826000 0.717000 0.152000 0.110000
2 0.582000 0.696000 0.112000 0.116000
2 0.941000 0.947000 0.114000 0.102000
2 0.028000 0.680000 0.056000 0.120000
2 0.359000 0.409000 0.110000 0.094000
2 0.194000 0.954000 0.120000 0.088000
2 0.345000 0.753000 0.118000 0.102000
11 0.561000 0.882000 0.042000 0.032000
2 0.810000 0.961000 0.120000 0.074000
11 0.468000 0.878000 0.044000 0.028000
2 0.351000 0.578000 0.110000 0.092000
11 0.106000 0.808000 0.048000 0.028000
2 0.693000 0.968000 0.110000 0.060000
2 0.577000 0.966000 0.102000 0.064000
2 0.272000 0.415000 0.052000 0.094000
11 0.272000 0.822000 0.052000 0.028000
11 0.527000 0.824000 0.046000 0.028000
11 0.350000 0.874000 0.044000 0.028000
11 0.599000 0.826000 0.042000 0.024000
11 0.412000 0.823000 0.044000 0.026000
7 0.740000 0.837000 0.056000 0.026000
2 0.368000 0.241000 0.128000 0.094000
2 0.152000 0.016000 0.132000 0.032000
2 0.470000 0.966000 0.104000 0.064000
11 0.181000 0.866000 0.050000 0.032000
2 0.078000 0.117000 0.156000 0.138000
11 0.319000 0.823000 0.046000 0.026000
2 0.094000 0.592000 0.068000 0.084000
2 0.976000 0.313000 0.044000 0.178000
2 0.156000 0.341000 0.056000 0.074000
2 0.664000 0.083000 0.264000 0.150000
11 0.687000 0.890000 0.042000 0.032000
2 0.982000 0.064000 0.032000 0.128000
2 0.929000 0.144000 0.094000 0.160000
11 0.013000 0.816000 0.026000 0.052000
2 0.321000 0.961000 0.134000 0.074000
7 0.101000 0.870000 0.054000 0.036000
11 0.869000 0.842000 0.038000 0.020000
2 0.942670 0.707330 0.113340 0.146660
2 0.348000 0.664670 0.100000 0.077340
2 0.370670 0.329330 0.121340 0.070660
