2 0.175000 0.790000 0.310000 0.416000
2 0.875000 0.488000 0.250000 0.380000
2 0.499000 0.538000 0.150000 0.180000
11 0.470000 0.157000 0.024000 0.042000
3 0.434000 0.234000 0.088000 0.036000
11 0.439000 0.377000 0.022000 0.042000
11 0.337000 0.563000 0.042000 0.038000
2 0.543000 0.326000 0.162000 0.176000
7 0.320000 0.018000 0.028000 0.036000
11 0.076000 0.308000 0.040000 0.024000
11 0.476000 0.102000 0.028000 0.040000
11 0.482000 0.056000 0.020000 0.044000
11 0.985000 0.746000 0.026000 0.032000
2 0.529000 0.973000 0.318000 0.050000
2 0.923000 0.140000 0.134000 0.280000
7 0.352000 0.187000 0.044000 0.030000
2 0.251000 0.387000 0.246000 0.374000
11 0.073000 0.280000 0.034000 0.024000
11 0.345930 0.526670 0.039860 0.041340
7 0.414680 0.508020 0.033360 0.080040
7 0.729640 0.643570 0.055280 0.051140
11 0.352200 0.488050 0.044400 0.036100
