2 0.292000 0.844000 0.128000 0.124000
2 0.531000 0.400000 0.130000 0.116000
2 0.596000 0.218000 0.112000 0.108000
2 0.336000 0.215000 0.132000 0.102000
2 0.804000 0.612000 0.388000 0.700000
2 0.270000 0.955000 0.120000 0.086000
11 0.235000 0.679000 0.038000 0.046000
11 0.213000 0.726000 0.038000 0.048000
11 0.168000 0.811000 0.036000 0.050000
11 0.599000 0.805000 0.034000 0.046000
2 0.460000 0.584000 0.144000 0.116000
11 0.506000 0.142000 0.032000 0.040000
11 0.865000 0.146000 0.046000 0.036000
11 0.860000 0.298000 0.028000 0.036000
11 0.329000 0.497000 0.038000 0.050000
11 0.971000 0.162000 0.054000 0.036000
7 0.374000 0.416000 0.040000 0.060000
11 0.271000 0.251000 0.030000 0.042000
7 0.407000 0.298000 0.046000 0.064000
11 0.396000 0.367000 0.036000 0.046000
11 0.116000 0.913000 0.040000 0.050000
11 0.888000 0.089000 0.048000 0.038000
11 0.463000 0.914000 0.038000 0.032000
11 0.913000 0.040000 0.042000 0.032000
7 0.021000 0.163000 0.042000 0.042000
11 0.441000 0.037000 0.046000 0.038000
2 0.704000 0.048000 0.116000 0.096000
11 0.509000 0.980000 0.034000 0.036000
11 0.186000 0.014000 0.044000 0.028000
2 0.115000 0.508000 0.230000 0.556000
7 0.453000 0.939000 0.046000 0.038000
11 0.809000 0.398000 0.030000 0.040000
11 0.439000 0.969000 0.038000 0.034000
11 0.554000 0.895000 0.036000 0.050000
11 0.527000 0.939000 0.038000 0.046000
11 0.994000 0.030000 0.008000 0.052000
11 0.221000 0.334000 0.030000 0.044000
2 0.335500 0.761380 0.135000 0.138760
7 0.032630 0.137250 0.061260 0.042500
2 0.385380 0.668250 0.138760 0.132500
7 0.338380 0.164130 0.068760 0.036260
2 0.640750 0.149250 0.117500 0.102500
2 0.477500 0.467500 0.115000 0.095000
2 0.595880 0.318380 0.123760 0.108760
