11 0.726000 0.200000 0.036000 0.044000
11 0.412000 0.872000 0.044000 0.060000
11 0.573000 0.443000 0.046000 0.038000
11 0.468000 0.580000 0.040000 0.032000
11 0.398000 0.700000 0.036000 0.040000
11 0.561000 0.481000 0.042000 0.038000
3 0.842000 0.028000 0.092000 0.056000
2 0.217000 0.745000 0.434000 0.490000
2 0.155000 0.184000 0.138000 0.124000
2 0.083000 0.316000 0.150000 0.140000
11 0.989000 0.027000 0.018000 0.038000
2 0.783000 0.640000 0.430000 0.708000
11 0.454000 0.709000 0.040000 0.042000
2 0.322150 0.156620 0.332300 0.189240
2 0.051540 0.095380 0.103080 0.130760
2 0.468360 0.083970 0.388720 0.167940
