2 0.268000 0.917000 0.236000 0.162000
2 0.819000 0.087000 0.194000 0.170000
2 0.128000 0.333000 0.160000 0.142000
2 0.109000 0.078000 0.126000 0.132000
2 0.945000 0.932000 0.106000 0.132000
2 0.721000 0.474000 0.158000 0.224000
2 0.827000 0.890000 0.138000 0.116000
7 0.112000 0.800000 0.060000 0.048000
11 0.144000 0.843000 0.036000 0.042000
2 0.470000 0.165000 0.180000 0.182000
2 0.291000 0.573000 0.166000 0.110000
11 0.115000 0.270000 0.050000 0.040000
2 0.327330 0.217330 0.150660 0.134660
11 0.339000 0.130000 0.042000 0.036000
11 0.470000 0.049000 0.044000 0.042000
11 0.242000 0.626000 0.048000 0.032000
11 0.533000 0.691000 0.042000 0.034000
2 0.954000 0.723000 0.088000 0.098000
2 0.675000 0.272000 0.094000 0.084000
3 0.638000 0.805000 0.100000 0.054000
11 0.108000 0.594000 0.052000 0.032000
11 0.629000 0.710000 0.046000 0.032000
11 0.274000 0.446000 0.036000 0.032000
11 0.580000 0.702000 0.044000 0.036000
11 0.294000 0.634000 0.044000 0.036000
11 0.628000 0.870000 0.028000 0.028000
11 0.847000 0.818000 0.038000 0.028000
11 0.309000 0.698000 0.042000 0.036000
11 0.813000 0.752000 0.046000 0.032000
11 0.261000 0.180000 0.030000 0.032000
11 0.044000 0.576000 0.052000 0.032000
11 0.733000 0.728000 0.042000 0.032000
2 0.571000 0.607000 0.134000 0.126000
2 0.666000 0.911000 0.204000 0.174000
11 0.260000 0.688000 0.044000 0.028000
11 0.391000 0.987000 0.046000 0.022000
11 0.860000 0.763000 0.048000 0.026000
11 0.479000 0.987000 0.034000 0.022000
11 0.426000 0.964000 0.040000 0.040000
2 0.955000 0.052000 0.086000 0.104000
2 0.119000 0.525000 0.110000 0.122000
11 0.226000 0.405000 0.040000 0.030000
2 0.781000 0.665000 0.110000 0.130000
11 0.018000 0.331000 0.036000 0.038000
7 0.495000 0.740000 0.054000 0.036000
2 0.493000 0.417000 0.150000 0.110000
11 0.911000 0.782000 0.046000 0.028000
2 0.968000 0.577000 0.060000 0.110000
11 0.223000 0.205000 0.046000 0.038000
2 0.620000 0.108670 0.172000 0.165340
