2 0.204000 0.605000 0.124000 0.122000
2 0.643000 0.493000 0.130000 0.150000
2 0.404000 0.056000 0.144000 0.112000
2 0.553000 0.107000 0.162000 0.146000
2 0.719000 0.068000 0.162000 0.120000
2 0.037000 0.666000 0.074000 0.120000
2 0.029000 0.155000 0.058000 0.146000
2 0.197000 0.116000 0.158000 0.216000
11 0.248000 0.784000 0.048000 0.032000
11 0.368000 0.758000 0.048000 0.028000
2 0.724000 0.293000 0.144000 0.126000
2 0.890000 0.507000 0.124000 0.170000
2 0.446000 0.561000 0.256000 0.190000
11 0.425000 0.747000 0.038000 0.022000
2 0.984000 0.092000 0.028000 0.120000
