3 0.484000 0.485000 0.132000 0.066000
11 0.429000 0.258000 0.042000 0.056000
11 0.463000 0.347000 0.034000 0.054000
11 0.394000 0.142000 0.036000 0.048000
3 0.537000 0.612000 0.138000 0.060000
11 0.532000 0.670000 0.036000 0.048000
7 0.446000 0.205000 0.052000 0.078000
11 0.183000 0.654000 0.050000 0.040000
3 0.436000 0.580000 0.060000 0.088000
11 0.344000 0.017000 0.032000 0.034000
11 0.036000 0.691000 0.056000 0.034000
2 0.254000 0.814000 0.508000 0.360000
2 0.820000 0.621000 0.356000 0.754000
7 0.591000 0.723000 0.046000 0.070000
2 0.136000 0.087000 0.268000 0.174000
11 0.336000 0.274000 0.036000 0.036000
2 0.048000 0.539000 0.096000 0.154000
2 0.221000 0.358000 0.314000 0.400000
2 0.510000 0.120000 0.220000 0.240000
