2 0.672000 0.867000 0.264000 0.262000
2 0.895000 0.289000 0.170000 0.174000
2 0.511000 0.636000 0.126000 0.124000
2 0.198000 0.888000 0.124000 0.128000
2 0.904000 0.805000 0.136000 0.166000
11 0.529000 0.809000 0.042000 0.038000
11 0.487000 0.837000 0.042000 0.038000
11 0.702000 0.728000 0.036000 0.032000
2 0.090000 0.102000 0.124000 0.124000
2 0.372000 0.719000 0.132000 0.134000
11 0.980000 0.087000 0.036000 0.034000
2 0.591000 0.135000 0.130000 0.130000
11 0.972000 0.432000 0.036000 0.032000
2 0.744000 0.450000 0.120000 0.116000
11 0.987000 0.487000 0.022000 0.050000
2 0.957000 0.976000 0.082000 0.044000
2 0.029000 0.964000 0.058000 0.068000
7 0.654000 0.693000 0.052000 0.046000
2 0.858000 0.429000 0.080000 0.078000
11 0.575000 0.756000 0.042000 0.040000
11 0.849000 0.539000 0.042000 0.042000
2 0.030000 0.658000 0.060000 0.060000
2 0.208000 0.014000 0.128000 0.028000
2 0.680000 0.039000 0.212000 0.078000
