2 0.899000 0.711000 0.198000 0.222000
2 0.101000 0.851000 0.202000 0.270000
2 0.304000 0.378000 0.220000 0.224000
11 0.627000 0.693000 0.042000 0.046000
3 0.733000 0.603000 0.058000 0.078000
11 0.240000 0.930000 0.032000 0.036000
2 0.150000 0.201000 0.300000 0.238000
2 0.809000 0.437000 0.382000 0.326000
11 0.978000 0.477000 0.040000 0.034000
3 0.582000 0.530000 0.076000 0.068000
3 0.529000 0.793000 0.050000 0.070000
2 0.552000 0.943000 0.432000 0.110000
7 0.828000 0.580000 0.056000 0.052000
2 0.701000 0.119000 0.594000 0.238000
11 0.790000 0.948000 0.036000 0.048000
2 0.947000 0.964000 0.102000 0.068000
2 0.333200 0.654270 0.386400 0.460540
11 0.388000 0.844000 0.036000 0.032000
2 0.610210 0.350290 0.232420 0.296580
