2 0.551000 0.870000 0.118000 0.148000
2 0.746020 0.821000 0.292040 0.274000
2 0.068000 0.086000 0.124000 0.116000
2 0.201000 0.294000 0.146000 0.108000
2 0.156000 0.427000 0.148000 0.162000
2 0.035000 0.959000 0.070000 0.078000
3 0.186000 0.756000 0.088000 0.060000
11 0.786000 0.552000 0.048000 0.032000
11 0.443000 0.041000 0.042000 0.030000
3 0.148000 0.825000 0.060000 0.078000
11 0.493000 0.737000 0.042000 0.034000
11 0.761000 0.640000 0.042000 0.032000
11 0.951000 0.570000 0.042000 0.032000
2 0.320000 0.026000 0.116000 0.052000
2 0.621690 0.085050 0.199380 0.170100
11 0.716000 0.025000 0.028000 0.042000
11 0.017000 0.836000 0.034000 0.028000
3 0.214000 0.858000 0.080000 0.052000
11 0.072000 0.518000 0.036000 0.056000
3 0.262000 0.788000 0.052000 0.088000
11 0.223000 0.945000 0.030000 0.042000
7 0.374000 0.777000 0.052000 0.038000
2 0.328000 0.478000 0.112000 0.200000
11 0.091000 0.573000 0.026000 0.038000
2 0.338000 0.923000 0.132000 0.126000
11 0.067000 0.816000 0.030000 0.032000
2 0.480000 0.404000 0.132000 0.116000
2 0.440000 0.610000 0.104000 0.120000
11 0.119000 0.650000 0.022000 0.032000
2 0.962000 0.317000 0.072000 0.118000
2 0.037000 0.679000 0.074000 0.222000
11 0.941000 0.418000 0.042000 0.028000
11 0.838000 0.538000 0.056000 0.032000
2 0.157000 0.008000 0.098000 0.016000
11 0.445000 0.758000 0.034000 0.028000
7 0.007000 0.300000 0.014000 0.060000
2 0.714000 0.331000 0.244000 0.390000
11 0.477000 0.120000 0.038000 0.032000
2 0.343000 0.648000 0.114000 0.112000
11 0.812000 0.287000 0.032000 0.050000
2 0.952000 0.096000 0.092000 0.192000
2 0.136000 0.982000 0.160000 0.032000
2 0.937520 0.839210 0.123040 0.238420
