11 0.063000 0.550000 0.046000 0.036000
11 0.084250 0.525880 0.052500 0.043760
11 0.100000 0.472000 0.044000 0.040000
6 0.310750 0.869880 0.097500 0.163760
6 0.367630 0.890250 0.091260 0.152500
11 0.346000 0.865000 0.036000 0.054000
7 0.419000 0.913000 0.054000 0.078000
11 0.030000 0.689000 0.036000 0.046000
7 0.016000 0.897000 0.032000 0.054000
11 0.037000 0.913750 0.030000 0.047500
11 0.058250 0.925130 0.032500 0.046260
11 0.075000 0.939000 0.034000 0.046000
11 0.834000 0.773000 0.032000 0.046000
7 0.891000 0.809000 0.042000 0.054000
2 0.500000 0.414130 1.000000 0.828260
6 0.107000 0.796000 0.074000 0.120000
11 0.067000 0.402000 0.030000 0.052000
6 0.453130 0.928500 0.066260 0.105000
6 0.255630 0.844880 0.091260 0.153760
6 0.231130 0.828500 0.066260 0.105000
6 0.150750 0.787130 0.097500 0.146260
6 0.070750 0.743370 0.057500 0.098740
7 0.558880 0.663500 0.053760 0.075000
7 0.655130 0.694630 0.046260 0.061260
7 0.773630 0.754000 0.051260 0.060000
6 0.451380 0.587000 0.058760 0.070000
11 0.122880 0.963000 0.033760 0.050000
