2 0.498000 0.562000 0.132000 0.132000
2 0.402000 0.945000 0.144000 0.106000
2 0.052000 0.166000 0.104000 0.140000
2 0.661000 0.744000 0.110000 0.112000
2 0.651000 0.429000 0.166000 0.142000
2 0.625000 0.955000 0.102000 0.086000
2 0.853000 0.846000 0.134000 0.112000
2 0.280000 0.037000 0.128000 0.074000
2 0.513000 0.823000 0.122000 0.178000
11 0.969000 0.827000 0.034000 0.046000
7 0.173000 0.705000 0.074000 0.062000
2 0.957000 0.251000 0.082000 0.158000
11 0.609000 0.624000 0.046000 0.036000
2 0.893000 0.962000 0.158000 0.072000
11 0.689000 0.580000 0.038000 0.032000
2 0.188000 0.590000 0.116000 0.144000
2 0.915000 0.029000 0.166000 0.058000
7 0.217000 0.774000 0.066000 0.052000
2 0.095000 0.368000 0.154000 0.132000
2 0.568000 0.150000 0.092000 0.100000
11 0.989000 0.925000 0.018000 0.046000
2 0.724000 0.208000 0.088000 0.092000
11 0.023000 0.791000 0.034000 0.046000
7 0.918000 0.603000 0.040000 0.070000
2 0.808000 0.684000 0.148000 0.148000
2 0.136000 0.097000 0.088000 0.122000
2 0.353000 0.351000 0.122000 0.110000
7 0.205880 0.754500 0.063760 0.045000
2 0.796880 0.180500 0.093760 0.085000
2 0.891250 0.233380 0.122500 0.098760
2 0.290000 0.487750 0.160000 0.167500
2 0.049380 0.440380 0.098760 0.128760
