2 0.339230 0.897000 0.378460 0.198000
2 0.853000 0.496000 0.238000 0.220000
7 0.121750 0.465250 0.055500 0.054500
7 0.454000 0.793000 0.064000 0.058000
11 0.172000 0.583000 0.048000 0.046000
11 0.054000 0.485000 0.040000 0.038000
11 0.541000 0.891000 0.046000 0.042000
2 0.206500 0.738000 0.157000 0.156000
11 0.278000 0.675000 0.044000 0.038000
11 0.239000 0.638000 0.046000 0.036000
2 0.048000 0.279000 0.096000 0.126000
11 0.100000 0.527000 0.044000 0.038000
7 0.488000 0.849000 0.060000 0.054000
2 0.059000 0.699000 0.118000 0.130000
11 0.362000 0.742000 0.044000 0.040000
11 0.619000 0.955000 0.046000 0.042000
11 0.739000 0.915000 0.046000 0.046000
2 0.789000 0.770000 0.190000 0.264000
11 0.583000 0.925000 0.038000 0.038000
2 0.955000 0.682000 0.086000 0.124000
2 0.427000 0.491000 0.282000 0.294000
2 0.231000 0.205000 0.166000 0.166000
11 0.397000 0.770000 0.046000 0.040000
2 0.574000 0.299500 0.236000 0.247000
2 0.707000 0.173000 0.238000 0.242000
2 0.914000 0.349000 0.172000 0.250000
2 0.657000 0.617500 0.318000 0.315000
