2 0.193000 0.317000 0.158000 0.142000
2 0.054000 0.814000 0.108000 0.168000
11 0.642000 0.661000 0.036000 0.038000
3 0.358000 0.746000 0.084000 0.096000
3 0.240000 0.742000 0.092000 0.096000
3 0.204000 0.619000 0.064000 0.066000
11 0.087000 0.917000 0.034000 0.042000
11 0.062000 0.953000 0.032000 0.038000
11 0.318000 0.566000 0.024000 0.040000
11 0.668000 0.622000 0.032000 0.032000
2 0.924000 0.101000 0.148000 0.198000
11 0.143000 0.835000 0.030000 0.042000
11 0.112000 0.875000 0.032000 0.046000
11 0.597000 0.722000 0.038000 0.036000
11 0.562000 0.760000 0.032000 0.032000
2 0.291000 0.943000 0.166000 0.110000
2 0.374000 0.262000 0.232000 0.520000
11 0.098000 0.985000 0.040000 0.026000
2 0.016000 0.664000 0.032000 0.116000
2 0.444410 0.626110 0.112820 0.132220
