11 0.102000 0.501000 0.032000 0.042000
2 0.292060 0.392190 0.200120 0.220380
11 0.251000 0.256000 0.042000 0.052000
11 0.112000 0.231000 0.032000 0.046000
2 0.071000 0.373000 0.142000 0.390000
11 0.065000 0.096000 0.034000 0.052000
11 0.899000 0.317000 0.034000 0.050000
11 0.617000 0.032000 0.030000 0.048000
11 0.566000 0.034000 0.032000 0.052000
11 0.632000 0.371000 0.032000 0.054000
11 0.929000 0.355000 0.038000 0.046000
11 0.038000 0.018000 0.036000 0.036000
11 0.552000 0.124000 0.024000 0.040000
11 0.603000 0.123000 0.034000 0.054000
2 0.952000 0.275000 0.092000 0.210000
2 0.311000 0.046000 0.150000 0.092000
11 0.870000 0.274000 0.028000 0.036000
2 0.896000 0.666000 0.204000 0.664000
3 0.437000 0.034000 0.058000 0.068000
2 0.449000 0.957000 0.154000 0.082000
11 0.557000 0.173000 0.022000 0.042000
11 0.534000 0.055000 0.032000 0.030000
2 0.414000 0.732000 0.188000 0.208000
2 0.231000 0.923000 0.114000 0.126000
11 0.671000 0.784000 0.018000 0.032000
2 0.149000 0.018000 0.162000 0.036000
2 0.213720 0.130320 0.187440 0.240640
11 0.274000 0.212000 0.028000 0.036000
2 0.397000 0.314000 0.158000 0.372000
2 0.081000 0.856000 0.162000 0.204000
2 0.376160 0.563460 0.196320 0.146920
2 0.204930 0.551460 0.141860 0.146920
2 0.116630 0.682560 0.153260 0.181120
2 0.384650 0.864030 0.253300 0.100060
7 0.188460 0.331560 0.032920 0.067120
2 0.891000 0.127000 0.218000 0.254000
