2 0.108000 0.753000 0.216000 0.490000
2 0.865000 0.391000 0.230000 0.282000
2 0.181000 0.083000 0.146000 0.134000
11 0.935000 0.654000 0.046000 0.032000
11 0.094000 0.435000 0.048000 0.030000
11 0.196000 0.459000 0.052000 0.034000
11 0.823000 0.576000 0.038000 0.032000
11 0.891000 0.646000 0.042000 0.028000
2 0.146000 0.264000 0.128000 0.136000
11 0.645000 0.189000 0.022000 0.038000
11 0.731000 0.560000 0.046000 0.028000
11 0.559000 0.038000 0.026000 0.040000
11 0.872000 0.584000 0.052000 0.032000
2 0.940000 0.068000 0.116000 0.136000
2 0.710000 0.809000 0.228000 0.334000
2 0.908000 0.766000 0.172000 0.208000
3 0.438000 0.603000 0.076000 0.050000
11 0.301000 0.770000 0.034000 0.060000
11 0.562000 0.432000 0.032000 0.048000
6 0.419270 0.509090 0.098540 0.050180
