2 0.719000 0.615000 0.458000 0.334000
7 0.140000 0.204000 0.064000 0.040000
11 0.459000 0.331000 0.030000 0.050000
11 0.258000 0.731000 0.028000 0.046000
11 0.444000 0.378000 0.032000 0.048000
2 0.079000 0.940000 0.158000 0.116000
11 0.457000 0.533000 0.030000 0.042000
11 0.445000 0.208000 0.030000 0.044000
11 0.488000 0.074000 0.032000 0.044000
11 0.475000 0.118000 0.030000 0.044000
11 0.372000 0.393000 0.028000 0.050000
7 0.957000 0.724000 0.038000 0.060000
11 0.424000 0.433000 0.036000 0.054000
11 0.938000 0.781000 0.028000 0.046000
11 0.559000 0.103000 0.030000 0.050000
7 0.386000 0.541000 0.044000 0.066000
2 0.162000 0.503000 0.312000 0.446000
11 0.408000 0.478000 0.032000 0.052000
2 0.307000 0.125000 0.286000 0.250000
11 0.427000 0.663000 0.022000 0.042000
11 0.179000 0.971000 0.030000 0.046000
7 0.235000 0.964000 0.038000 0.060000
2 0.665000 0.217000 0.214000 0.198000
11 0.596000 0.361000 0.036000 0.026000
11 0.461000 0.164000 0.030000 0.048000
11 0.575000 0.060000 0.034000 0.052000
2 0.959000 0.283000 0.078000 0.146000
2 0.707000 0.897000 0.566000 0.202000
11 0.985000 0.809000 0.026000 0.066000
7 0.197000 0.924000 0.034000 0.056000
7 0.367000 0.333000 0.054000 0.058000
11 0.345000 0.458000 0.030000 0.048000
11 0.289000 0.627000 0.026000 0.042000
11 0.471000 0.497000 0.022000 0.030000
11 0.273000 0.682000 0.034000 0.060000
11 0.484000 0.448000 0.024000 0.052000
11 0.992000 0.605000 0.012000 0.046000
