11 0.828000 0.256000 0.056000 0.036000
11 0.489000 0.652000 0.046000 0.036000
7 0.266000 0.645000 0.052000 0.034000
11 0.541000 0.666000 0.046000 0.036000
2 0.893190 0.594270 0.210380 0.292540
2 0.041000 0.891000 0.082000 0.098000
2 0.938000 0.935000 0.124000 0.130000
11 0.965000 0.858000 0.042000 0.032000
7 0.380000 0.152000 0.052000 0.036000
2 0.099210 0.729950 0.198420 0.279900
11 0.171000 0.557000 0.046000 0.034000
7 0.306000 0.601000 0.052000 0.030000
7 0.072000 0.527000 0.048000 0.038000
7 0.955000 0.290000 0.062000 0.040000
2 0.310000 0.751000 0.216000 0.154000
11 0.108000 0.127000 0.044000 0.030000
11 0.605000 0.746000 0.054000 0.032000
2 0.654000 0.894000 0.136000 0.208000
7 0.890880 0.814340 0.061760 0.044680
7 0.912000 0.786000 0.056000 0.036000
2 0.781000 0.068000 0.434000 0.136000
11 0.437000 0.638000 0.050000 0.036000
2 0.133210 0.396860 0.198420 0.245720
2 0.295840 0.434750 0.203680 0.261500
2 0.422780 0.474600 0.165560 0.281200
2 0.579930 0.515260 0.191860 0.282520
2 0.740610 0.568520 0.189220 0.293040
2 0.767220 0.912730 0.106440 0.173460
2 0.432530 0.832950 0.109060 0.233900
