2 0.111000 0.483000 0.222000 0.274000
11 0.392000 0.238000 0.040000 0.044000
11 0.353000 0.192000 0.042000 0.052000
7 0.711000 0.543000 0.046000 0.050000
11 0.375000 0.127000 0.038000 0.046000
11 0.554000 0.440000 0.036000 0.044000
7 0.790000 0.073000 0.056000 0.062000
11 0.514000 0.390000 0.044000 0.052000
11 0.655000 0.564000 0.042000 0.048000
11 0.715000 0.635000 0.042000 0.050000
11 0.936000 0.154000 0.032000 0.036000
2 0.468000 0.608000 0.432000 0.392000
11 0.807000 0.663000 0.042000 0.050000
11 0.965000 0.709000 0.042000 0.042000
11 0.442000 0.207000 0.036000 0.042000
2 0.663000 0.915000 0.198000 0.166000
11 0.891000 0.874000 0.050000 0.036000
11 0.749000 0.592000 0.038000 0.036000
11 0.959000 0.262000 0.042000 0.048000
11 0.840000 0.700000 0.032000 0.040000
11 0.978000 0.872000 0.040000 0.052000
7 0.280000 0.025000 0.052000 0.050000
11 0.927000 0.916000 0.042000 0.028000
11 0.901000 0.116000 0.038000 0.040000
11 0.966000 0.189000 0.028000 0.034000
11 0.821000 0.793000 0.042000 0.034000
7 0.866000 0.837000 0.060000 0.038000
2 0.378000 0.906000 0.220000 0.184000
2 0.945000 0.094000 0.106000 0.188000
2 0.818000 0.392000 0.360000 0.648000
11 0.754000 0.032000 0.036000 0.040000
2 0.009000 0.927000 0.018000 0.142000
11 0.594000 0.485000 0.040000 0.046000
11 0.858000 0.147000 0.040000 0.038000
2 0.575000 0.057000 0.226000 0.114000
