2 0.128000 0.473000 0.256000 0.338000
2 0.447000 0.134000 0.466000 0.268000
2 0.892000 0.469000 0.176000 0.134000
2 0.183000 0.858000 0.290000 0.108000
2 0.629000 0.924000 0.610000 0.148000
11 0.233000 0.222000 0.046000 0.032000
7 0.707000 0.361000 0.066000 0.034000
2 0.628000 0.464000 0.364000 0.208000
7 0.730000 0.309000 0.056000 0.034000
2 0.189000 0.980000 0.222000 0.036000
11 0.372000 0.250000 0.056000 0.036000
7 0.766000 0.372000 0.060000 0.032000
2 0.788000 0.041000 0.228000 0.082000
11 0.514000 0.272000 0.044000 0.024000
3 0.179000 0.244000 0.058000 0.076000
3 0.119000 0.172000 0.138000 0.060000
2 0.962000 0.752000 0.072000 0.180000
2 0.987000 0.938000 0.022000 0.120000
