2 0.726000 0.867000 0.100000 0.198000
2 0.175000 0.803000 0.194000 0.106000
2 0.779000 0.131000 0.438000 0.262000
2 0.941000 0.869000 0.114000 0.102000
11 0.305000 0.686000 0.058000 0.032000
11 0.725000 0.680000 0.046000 0.028000
11 0.419000 0.418000 0.030000 0.048000
11 0.403000 0.055000 0.030000 0.054000
11 0.428000 0.351000 0.028000 0.046000
11 0.894000 0.362000 0.060000 0.036000
11 0.670000 0.485000 0.036000 0.046000
7 0.543000 0.380000 0.042000 0.048000
11 0.614000 0.919000 0.028000 0.042000
11 0.146000 0.675000 0.048000 0.030000
11 0.577000 0.410000 0.038000 0.044000
11 0.099000 0.962000 0.026000 0.048000
11 0.393000 0.108000 0.026000 0.044000
2 0.250000 0.941000 0.172000 0.114000
11 0.069000 0.953000 0.034000 0.046000
11 0.408000 0.014000 0.028000 0.028000
2 0.082000 0.199000 0.164000 0.398000
11 0.374000 0.692000 0.060000 0.032000
3 0.018000 0.691000 0.036000 0.042000
11 0.261000 0.438000 0.050000 0.028000
11 0.965000 0.164000 0.022000 0.044000
