2 0.948000 0.770000 0.100000 0.116000
2 0.806000 0.368000 0.152000 0.112000
2 0.765000 0.957000 0.114000 0.082000
2 0.489000 0.934000 0.122000 0.128000
2 0.061000 0.667000 0.106000 0.134000
2 0.618000 0.523000 0.116000 0.118000
2 0.899000 0.900000 0.162000 0.152000
2 0.451000 0.069000 0.114000 0.106000
2 0.421000 0.835000 0.122000 0.114000
2 0.195000 0.948000 0.162000 0.100000
2 0.045000 0.135000 0.090000 0.106000
2 0.219000 0.583000 0.214000 0.242000
2 0.962000 0.131000 0.072000 0.098000
2 0.705000 0.034000 0.134000 0.068000
2 0.846000 0.160000 0.120000 0.084000
2 0.723000 0.191000 0.142000 0.082000
2 0.718000 0.647000 0.088000 0.150000
3 0.067000 0.502000 0.066000 0.052000
2 0.377000 0.430000 0.082000 0.088000
2 0.367000 0.721000 0.130000 0.130000
2 0.184000 0.243000 0.352000 0.142000
2 0.394000 0.529000 0.068000 0.134000
11 0.029000 0.329000 0.046000 0.034000
3 0.633000 0.262000 0.082000 0.048000
2 0.832000 0.565000 0.100000 0.074000
11 0.227000 0.802000 0.038000 0.052000
2 0.138000 0.819000 0.160000 0.186000
11 0.275000 0.893000 0.034000 0.054000
11 0.153000 0.671000 0.026000 0.038000
2 0.985000 0.662000 0.026000 0.092000
2 0.014000 0.037000 0.028000 0.074000
11 0.584000 0.012000 0.024000 0.024000
2 0.936000 0.396000 0.124000 0.168000
2 0.894000 0.006000 0.116000 0.012000
3 0.689140 0.299040 0.042280 0.066080
