2 0.809000 0.127000 0.314000 0.254000
2 0.829000 0.499000 0.310000 0.298000
2 0.901000 0.771000 0.194000 0.278000
11 0.336000 0.609000 0.048000 0.046000
11 0.654000 0.705000 0.032000 0.050000
11 0.514000 0.869000 0.044000 0.046000
11 0.536000 0.905000 0.044000 0.042000
11 0.109000 0.707000 0.034000 0.038000
11 0.608000 0.426000 0.032000 0.048000
11 0.594000 0.978000 0.044000 0.040000
11 0.596000 0.371000 0.028000 0.046000
11 0.684000 0.806000 0.036000 0.060000
11 0.424000 0.735000 0.048000 0.046000
2 0.324910 0.927000 0.273820 0.142000
11 0.059000 0.895000 0.038000 0.042000
11 0.706000 0.863000 0.032000 0.050000
11 0.576000 0.262000 0.032000 0.068000
7 0.949940 0.400520 0.039880 0.057040
11 0.059000 0.757000 0.038000 0.042000
7 0.108520 0.922170 0.045040 0.052340
11 0.647000 0.913000 0.046000 0.042000
11 0.231000 0.603000 0.046000 0.050000
11 0.014000 0.939000 0.028000 0.046000
11 0.624000 0.851000 0.048000 0.038000
2 0.261140 0.200170 0.362280 0.400340
11 0.162810 0.812160 0.029620 0.040320
3 0.509210 0.011310 0.054420 0.022620
