3 0.703000 0.415000 0.082000 0.150000
3 0.635000 0.105000 0.098000 0.074000
3 0.470000 0.068000 0.104000 0.080000
7 0.655000 0.216000 0.042000 0.072000
2 0.775000 0.740330 0.450000 0.416660
2 0.074000 0.043000 0.148000 0.086000
11 0.596000 0.553000 0.028000 0.042000
11 0.201000 0.012000 0.042000 0.024000
2 0.879000 0.938000 0.194000 0.120000
2 0.789330 0.068670 0.186660 0.137340
7 0.675000 0.052000 0.038000 0.052000
11 0.073000 0.095000 0.038000 0.034000
2 0.283000 0.248000 0.242000 0.368000
11 0.320000 0.894000 0.028000 0.060000
2 0.985000 0.329000 0.026000 0.166000
11 0.158000 0.037000 0.044000 0.038000
14 0.537330 0.271330 0.110660 0.434660
2 0.224000 0.618670 0.264000 0.385340
2 0.161000 0.903000 0.238000 0.194000
2 0.808670 0.248670 0.245340 0.221340
