2 0.440000 0.489000 0.172000 0.306000
2 0.827000 0.101000 0.250000 0.202000
2 0.707000 0.561000 0.278000 0.498000
11 0.303000 0.603000 0.058000 0.050000
11 0.194000 0.497000 0.044000 0.042000
11 0.910000 0.751000 0.028000 0.042000
11 0.014000 0.425000 0.028000 0.042000
11 0.067000 0.133000 0.022000 0.050000
11 0.980000 0.948000 0.036000 0.048000
2 0.352000 0.147000 0.388000 0.198000
11 0.065000 0.985000 0.054000 0.026000
11 0.045000 0.238000 0.022000 0.044000
2 0.026000 0.113000 0.052000 0.218000
2 0.219000 0.388000 0.194000 0.240000
