2 0.057000 0.456000 0.114000 0.112000
2 0.106000 0.858000 0.132000 0.116000
2 0.303000 0.668000 0.202000 0.144000
2 0.795000 0.962000 0.122000 0.072000
2 0.439000 0.462000 0.122000 0.120000
2 0.920000 0.797000 0.148000 0.162000
2 0.165000 0.557000 0.102000 0.114000
2 0.703000 0.569000 0.110000 0.138000
2 0.352000 0.342000 0.072000 0.084000
2 0.568000 0.909000 0.112000 0.114000
2 0.840000 0.068000 0.180000 0.136000
2 0.657000 0.447000 0.102000 0.106000
2 0.642000 0.324000 0.112000 0.112000
2 0.650000 0.039000 0.180000 0.078000
2 0.800000 0.178000 0.100000 0.100000
2 0.793000 0.277000 0.142000 0.134000
2 0.629000 0.696000 0.138000 0.116000
2 0.971000 0.654000 0.054000 0.124000
11 0.418000 0.980000 0.040000 0.036000
2 0.580000 0.498000 0.060000 0.076000
2 0.428000 0.242000 0.168000 0.140000
2 0.483000 0.825000 0.126000 0.134000
11 0.890000 0.412000 0.024000 0.048000
2 0.975000 0.523000 0.046000 0.126000
2 0.097000 0.952000 0.194000 0.092000
2 0.028000 0.201000 0.056000 0.150000
2 0.243000 0.957000 0.086000 0.082000
