2 0.807000 0.336000 0.382000 0.256000
11 0.649000 0.831000 0.050000 0.042000
7 0.556000 0.786000 0.060000 0.048000
11 0.867000 0.918000 0.050000 0.044000
11 0.434000 0.689000 0.036000 0.038000
11 0.543000 0.389000 0.022000 0.038000
7 0.726000 0.877000 0.056000 0.042000
11 0.566000 0.351000 0.024000 0.042000
11 0.600500 0.205750 0.025000 0.047500
11 0.594000 0.152000 0.024000 0.044000
2 0.418000 0.412000 0.236000 0.264000
11 0.487000 0.730000 0.042000 0.036000
3 0.596000 0.870000 0.072000 0.056000
11 0.508000 0.262000 0.028000 0.048000
2 0.521000 0.936000 0.142000 0.124000
3 0.698000 0.520000 0.048000 0.068000
11 0.131000 0.500000 0.034000 0.024000
2 0.257000 0.841000 0.510000 0.314000
2 0.893080 0.704230 0.210160 0.168460
2 0.315850 0.194460 0.207700 0.196920
2 0.377080 0.052300 0.186160 0.104600
2 0.100770 0.069230 0.201540 0.138460
