2 0.156000 0.391000 0.312000 0.502000
11 0.278000 0.124000 0.044000 0.048000
2 0.637600 0.330280 0.723200 0.660560
11 0.336000 0.180000 0.040000 0.044000
2 0.445170 0.515130 0.394340 0.414260
11 0.507000 0.422000 0.042000 0.040000
2 0.129000 0.835000 0.258000 0.282000
2 0.075000 0.037000 0.150000 0.074000
2 0.359000 0.910000 0.186000 0.176000
2 0.738000 0.809000 0.520000 0.378000
11 0.033000 0.987000 0.050000 0.022000
14 0.847000 0.145000 0.306000 0.290000
14 0.884000 0.107000 0.232000 0.214000
14 0.917540 0.067690 0.163080 0.135380
