2 0.851000 0.614000 0.138000 0.148000
2 0.428580 0.183650 0.465160 0.367300
2 0.547000 0.060000 0.134000 0.116000
11 0.190000 0.683000 0.036000 0.042000
11 0.109000 0.633000 0.038000 0.038000
11 0.039000 0.404000 0.038000 0.052000
11 0.025000 0.707000 0.034000 0.046000
11 0.272000 0.937000 0.032000 0.042000
11 0.482000 0.883000 0.036000 0.046000
11 0.404000 0.959000 0.032000 0.050000
2 0.556930 0.688010 0.501860 0.388020
11 0.315000 0.772000 0.034000 0.044000
2 0.058000 0.059000 0.112000 0.110000
11 0.185800 0.877580 0.043600 0.055160
11 0.222000 0.823000 0.028000 0.038000
2 0.922000 0.113000 0.152000 0.134000
2 0.377000 0.009000 0.150000 0.018000
2 0.776570 0.438410 0.393140 0.304820
2 0.822000 0.314000 0.356000 0.348000
11 0.150530 0.792710 0.033060 0.045420
11 0.176960 0.804190 0.041920 0.052380
11 0.293640 0.762320 0.035280 0.044640
11 0.082920 0.805560 0.033840 0.043120
11 0.050110 0.717470 0.036220 0.050940
11 0.021860 0.763610 0.035720 0.047220
11 0.103590 0.818370 0.027180 0.040740
11 0.291740 0.947620 0.031480 0.039240
11 0.502920 0.897140 0.033840 0.038280
11 0.337340 0.788800 0.030680 0.045600
11 0.166420 0.863060 0.036840 0.042120
11 0.327510 0.911220 0.039020 0.042440
2 0.285280 0.386790 0.474560 0.361580
2 0.404700 0.315270 0.229400 0.218540
