10 0.609830 0.494540 0.019660 0.053080
10 0.616980 0.480080 0.017960 0.048160
10 0.629280 0.469310 0.014560 0.050620
10 0.639990 0.458090 0.015980 0.052180
10 0.656920 0.442350 0.025840 0.040700
10 0.669380 0.437360 0.030760 0.046720
10 0.678380 0.428290 0.028760 0.048580
10 0.689990 0.420040 0.023980 0.048080
10 0.711770 0.380140 0.027540 0.040280
10 0.746830 0.368810 0.025660 0.049620
10 0.882310 0.261580 0.016620 0.055160
10 0.895540 0.253960 0.015080 0.055920
10 0.909230 0.248430 0.014460 0.056860
10 0.921000 0.242040 0.018000 0.052080
10 0.935310 0.233970 0.014620 0.055940
10 0.946620 0.227510 0.013240 0.055020
10 0.960000 0.222970 0.016000 0.049940
10 0.971770 0.217740 0.015540 0.055480
10 0.983850 0.210810 0.011700 0.053620
10 0.992780 0.205200 0.009560 0.058400
10 0.599950 0.501130 0.019900 0.046260
10 0.587350 0.509330 0.022700 0.046660
10 0.573010 0.521830 0.018020 0.047660
10 0.563270 0.532100 0.018540 0.048200
10 0.551730 0.542130 0.019460 0.044260
10 0.542790 0.552850 0.029580 0.045700
10 0.534870 0.561410 0.029740 0.042820
10 0.504610 0.569210 0.029220 0.042420
10 0.633950 0.592080 0.063900 0.040160
10 0.632990 0.606140 0.069980 0.020280
10 0.639050 0.630380 0.046100 0.020760
10 0.633750 0.620280 0.059500 0.012560
10 0.647850 0.660170 0.047700 0.036340
10 0.647850 0.643930 0.047700 0.027860
10 0.653570 0.671500 0.035140 0.047000
10 0.499380 0.939520 0.030760 0.051040
10 0.568040 0.738550 0.012080 0.041100
10 0.546410 0.742280 0.032820 0.036560
10 0.581670 0.749910 0.023340 0.039820
10 0.588740 0.760780 0.025480 0.041560
10 0.602620 0.764480 0.037240 0.036960
10 0.619350 0.772580 0.046700 0.033160
10 0.630240 0.785090 0.048480 0.018180
10 0.616140 0.800540 0.048280 0.029080
10 0.605620 0.805410 0.035240 0.030820
10 0.595520 0.815350 0.035040 0.034700
10 0.591050 0.826350 0.026100 0.036700
10 0.582140 0.840700 0.016280 0.045400
10 0.568880 0.850720 0.013760 0.045440
10 0.552680 0.851070 0.025360 0.038140
10 0.551290 0.831290 0.046580 0.030580
10 0.551950 0.817080 0.047900 0.026160
10 0.554630 0.802220 0.053260 0.020440
10 0.549790 0.790840 0.051580 0.017680
10 0.543640 0.775290 0.051280 0.014580
10 0.543420 0.762870 0.046840 0.017740
