2 0.828000 0.368000 0.324000 0.540000
2 0.809000 0.906000 0.234000 0.184000
2 0.152000 0.808310 0.304000 0.380620
7 0.168000 0.560000 0.068000 0.044000
11 0.694000 0.734500 0.052000 0.037000
11 0.724000 0.686000 0.052000 0.036000
11 0.234000 0.579000 0.048000 0.034000
11 0.107000 0.535000 0.050000 0.034000
3 0.592000 0.690000 0.060000 0.092000
11 0.625000 0.691000 0.050000 0.042000
11 0.755000 0.752500 0.046000 0.045000
11 0.774000 0.700000 0.044000 0.032000
11 0.674000 0.672000 0.052000 0.036000
11 0.800500 0.762000 0.045000 0.048000
11 0.864000 0.780000 0.052000 0.040000
11 0.849000 0.722000 0.038000 0.032000
3 0.539000 0.604000 0.122000 0.088000
3 0.509000 0.702500 0.114000 0.057000
2 0.243000 0.459000 0.222000 0.198000
2 0.347500 0.265000 0.239000 0.262000
2 0.250500 0.071000 0.485000 0.142000
