2 0.076000 0.085000 0.152000 0.170000
6 0.394000 0.427000 0.068000 0.182000
6 0.605000 0.390000 0.074000 0.180000
3 0.842000 0.591000 0.204000 0.066000
11 0.526000 0.456000 0.028000 0.048000
11 0.386000 0.934000 0.028000 0.056000
7 0.507000 0.758000 0.042000 0.076000
11 0.546000 0.941000 0.028000 0.042000
11 0.600000 0.659000 0.028000 0.042000
6 0.270030 0.953610 0.048060 0.091220
7 0.316000 0.932000 0.032000 0.052000
11 0.582000 0.168000 0.028000 0.052000
11 0.443000 0.564000 0.026000 0.048000
6 0.421910 0.065010 0.043820 0.130020
7 0.466000 0.049000 0.032000 0.058000
11 0.471000 0.828000 0.030000 0.056000
11 0.926000 0.229000 0.028000 0.054000
11 0.620000 0.133000 0.028000 0.050000
11 0.580000 0.590000 0.032000 0.052000
11 0.516000 0.153000 0.024000 0.050000
11 0.444000 0.939000 0.032000 0.054000
11 0.483000 0.125000 0.022000 0.050000
11 0.543000 0.547000 0.034000 0.050000
11 0.661000 0.126000 0.026000 0.052000
11 0.323000 0.697000 0.022000 0.046000
11 0.920000 0.951000 0.028000 0.042000
7 0.140000 0.842000 0.024000 0.056000
7 0.729000 0.512000 0.042000 0.076000
3 0.918000 0.871000 0.080000 0.050000
11 0.440000 0.424000 0.024000 0.048000
11 0.387000 0.710000 0.026000 0.052000
2 0.982000 0.955000 0.032000 0.086000
7 0.491000 0.985000 0.046000 0.026000
11 0.495000 0.284000 0.034000 0.052000
11 0.494000 0.666000 0.028000 0.048000
11 0.938000 0.987000 0.028000 0.022000
3 0.964000 0.733000 0.052000 0.078000
11 0.992000 0.245000 0.012000 0.042000
2 0.968000 0.844000 0.060000 0.164000
7 0.647000 0.399000 0.038000 0.058000
11 0.675000 0.006000 0.026000 0.012000
