2 0.213000 0.141000 0.094000 0.110000
2 0.082000 0.682000 0.164000 0.164000
2 0.681000 0.151000 0.134000 0.146000
2 0.929000 0.072000 0.138000 0.144000
2 0.844000 0.533000 0.136000 0.182000
2 0.427000 0.536000 0.190000 0.232000
2 0.172000 0.481290 0.148000 0.146580
6 0.551000 0.638000 0.046000 0.084000
7 0.596860 0.487000 0.037720 0.062000
2 0.141000 0.971000 0.090000 0.054000
7 0.608000 0.423000 0.032000 0.066000
2 0.723000 0.971000 0.134000 0.054000
2 0.034000 0.444860 0.068000 0.137720
11 0.903000 0.149000 0.042000 0.026000
2 0.071000 0.110000 0.094000 0.108000
2 0.980000 0.524000 0.036000 0.180000
2 0.980000 0.207000 0.036000 0.126000
2 0.406000 0.159000 0.100000 0.138000
2 0.724000 0.556000 0.088000 0.128000
11 0.088000 0.331000 0.060000 0.034000
11 0.813000 0.048000 0.038000 0.040000
2 0.426430 0.853710 0.152860 0.291420
11 0.419000 0.678000 0.050000 0.032000
2 0.016000 0.054000 0.032000 0.108000
2 0.338000 0.760140 0.148000 0.128280
2 0.308500 0.131000 0.097000 0.158000
