11 0.812100 0.940420 0.044200 0.036840
2 0.410000 0.795000 0.160000 0.242000
3 0.209000 0.772000 0.130000 0.076000
11 0.126000 0.341000 0.036000 0.062000
3 0.165000 0.515000 0.102000 0.058000
11 0.888000 0.228000 0.048000 0.036000
11 0.703000 0.166000 0.046000 0.036000
11 0.518000 0.094000 0.052000 0.040000
3 0.210000 0.905000 0.092000 0.162000
2 0.361000 0.560000 0.150000 0.256000
11 0.761000 0.185000 0.050000 0.042000
11 0.580000 0.058000 0.052000 0.040000
11 0.787000 0.906000 0.046000 0.036000
11 0.777000 0.134000 0.046000 0.032000
11 0.809000 0.205000 0.046000 0.038000
11 0.618000 0.131000 0.060000 0.038000
11 0.471000 0.074000 0.046000 0.036000
11 0.264000 0.833000 0.040000 0.046000
2 0.823000 0.085000 0.350000 0.170000
11 0.935000 0.242000 0.038000 0.028000
11 0.425000 0.052000 0.046000 0.036000
11 0.927000 0.187000 0.042000 0.030000
3 0.065000 0.677000 0.050000 0.078000
11 0.973000 0.254000 0.042000 0.032000
11 0.973000 0.199000 0.050000 0.038000
7 0.226000 0.671000 0.036000 0.074000
11 0.837000 0.159000 0.054000 0.038000
11 0.334000 0.009000 0.048000 0.018000
11 0.883000 0.175000 0.046000 0.034000
2 0.566000 0.025000 0.208000 0.050000
11 0.835000 0.957000 0.042000 0.038000
11 0.529000 0.040000 0.042000 0.028000
2 0.458280 0.941990 0.152560 0.115980
