2 0.411000 0.371000 0.130000 0.142000
11 0.056000 0.669000 0.044000 0.038000
11 0.325000 0.229000 0.046000 0.038000
11 0.266000 0.593000 0.048000 0.034000
11 0.211000 0.614000 0.042000 0.036000
2 0.571500 0.412500 0.139000 0.093000
2 0.753000 0.381000 0.246000 0.166000
2 0.917000 0.060000 0.166000 0.120000
2 0.929000 0.691500 0.142000 0.171000
2 0.532000 0.702000 0.116000 0.140000
2 0.160000 0.838000 0.140000 0.168000
2 0.408500 0.773000 0.165000 0.158000
2 0.167000 0.534000 0.154000 0.144000
2 0.044500 0.579500 0.085000 0.091000
2 0.714000 0.667000 0.104000 0.146000
2 0.287500 0.837500 0.147000 0.163000
2 0.733000 0.163500 0.134000 0.159000
2 0.926000 0.279000 0.148000 0.174000
2 0.637120 0.229230 0.122240 0.118460
2 0.643690 0.693530 0.135380 0.139060
12 0.506020 0.841720 0.036040 0.055440
