2 0.456000 0.890000 0.104000 0.136000
11 0.828000 0.921000 0.048000 0.038000
11 0.921000 0.978000 0.046000 0.040000
11 0.874000 0.951000 0.048000 0.042000
2 0.082000 0.235000 0.164000 0.366000
11 0.581000 0.839000 0.042000 0.034000
11 0.612000 0.795000 0.040000 0.038000
11 0.723000 0.860000 0.050000 0.044000
11 0.201000 0.652000 0.034000 0.048000
11 0.815000 0.980000 0.042000 0.036000
2 0.698000 0.253000 0.184000 0.250000
11 0.282000 0.516000 0.040000 0.048000
2 0.652000 0.643000 0.288000 0.322000
11 0.723000 0.925000 0.042000 0.030000
3 0.066000 0.687000 0.052000 0.098000
2 0.885000 0.793000 0.226000 0.218000
11 0.765000 0.951000 0.050000 0.042000
2 0.964000 0.048000 0.068000 0.096000
2 0.620000 0.936000 0.240000 0.124000
2 0.141000 0.950000 0.266000 0.096000
2 0.265000 0.222000 0.246000 0.192000
