2 0.126000 0.860000 0.252000 0.276000
2 0.082000 0.068000 0.164000 0.136000
11 0.483000 0.553000 0.050000 0.042000
2 0.680000 0.948000 0.204000 0.100000
11 0.474000 0.633000 0.044000 0.038000
11 0.197000 0.212000 0.034000 0.040000
11 0.129000 0.191000 0.030000 0.050000
11 0.240000 0.229000 0.032000 0.054000
2 0.925000 0.092000 0.146000 0.184000
11 0.684000 0.093000 0.048000 0.030000
11 0.098000 0.430000 0.040000 0.028000
11 0.432000 0.546000 0.036000 0.036000
11 0.623000 0.440000 0.046000 0.036000
11 0.358000 0.044000 0.032000 0.048000
11 0.555000 0.224000 0.038000 0.032000
11 0.087000 0.179000 0.034000 0.046000
11 0.334000 0.438000 0.028000 0.040000
11 0.014000 0.252000 0.028000 0.048000
11 0.120000 0.292000 0.032000 0.048000
11 0.463000 0.059000 0.026000 0.038000
11 0.605000 0.554000 0.046000 0.028000
11 0.173000 0.378000 0.030000 0.048000
11 0.563000 0.768000 0.046000 0.028000
11 0.331000 0.368000 0.030000 0.044000
11 0.372000 0.277000 0.028000 0.042000
11 0.315000 0.029000 0.030000 0.042000
11 0.252000 0.339000 0.028000 0.042000
11 0.202000 0.322000 0.028000 0.044000
11 0.377000 0.383000 0.030000 0.046000
11 0.044000 0.157000 0.032000 0.046000
11 0.443000 0.408000 0.026000 0.040000
11 0.698000 0.025000 0.036000 0.026000
11 0.455000 0.098000 0.022000 0.040000
11 0.091000 0.349000 0.026000 0.042000
11 0.516000 0.124000 0.032000 0.032000
11 0.624000 0.391000 0.036000 0.026000
11 0.563000 0.162000 0.046000 0.024000
11 0.296000 0.420000 0.028000 0.036000
7 0.224000 0.401000 0.032000 0.054000
11 0.271000 0.489000 0.034000 0.030000
11 0.010000 0.142000 0.020000 0.048000
2 0.225000 0.018000 0.090000 0.036000
2 0.982000 0.607000 0.032000 0.310000
