11 0.809000 0.823000 0.046000 0.030000
11 0.944000 0.605000 0.056000 0.038000
2 0.874000 0.414000 0.248000 0.468000
11 0.089000 0.462000 0.022000 0.036000
11 0.472000 0.883000 0.040000 0.026000
11 0.421000 0.865000 0.054000 0.038000
11 0.376000 0.848000 0.036000 0.032000
11 0.021000 0.335000 0.026000 0.042000
2 0.333540 0.332690 0.475080 0.397380
11 0.991000 0.635000 0.014000 0.042000
11 0.025000 0.439000 0.018000 0.046000
2 0.080770 0.213080 0.161540 0.186160
2 0.170000 0.898000 0.340000 0.204000
11 0.612770 0.815480 0.049540 0.034960
