2 0.924000 0.915000 0.148000 0.166000
11 0.909000 0.273000 0.042000 0.034000
2 0.462140 0.662810 0.408280 0.153620
7 0.906000 0.313000 0.056000 0.030000
7 0.540370 0.564390 0.036740 0.060780
7 0.561000 0.552000 0.034000 0.068000
11 0.014000 0.755000 0.028000 0.042000
7 0.598530 0.552530 0.029060 0.057060
2 0.828620 0.635490 0.341240 0.190980
11 0.992000 0.524000 0.012000 0.032000
2 0.149110 0.221990 0.298220 0.443980
2 0.501170 0.936960 0.522340 0.125920
7 0.760270 0.292250 0.056540 0.032500
6 0.824920 0.529420 0.029840 0.054840
7 0.775800 0.540560 0.023600 0.045120
6 0.657190 0.553580 0.026380 0.063160
11 0.222310 0.977800 0.032620 0.023600
