2 0.938000 0.071000 0.120000 0.126000
2 0.772000 0.095000 0.176000 0.114000
2 0.723000 0.365000 0.550000 0.182000
2 0.503000 0.205000 0.114000 0.066000
2 0.622000 0.709000 0.252000 0.254000
11 0.817000 0.634000 0.042000 0.028000
11 0.799000 0.672000 0.046000 0.032000
11 0.171000 0.208000 0.030000 0.056000
3 0.374000 0.885000 0.084000 0.050000
11 0.635000 0.922000 0.050000 0.032000
11 0.583000 0.914000 0.046000 0.032000
11 0.525000 0.922000 0.050000 0.032000
11 0.301000 0.250000 0.030000 0.044000
11 0.737000 0.953000 0.050000 0.038000
3 0.255000 0.763000 0.178000 0.066000
11 0.413000 0.985000 0.046000 0.026000
11 0.241000 0.635000 0.026000 0.050000
11 0.031000 0.865000 0.030000 0.054000
11 0.789000 0.978000 0.050000 0.040000
2 0.072000 0.686000 0.144000 0.200000
11 0.010000 0.772000 0.020000 0.036000
2 0.070000 0.228000 0.140000 0.176000
7 0.768000 0.860000 0.056000 0.036000
3 0.472000 0.964000 0.044000 0.060000
11 0.154000 0.355000 0.024000 0.050000
3 0.332000 0.017000 0.032000 0.034000
11 0.461000 0.012000 0.038000 0.024000
11 0.418000 0.020000 0.040000 0.028000
2 0.874000 0.878000 0.148000 0.112000
11 0.837000 0.991000 0.038000 0.014000
11 0.144000 0.313000 0.028000 0.042000
3 0.261000 0.918000 0.074000 0.052000
11 0.165000 0.424000 0.026000 0.040000
11 0.118000 0.160000 0.020000 0.036000
