2 0.178000 0.515000 0.120000 0.106000
2 0.396000 0.220000 0.200000 0.328000
2 0.039000 0.645000 0.078000 0.114000
2 0.842000 0.168000 0.176000 0.232000
2 0.752000 0.934000 0.144000 0.128000
2 0.591000 0.608000 0.110000 0.080000
2 0.309000 0.788000 0.142000 0.116000
2 0.810000 0.696000 0.148000 0.116000
2 0.108000 0.417000 0.160000 0.146000
2 0.218000 0.061000 0.164000 0.122000
2 0.904000 0.479000 0.136000 0.094000
2 0.381000 0.908000 0.150000 0.180000
2 0.612000 0.350000 0.300000 0.136000
11 0.891000 0.345000 0.050000 0.030000
2 0.557000 0.863000 0.106000 0.098000
11 0.462000 0.918000 0.028000 0.040000
11 0.237000 0.246000 0.030000 0.044000
2 0.296000 0.675000 0.104000 0.094000
11 0.219000 0.197000 0.034000 0.054000
11 0.446000 0.876000 0.032000 0.052000
11 0.967000 0.277000 0.038000 0.030000
11 0.971000 0.020000 0.038000 0.040000
11 0.414000 0.788000 0.032000 0.040000
11 0.374000 0.693000 0.028000 0.038000
2 0.982000 0.943000 0.032000 0.110000
11 0.331000 0.583000 0.030000 0.046000
2 0.045000 0.825000 0.090000 0.254000
11 0.876000 0.302000 0.040000 0.028000
11 0.360000 0.649000 0.032000 0.050000
2 0.425000 0.586000 0.102000 0.084000
2 0.767000 0.488000 0.102000 0.104000
2 0.886000 0.987000 0.124000 0.022000
3 0.358000 0.595000 0.056000 0.042000
2 0.539000 0.537000 0.106000 0.090000
2 0.675000 0.511000 0.082000 0.098000
11 0.460000 0.987000 0.032000 0.022000
2 0.155000 0.918000 0.110000 0.096000
2 0.584670 0.946000 0.101340 0.096000
2 0.082670 0.218000 0.165340 0.296000
