2 0.211000 0.129000 0.122000 0.118000
2 0.337000 0.853000 0.134000 0.154000
2 0.139000 0.312000 0.186000 0.220000
2 0.798000 0.938000 0.116000 0.120000
11 0.941000 0.617000 0.042000 0.034000
2 0.594000 0.510000 0.440000 0.184000
11 0.578000 0.652000 0.048000 0.028000
2 0.271000 0.959000 0.130000 0.078000
2 0.798000 0.810000 0.116000 0.112000
11 0.414000 0.726000 0.044000 0.048000
11 0.847000 0.648000 0.046000 0.028000
2 0.593000 0.971000 0.106000 0.054000
2 0.631000 0.195000 0.142000 0.154000
11 0.770000 0.654000 0.052000 0.032000
11 0.590000 0.738000 0.032000 0.032000
11 0.337000 0.647000 0.046000 0.026000
11 0.721000 0.654000 0.046000 0.024000
11 0.102000 0.973000 0.032000 0.042000
2 0.071000 0.721000 0.142000 0.334000
2 0.839000 0.165000 0.126000 0.146000
11 0.393000 0.650000 0.050000 0.024000
2 0.961000 0.258000 0.074000 0.112000
11 0.130000 0.975000 0.024000 0.046000
11 0.157000 0.978000 0.026000 0.040000
11 0.010000 0.950000 0.020000 0.052000
11 0.980000 0.698000 0.036000 0.036000
2 0.582000 0.068000 0.064000 0.088000
2 0.943000 0.411000 0.110000 0.098000
11 0.439000 0.650000 0.046000 0.024000
2 0.444150 0.146920 0.152300 0.113840
