11 0.678000 0.599000 0.032000 0.050000
11 0.729220 0.842380 0.038440 0.060760
11 0.770000 0.835000 0.032000 0.050000
11 0.786000 0.213000 0.028000 0.050000
11 0.714000 0.250000 0.032000 0.052000
11 0.019000 0.175000 0.038000 0.034000
11 0.834000 0.384000 0.032000 0.048000
11 0.943000 0.904000 0.046000 0.060000
11 0.822000 0.478000 0.032000 0.052000
11 0.592000 0.116000 0.028000 0.052000
11 0.749000 0.392000 0.026000 0.048000
11 0.074000 0.016000 0.044000 0.032000
11 0.792000 0.516000 0.032000 0.048000
11 0.888000 0.779000 0.036000 0.058000
11 0.840000 0.656000 0.032000 0.048000
11 0.784000 0.362000 0.032000 0.052000
2 0.071000 0.846000 0.142000 0.148000
11 0.465000 0.043000 0.026000 0.054000
11 0.534000 0.143000 0.032000 0.058000
11 0.540000 0.331000 0.028000 0.054000
11 0.017000 0.204000 0.034000 0.024000
11 0.020000 0.742000 0.036000 0.024000
11 0.860000 0.707000 0.028000 0.038000
11 0.762000 0.279000 0.028000 0.042000
6 0.726880 0.094060 0.065760 0.184120
6 0.971960 0.783920 0.055920 0.087840
11 0.872260 0.511420 0.028520 0.050840
11 0.889500 0.676660 0.031000 0.053320
2 0.076890 0.459490 0.153780 0.314980
