2 0.662000 0.402000 0.268000 0.520000
2 0.738000 0.839000 0.520000 0.318000
7 0.914000 0.156000 0.032000 0.060000
7 0.926660 0.213320 0.029320 0.054640
11 0.606000 0.236000 0.028000 0.040000
11 0.465000 0.643000 0.030000 0.038000
11 0.414000 0.867000 0.032000 0.050000
11 0.430000 0.814000 0.036000 0.064000
11 0.964000 0.053000 0.024000 0.050000
2 0.171000 0.442000 0.266000 0.556000
11 0.972000 0.334000 0.028000 0.048000
11 0.495000 0.557000 0.026000 0.042000
11 0.989000 0.183000 0.018000 0.050000
