2 0.204000 0.374000 0.360000 0.236000
2 0.934000 0.420000 0.128000 0.140000
2 0.943000 0.680000 0.110000 0.156000
2 0.245000 0.776000 0.482000 0.444000
11 0.086000 0.592000 0.052000 0.028000
2 0.491380 0.223690 0.350760 0.255380
11 0.387000 0.079000 0.038000 0.042000
2 0.149000 0.082000 0.294000 0.164000
11 0.267000 0.009000 0.042000 0.018000
2 0.728000 0.832770 0.532000 0.329540
11 0.415000 0.008000 0.042000 0.016000
2 0.677000 0.547000 0.606000 0.266000
11 0.320000 0.030000 0.040000 0.044000
11 0.541000 0.077000 0.046000 0.038000
11 0.567000 0.160000 0.042000 0.040000
11 0.984000 0.522000 0.028000 0.028000
7 0.589380 0.407690 0.050760 0.035380
7 0.645230 0.390000 0.058460 0.040000
2 0.819230 0.864460 0.258460 0.176920
