2 0.917000 0.797000 0.162000 0.402000
2 0.476000 0.848000 0.288000 0.300000
2 0.087000 0.714000 0.170000 0.244000
2 0.430000 0.196000 0.176000 0.220000
2 0.217000 0.537000 0.190000 0.230000
3 0.557000 0.391000 0.086000 0.066000
3 0.763000 0.658000 0.102000 0.060000
3 0.732000 0.372000 0.088000 0.064000
11 0.757000 0.477000 0.042000 0.030000
2 0.348000 0.385000 0.176000 0.222000
2 0.917000 0.085000 0.162000 0.170000
11 0.571000 0.498000 0.050000 0.040000
3 0.848000 0.501000 0.060000 0.090000
2 0.082000 0.128000 0.164000 0.252000
