2 0.048000 0.883000 0.096000 0.150000
3 0.813000 0.791000 0.074000 0.130000
11 0.464000 0.352000 0.032000 0.044000
11 0.407000 0.393000 0.042000 0.058000
11 0.941000 0.858000 0.034000 0.052000
11 0.902000 0.751000 0.028000 0.050000
2 0.374770 0.608620 0.321540 0.249240
11 0.509000 0.557000 0.038000 0.050000
3 0.862000 0.704000 0.096000 0.060000
3 0.689000 0.786000 0.082000 0.100000
11 0.456000 0.478000 0.040000 0.052000
11 0.914000 0.805000 0.032000 0.046000
11 0.969000 0.916000 0.034000 0.048000
2 0.752000 0.425000 0.200000 0.622000
2 0.559000 0.064000 0.586000 0.128000
2 0.500460 0.814000 0.296920 0.220000
11 0.587000 0.686000 0.038000 0.052000
11 0.877000 0.016000 0.022000 0.032000
2 0.325000 0.941000 0.246000 0.114000
11 0.754000 0.756000 0.048000 0.032000
11 0.932000 0.017000 0.024000 0.034000
11 0.853000 0.439000 0.022000 0.046000
11 0.538000 0.605000 0.040000 0.054000
2 0.656000 0.931000 0.168000 0.134000
2 0.089230 0.056920 0.178460 0.113840
2 0.171380 0.155540 0.190760 0.183080
2 0.186920 0.366000 0.373840 0.320000
2 0.407690 0.746920 0.255380 0.193840
