2 0.682000 0.800000 0.136000 0.140000
2 0.634500 0.583130 0.305000 0.290260
2 0.226000 0.572000 0.452000 0.652000
2 0.932000 0.565000 0.132000 0.146000
11 0.240250 0.781500 0.040500 0.051000
7 0.460250 0.550500 0.052500 0.065000
11 0.479000 0.523000 0.042000 0.046000
7 0.329870 0.699870 0.043740 0.063740
7 0.378000 0.640000 0.048000 0.060000
11 0.829000 0.831000 0.042000 0.042000
2 0.564000 0.902000 0.128000 0.128000
2 0.425000 0.973000 0.130000 0.050000
7 0.426000 0.596000 0.044000 0.056000
7 0.392000 0.167000 0.048000 0.050000
7 0.298000 0.722000 0.044000 0.064000
7 0.009000 0.886000 0.018000 0.052000
11 0.452000 0.747000 0.040000 0.042000
6 0.136130 0.893880 0.076260 0.083760
6 0.250130 0.960380 0.056260 0.068760
6 0.276000 0.940130 0.060000 0.056260
6 0.228000 0.979000 0.056000 0.042000
6 0.427250 0.087750 0.062500 0.067500
7 0.367750 0.149630 0.047500 0.051260
2 0.900250 0.680380 0.112500 0.128760
