7 0.490000 0.252000 0.044000 0.060000
2 0.559000 0.720000 0.306000 0.208000
2 0.940000 0.869000 0.116000 0.258000
11 0.383000 0.077000 0.038000 0.046000
7 0.726000 0.608000 0.048000 0.060000
7 0.583000 0.496000 0.046000 0.060000
2 0.039000 0.068000 0.078000 0.136000
11 0.763000 0.657000 0.030000 0.038000
2 0.056000 0.936000 0.112000 0.124000
11 0.419000 0.248000 0.038000 0.048000
2 0.862000 0.604000 0.272000 0.272000
2 0.516000 0.070000 0.200000 0.140000
11 0.287000 0.036000 0.034000 0.040000
2 0.680000 0.336000 0.296000 0.356000
2 0.978000 0.346000 0.040000 0.116000
2 0.027000 0.464000 0.054000 0.228000
11 0.840000 0.763000 0.032000 0.038000
11 0.310000 0.078000 0.040000 0.044000
7 0.340000 0.017000 0.040000 0.034000
2 0.892000 0.129000 0.212000 0.202000
11 0.367000 0.162000 0.034000 0.036000
7 0.862000 0.798000 0.032000 0.052000
2 0.594000 0.904000 0.504000 0.188000
2 0.396000 0.501000 0.300000 0.230000
2 0.014000 0.728000 0.028000 0.208000
