11 0.569000 0.904000 0.046000 0.044000
3 0.902000 0.359000 0.148000 0.118000
2 0.794570 0.801550 0.173140 0.207100
11 0.761000 0.695000 0.034000 0.042000
11 0.816000 0.108000 0.032000 0.044000
11 0.645000 0.818000 0.042000 0.036000
11 0.911000 0.300000 0.038000 0.052000
2 0.244000 0.959000 0.172000 0.078000
2 0.411000 0.807000 0.334000 0.310000
11 0.270000 0.828000 0.028000 0.020000
3 0.964000 0.611000 0.068000 0.074000
11 0.991000 0.489000 0.014000 0.046000
2 0.092000 0.381000 0.184000 0.330000
2 0.059000 0.793000 0.118000 0.394000
2 0.969000 0.061000 0.058000 0.122000
2 0.180000 0.115000 0.360000 0.230000
2 0.436370 0.077800 0.200740 0.155600
2 0.509600 0.341870 0.319200 0.299740
2 0.694920 0.541790 0.181840 0.219580
2 0.583020 0.671560 0.170040 0.163120
2 0.504120 0.161700 0.212240 0.195400
