11 0.325000 0.625000 0.046000 0.046000
11 0.089000 0.490000 0.050000 0.036000
3 0.245000 0.302000 0.070000 0.092000
11 0.066000 0.333000 0.048000 0.034000
2 0.111000 0.774000 0.222000 0.180000
11 0.021000 0.536000 0.042000 0.036000
9 0.087000 0.432000 0.174000 0.192000
7 0.055000 0.247000 0.066000 0.054000
7 0.236090 0.456240 0.072180 0.048480
2 0.533000 0.689000 0.522000 0.350000
11 0.139000 0.665000 0.022000 0.038000
10 0.122000 0.969000 0.244000 0.058000
11 0.142000 0.390000 0.028000 0.044000
7 0.149000 0.591000 0.058000 0.034000
11 0.173000 0.393000 0.030000 0.046000
11 0.008000 0.376000 0.016000 0.032000
11 0.012000 0.700000 0.024000 0.032000
11 0.537000 0.380000 0.046000 0.036000
2 0.137000 0.026000 0.274000 0.052000
7 0.910070 0.261000 0.064140 0.046000
7 0.746760 0.308220 0.065520 0.040440
