2 0.855000 0.836000 0.286000 0.324000
2 0.325000 0.218000 0.146000 0.132000
11 0.511000 0.209000 0.042000 0.046000
11 0.612000 0.323000 0.040000 0.042000
2 0.299000 0.484000 0.122000 0.132000
11 0.475000 0.172000 0.038000 0.044000
11 0.543000 0.248000 0.042000 0.048000
2 0.428000 0.476000 0.104000 0.112000
11 0.395000 0.091000 0.042000 0.046000
7 0.661000 0.331000 0.046000 0.054000
11 0.580000 0.288000 0.040000 0.044000
11 0.712000 0.897000 0.044000 0.046000
3 0.548000 0.765000 0.080000 0.090000
11 0.629000 0.263000 0.038000 0.038000
2 0.512000 0.035000 0.140000 0.070000
2 0.034000 0.892460 0.068000 0.136920
7 0.581000 0.654000 0.042000 0.052000
2 0.689000 0.143000 0.286000 0.190000
11 0.531000 0.160000 0.038000 0.040000
2 0.180000 0.749000 0.176000 0.174000
2 0.500000 0.387000 0.164000 0.162000
2 0.543000 0.954000 0.198000 0.088000
2 0.221000 0.113000 0.158000 0.162000
11 0.787230 0.976150 0.038460 0.032300
11 0.809000 0.992000 0.038000 0.012000
2 0.070000 0.512500 0.140000 0.249000
2 0.852500 0.112500 0.097000 0.109000
11 0.746770 0.929850 0.041540 0.047700
