2 0.413000 0.733000 0.134000 0.126000
2 0.733000 0.332000 0.126000 0.148000
11 0.610000 0.108000 0.056000 0.044000
2 0.285000 0.083000 0.150000 0.134000
7 0.263000 0.745000 0.054000 0.046000
11 0.510000 0.072000 0.060000 0.040000
11 0.722000 0.140000 0.056000 0.036000
11 0.124000 0.223000 0.032000 0.042000
11 0.774000 0.153000 0.048000 0.030000
2 0.904000 0.924000 0.136000 0.148000
11 0.450000 0.042000 0.052000 0.036000
11 0.932000 0.187000 0.060000 0.030000
11 0.800000 0.250000 0.028000 0.040000
11 0.029000 0.624000 0.050000 0.036000
2 0.064000 0.112000 0.128000 0.192000
2 0.614000 0.572000 0.120000 0.120000
2 0.157000 0.400000 0.134000 0.136000
11 0.487000 0.858000 0.050000 0.040000
2 0.224000 0.239000 0.120000 0.122000
11 0.386000 0.016000 0.044000 0.032000
2 0.947000 0.029000 0.102000 0.058000
2 0.019000 0.260000 0.038000 0.116000
2 0.906000 0.292000 0.176000 0.140000
2 0.479000 0.971000 0.178000 0.054000
11 0.370000 0.801000 0.060000 0.042000
2 0.482000 0.418000 0.128000 0.108000
2 0.760000 0.008000 0.116000 0.016000
2 0.224620 0.649770 0.165240 0.151540
7 0.322000 0.722000 0.044000 0.056000
2 0.067000 0.550000 0.126000 0.120000
2 0.418000 0.127000 0.100000 0.114000
2 0.855960 0.850590 0.127920 0.117180
2 0.124450 0.611170 0.068900 0.074340
2 0.280390 0.568690 0.144780 0.117380
2 0.768320 0.439220 0.072640 0.058440
2 0.191240 0.859890 0.094480 0.107780
2 0.836330 0.537860 0.076660 0.071720
2 0.786510 0.818220 0.129020 0.132440
2 0.806810 0.606210 0.065620 0.068420
2 0.727760 0.526390 0.139520 0.144780
2 0.555610 0.468900 0.071220 0.057800
2 0.645610 0.752880 0.123220 0.129760
2 0.855110 0.970990 0.074220 0.053980
11 0.245730 0.794140 0.043460 0.032280
2 0.727560 0.794710 0.099120 0.097420
