2 0.828000 0.553000 0.240000 0.242000
2 0.365000 0.501000 0.130000 0.126000
2 0.167000 0.349000 0.142000 0.146000
11 0.719000 0.903000 0.050000 0.042000
11 0.257000 0.575000 0.050000 0.042000
11 0.096000 0.462000 0.044000 0.036000
2 0.480000 0.896000 0.156000 0.148000
11 0.175000 0.522000 0.050000 0.044000
2 0.691000 0.716000 0.170000 0.156000
11 0.049000 0.435000 0.042000 0.034000
11 0.814000 0.966000 0.036000 0.036000
11 0.961000 0.133000 0.046000 0.038000
2 0.918000 0.252000 0.160000 0.160000
11 0.013000 0.412000 0.026000 0.036000
2 0.297000 0.812000 0.206000 0.152000
2 0.973000 0.922000 0.050000 0.124000
7 0.297140 0.675570 0.034280 0.067140
11 0.118000 0.987000 0.044000 0.022000
11 0.641000 0.844000 0.050000 0.040000
2 0.852000 0.851000 0.148000 0.130000
11 0.413000 0.689000 0.046000 0.038000
2 0.470000 0.582000 0.140000 0.140000
2 0.631000 0.959000 0.198000 0.078000
2 0.320000 0.250000 0.136000 0.140000
2 0.160000 0.747000 0.180000 0.126000
2 0.034000 0.247000 0.068000 0.126000
11 0.991000 0.162000 0.014000 0.036000
11 0.594000 0.814000 0.040000 0.036000
11 0.857000 0.987000 0.042000 0.022000
11 0.439710 0.779570 0.031420 0.047140
11 0.502000 0.749000 0.048000 0.038000
2 0.709230 0.096150 0.198460 0.172300
2 0.460860 0.029290 0.145720 0.058580
11 0.553120 0.785670 0.046240 0.039340
