2 0.039000 0.421000 0.078000 0.102000
2 0.427000 0.064000 0.310000 0.128000
2 0.708000 0.736000 0.580000 0.524000
11 0.396000 0.125000 0.044000 0.034000
3 0.644000 0.243000 0.060000 0.086000
3 0.492000 0.205000 0.060000 0.094000
3 0.534000 0.324000 0.068000 0.052000
11 0.976000 0.386000 0.044000 0.036000
11 0.874000 0.350000 0.048000 0.040000
2 0.131000 0.296000 0.106000 0.116000
11 0.023000 0.007000 0.046000 0.014000
3 0.594000 0.118000 0.080000 0.052000
11 0.222000 0.070000 0.056000 0.032000
2 0.809000 0.157000 0.378000 0.314000
7 0.701000 0.297000 0.050000 0.034000
