2 0.770000 0.437000 0.236000 0.206000
2 0.567000 0.617000 0.242000 0.218000
2 0.178000 0.065000 0.156000 0.130000
7 0.179000 0.453000 0.054000 0.050000
11 0.512000 0.038000 0.040000 0.044000
11 0.316000 0.955000 0.036000 0.034000
11 0.895000 0.180000 0.042000 0.044000
7 0.033000 0.499000 0.050000 0.046000
11 0.137000 0.589000 0.038000 0.034000
11 0.468000 0.886000 0.040000 0.040000
2 0.686000 0.061000 0.172000 0.122000
7 0.088000 0.537000 0.052000 0.042000
11 0.271000 0.982000 0.042000 0.032000
2 0.384000 0.104000 0.184000 0.180000
2 0.698000 0.904000 0.248000 0.188000
2 0.026000 0.841000 0.052000 0.130000
7 0.021700 0.477110 0.043400 0.042220
2 0.097940 0.287750 0.195880 0.315500
11 0.008000 0.427000 0.016000 0.042000
7 0.035140 0.351620 0.046280 0.043240
2 0.968000 0.140000 0.060000 0.132000
3 0.833000 0.025000 0.074000 0.050000
3 0.862000 0.140000 0.052000 0.064000
11 0.809000 0.268000 0.046000 0.044000
11 0.205000 0.281000 0.066000 0.050000
2 0.296000 0.867000 0.120000 0.126000
2 0.985000 0.698000 0.026000 0.112000
2 0.980000 0.538000 0.036000 0.192000
2 0.439000 0.966000 0.158000 0.064000
11 0.093000 0.434000 0.030000 0.032000
2 0.730000 0.184000 0.148000 0.132000
11 0.644000 0.765000 0.032000 0.034000
2 0.155160 0.955750 0.090320 0.087500
2 0.231640 0.924300 0.083280 0.112600
7 0.166600 0.425080 0.069200 0.062160
7 0.066390 0.514040 0.052780 0.048080
2 0.403740 0.792670 0.091480 0.097340
2 0.022870 0.700880 0.045740 0.113760
2 0.086510 0.126160 0.129020 0.124320
