7 0.153000 0.181000 0.050000 0.058000
6 0.228000 0.202000 0.056000 0.072000
2 0.405000 0.200000 0.418000 0.400000
3 0.054000 0.899000 0.108000 0.070000
2 0.932000 0.057000 0.132000 0.114000
11 0.226000 0.279000 0.036000 0.046000
7 0.232000 0.927000 0.052000 0.034000
11 0.689000 0.824000 0.038000 0.028000
11 0.814000 0.788000 0.048000 0.032000
3 0.865000 0.793000 0.094000 0.106000
11 0.932000 0.984000 0.044000 0.028000
2 0.216000 0.505000 0.432000 0.338000
2 0.702000 0.537000 0.592000 0.366000
2 0.071000 0.185000 0.142000 0.294000
11 0.268000 0.346000 0.036000 0.044000
7 0.980000 0.710000 0.036000 0.032000
11 0.351000 0.455000 0.034000 0.042000
3 0.135000 0.030000 0.070000 0.060000
2 0.863000 0.238000 0.254000 0.232000
11 0.901000 0.766000 0.038000 0.032000
11 0.707000 0.944000 0.054000 0.036000
11 0.297000 0.379000 0.030000 0.038000
2 0.240600 0.824890 0.121200 0.109780
2 0.752150 0.138310 0.292300 0.276620
