2 0.721000 0.899000 0.230000 0.198000
2 0.318000 0.310000 0.176000 0.164000
2 0.190000 0.158000 0.124000 0.132000
2 0.541000 0.425000 0.158000 0.134000
2 0.141000 0.842000 0.134000 0.140000
2 0.596000 0.056000 0.156000 0.112000
2 0.802000 0.650000 0.264000 0.244000
2 0.147000 0.493000 0.122000 0.162000
2 0.948000 0.052000 0.100000 0.104000
2 0.556000 0.768000 0.128000 0.120000
2 0.452000 0.854000 0.124000 0.088000
2 0.091000 0.039000 0.118000 0.078000
2 0.227000 0.631000 0.150000 0.114000
2 0.726000 0.043000 0.128000 0.086000
11 0.901000 0.418000 0.046000 0.040000
2 0.947000 0.835000 0.102000 0.170000
11 0.809000 0.356000 0.046000 0.044000
11 0.906000 0.541000 0.048000 0.038000
2 0.881000 0.284000 0.154000 0.208000
11 0.857000 0.389000 0.042000 0.034000
11 0.246000 0.019000 0.044000 0.038000
3 0.754000 0.281000 0.064000 0.070000
2 0.389000 0.985000 0.114000 0.026000
2 0.976000 0.285000 0.044000 0.142000
11 0.476000 0.186000 0.028000 0.028000
7 0.634000 0.282000 0.056000 0.048000
11 0.444000 0.158000 0.044000 0.044000
11 0.559000 0.238000 0.054000 0.044000
11 0.850000 0.875000 0.028000 0.046000
2 0.639690 0.527850 0.135380 0.127700
2 0.470000 0.749230 0.080000 0.118460
2 0.180620 0.728770 0.149240 0.141540
2 0.124000 0.952000 0.120000 0.096000
