2 0.790000 0.924000 0.416000 0.148000
2 0.126000 0.573000 0.252000 0.186000
2 0.376000 0.601000 0.180000 0.202000
11 0.241000 0.802000 0.050000 0.040000
3 0.176000 0.879000 0.080000 0.054000
11 0.312000 0.254000 0.028000 0.044000
2 0.078000 0.179000 0.156000 0.166000
2 0.074000 0.943000 0.148000 0.110000
3 0.465000 0.946000 0.058000 0.088000
2 0.685000 0.550000 0.194000 0.252000
3 0.219000 0.352000 0.050000 0.072000
3 0.414000 0.857000 0.088000 0.050000
2 0.834000 0.379000 0.328000 0.206000
2 0.834000 0.076430 0.328000 0.152860
2 0.226200 0.081680 0.196400 0.127360
7 0.303000 0.816000 0.062000 0.032000
2 0.451000 0.168000 0.218000 0.196000
2 0.092000 0.428000 0.184000 0.116000
2 0.883000 0.633000 0.230000 0.074000
2 0.314000 0.975000 0.256000 0.046000
2 0.417270 0.322710 0.170540 0.145420
2 0.375920 0.440800 0.175840 0.125600
2 0.530140 0.623430 0.124280 0.122860
2 0.793290 0.175710 0.198580 0.171420
