11 0.291000 0.512000 0.038000 0.040000
11 0.071000 0.733000 0.038000 0.050000
11 0.247000 0.497000 0.038000 0.042000
11 0.038000 0.781000 0.036000 0.038000
11 0.245000 0.967000 0.030000 0.046000
11 0.394000 0.849000 0.040000 0.050000
11 0.080000 0.672000 0.032000 0.060000
11 0.176000 0.567000 0.036000 0.042000
11 0.078000 0.058000 0.044000 0.040000
7 0.310620 0.893750 0.041240 0.059500
11 0.984000 0.893000 0.028000 0.046000
11 0.317380 0.821380 0.038760 0.038760
11 0.340750 0.805380 0.037500 0.038760
7 0.377250 0.766120 0.058500 0.052240
11 0.911000 0.984000 0.038000 0.028000
11 0.263630 0.948500 0.031260 0.045000
11 0.280000 0.923000 0.036000 0.042000
11 0.327000 0.865000 0.034000 0.038000
2 0.718000 0.057000 0.236000 0.114000
6 0.025000 0.024000 0.050000 0.048000
6 0.374000 0.420000 0.088000 0.104000
11 0.957000 0.941000 0.054000 0.050000
11 0.091000 0.007000 0.026000 0.014000
2 0.270000 0.254000 0.524000 0.508000
2 0.622620 0.280380 0.321240 0.348760
