11 0.320000 0.401000 0.044000 0.034000
7 0.570000 0.327000 0.064000 0.046000
11 0.071000 0.214000 0.050000 0.036000
11 0.927000 0.323000 0.050000 0.046000
11 0.171000 0.642000 0.046000 0.036000
11 0.268000 0.675000 0.048000 0.038000
11 0.973000 0.783000 0.050000 0.042000
11 0.283000 0.355000 0.054000 0.038000
6 0.061000 0.350000 0.106000 0.068000
11 0.443000 0.411000 0.050000 0.042000
11 0.079000 0.583000 0.050000 0.038000
11 0.368000 0.238000 0.048000 0.040000
11 0.217000 0.657000 0.046000 0.038000
11 0.043000 0.274000 0.050000 0.036000
11 0.673000 0.426000 0.050000 0.036000
11 0.440000 0.735000 0.056000 0.046000
11 0.172000 0.317000 0.048000 0.038000
7 0.473190 0.459920 0.070380 0.051840
11 0.017000 0.438000 0.034000 0.040000
11 0.934000 0.902000 0.048000 0.036000
11 0.016000 0.536000 0.032000 0.044000
11 0.731000 0.834000 0.046000 0.032000
11 0.108000 0.622000 0.044000 0.032000
2 0.236000 0.903000 0.472000 0.190000
11 0.788000 0.538000 0.040000 0.052000
2 0.885000 0.072000 0.226000 0.144000
