2 0.576000 0.731000 0.124000 0.130000
2 0.748000 0.466000 0.092000 0.120000
2 0.168000 0.281000 0.128000 0.126000
2 0.244000 0.603000 0.120000 0.114000
2 0.485000 0.085000 0.138000 0.142000
2 0.222000 0.954000 0.116000 0.088000
2 0.659000 0.573000 0.134000 0.102000
11 0.738000 0.763000 0.032000 0.038000
2 0.479000 0.872000 0.114000 0.116000
2 0.035000 0.391000 0.070000 0.130000
3 0.849000 0.783000 0.070000 0.050000
11 0.529000 0.821000 0.034000 0.042000
2 0.649000 0.309000 0.134000 0.142000
2 0.705000 0.955000 0.098000 0.086000
2 0.424000 0.962000 0.096000 0.072000
2 0.064000 0.760000 0.128000 0.124000
3 0.865000 0.160000 0.074000 0.040000
2 0.143000 0.046000 0.286000 0.092000
11 0.807000 0.321000 0.022000 0.030000
2 0.954000 0.490000 0.088000 0.720000
2 0.976000 0.959000 0.044000 0.078000
2 0.052000 0.984000 0.096000 0.028000
2 0.477900 0.471900 0.123800 0.123800
2 0.607700 0.447060 0.203400 0.106120
2 0.504480 0.353350 0.156960 0.122700
2 0.420800 0.535400 0.121600 0.102800
2 0.241560 0.219220 0.127120 0.130440
2 0.303350 0.183010 0.122700 0.126020
2 0.380060 0.112960 0.148120 0.145920
2 0.103980 0.675480 0.135960 0.114960
11 0.079210 0.432660 0.046420 0.045320
