2 0.915000 0.887000 0.166000 0.222000
2 0.190000 0.562000 0.380000 0.316000
2 0.396000 0.964000 0.188000 0.068000
11 0.464000 0.800000 0.032000 0.048000
11 0.360000 0.727000 0.032000 0.046000
2 0.613000 0.957000 0.226000 0.082000
11 0.534000 0.645000 0.032000 0.050000
2 0.177930 0.133370 0.219860 0.194740
11 0.510000 0.596000 0.036000 0.048000
7 0.693000 0.617000 0.046000 0.070000
11 0.509000 0.049000 0.026000 0.050000
11 0.774000 0.689000 0.032000 0.046000
2 0.618990 0.360950 0.337980 0.237900
11 0.654000 0.645000 0.032000 0.042000
11 0.604000 0.767000 0.032000 0.038000
2 0.035000 0.285000 0.070000 0.166000
11 0.518000 0.114000 0.020000 0.044000
11 0.501000 0.010000 0.022000 0.020000
11 0.016000 0.429000 0.032000 0.030000
7 0.645000 0.756000 0.042000 0.064000
2 0.708000 0.067000 0.388000 0.134000
2 0.887000 0.397000 0.226000 0.374000
2 0.356310 0.112660 0.200620 0.225320
