2 0.871000 0.908000 0.254000 0.180000
2 0.328000 0.481000 0.324000 0.266000
2 0.607000 0.722000 0.310000 0.204000
11 0.447000 0.797000 0.038000 0.042000
11 0.512000 0.871000 0.040000 0.042000
11 0.064000 0.851000 0.036000 0.054000
11 0.106000 0.939000 0.040000 0.054000
11 0.932000 0.583000 0.040000 0.046000
11 0.017000 0.756000 0.034000 0.052000
11 0.305000 0.637000 0.042000 0.046000
11 0.336000 0.675000 0.036000 0.030000
2 0.244000 0.844000 0.264000 0.300000
2 0.624010 0.381000 0.304020 0.402000
2 0.985000 0.658000 0.026000 0.236000
11 0.411000 0.760000 0.038000 0.032000
2 0.292000 0.112000 0.304000 0.224000
2 0.744870 0.140250 0.193740 0.220500
2 0.880830 0.328460 0.237660 0.188920
2 0.660000 0.920000 0.216000 0.160000
