2 0.054500 0.179270 0.109000 0.170540
2 0.219430 0.135280 0.262860 0.270560
11 0.859560 0.339090 0.035120 0.050180
11 0.035100 0.669560 0.054200 0.035120
11 0.339080 0.544560 0.046160 0.033120
2 0.311460 0.914970 0.250920 0.169940
3 0.835210 0.161690 0.198420 0.211380
11 0.782070 0.260110 0.036140 0.060220
11 0.707080 0.144600 0.046160 0.053200
11 0.739080 0.124610 0.046160 0.061220
6 0.645200 0.072130 0.106400 0.072260
2 0.084290 0.465570 0.168580 0.287140
2 0.559430 0.285570 0.302860 0.267140
2 0.411000 0.726000 0.258000 0.220000
2 0.693000 0.850000 0.342000 0.296000
7 0.608000 0.429000 0.068000 0.042000
7 0.718000 0.376000 0.060000 0.044000
11 0.401000 0.512000 0.046000 0.032000
2 0.637000 0.560000 0.318000 0.184000
7 0.950000 0.818000 0.032000 0.064000
2 0.264000 0.369000 0.300000 0.246000
2 0.043000 0.806000 0.086000 0.152000
11 0.870000 0.386000 0.028000 0.044000
11 0.973000 0.913000 0.042000 0.070000
11 0.872000 0.458000 0.032000 0.056000
2 0.433000 0.144000 0.206000 0.172000
7 0.804000 0.417000 0.056000 0.054000
11 0.094000 0.645000 0.040000 0.034000
11 0.842000 0.405000 0.028000 0.050000
11 0.561000 0.483000 0.050000 0.034000
11 0.754000 0.405000 0.036000 0.030000
11 0.693000 0.428000 0.046000 0.032000
7 0.088000 0.012000 0.048000 0.024000
11 0.916000 0.820000 0.028000 0.060000
11 0.506000 0.472000 0.052000 0.040000
7 0.828000 0.349000 0.036000 0.058000
11 0.832000 0.486000 0.028000 0.044000
2 0.199000 0.744000 0.174000 0.204000
11 0.932000 0.735000 0.032000 0.054000
