11 0.643000 0.388000 0.038000 0.052000
3 0.478000 0.483000 0.088000 0.098000
11 0.378000 0.745000 0.048000 0.046000
11 0.543000 0.813000 0.042000 0.038000
3 0.785600 0.563910 0.059200 0.055820
11 0.849000 0.525000 0.042000 0.050000
2 0.177230 0.751710 0.354460 0.411420
11 0.302000 0.818000 0.032000 0.036000
11 0.754000 0.847000 0.036000 0.046000
11 0.695000 0.822000 0.042000 0.056000
11 0.779000 0.904000 0.034000 0.052000
11 0.264000 0.853000 0.040000 0.042000
11 0.795000 0.966000 0.026000 0.056000
11 0.886710 0.008000 0.033420 0.016000
2 0.360170 0.088380 0.228340 0.176760
11 0.744000 0.982000 0.028000 0.032000
3 0.060000 0.479000 0.064000 0.114000
2 0.959000 0.516740 0.078000 0.185480
2 0.562490 0.958820 0.204980 0.081640
2 0.133460 0.139600 0.266920 0.211200
3 0.415530 0.685140 0.063060 0.058280
3 0.676100 0.766240 0.076200 0.072480
