2 0.122000 0.182000 0.244000 0.364000
2 0.571000 0.795000 0.162000 0.166000
2 0.877000 0.686000 0.126000 0.116000
2 0.110000 0.663000 0.120000 0.126000
7 0.825000 0.788000 0.050000 0.060000
2 0.895000 0.539000 0.142000 0.134000
2 0.707000 0.474000 0.158000 0.180000
2 0.514000 0.104000 0.376000 0.208000
2 0.433000 0.594000 0.214000 0.244000
11 0.707000 0.814000 0.038000 0.048000
3 0.364000 0.240000 0.088000 0.088000
2 0.957000 0.081000 0.082000 0.138000
11 0.520000 0.573000 0.040000 0.054000
11 0.847000 0.025000 0.038000 0.034000
2 0.079000 0.456000 0.158000 0.176000
11 0.014000 0.657000 0.028000 0.046000
2 0.717000 0.931000 0.222000 0.134000
11 0.960000 0.835000 0.032000 0.042000
11 0.865000 0.976000 0.038000 0.044000
2 0.862000 0.315000 0.096000 0.086000
11 0.645000 0.738000 0.050000 0.060000
2 0.124000 0.904000 0.156000 0.136000
2 0.985000 0.885000 0.026000 0.134000
