2 0.912150 0.527620 0.172300 0.275240
14 0.099210 0.183810 0.198420 0.367620
2 0.175000 0.878000 0.334000 0.240000
2 0.569000 0.092000 0.126000 0.124000
2 0.912000 0.031000 0.168000 0.062000
2 0.592000 0.426000 0.120000 0.120000
2 0.383000 0.700000 0.138000 0.148000
2 0.968000 0.921000 0.060000 0.154000
2 0.718000 0.081000 0.096000 0.102000
2 0.436000 0.475000 0.104000 0.110000
2 0.577000 0.946000 0.142000 0.104000
2 0.622000 0.311000 0.120000 0.122000
2 0.622000 0.836000 0.136000 0.128000
2 0.463000 0.605000 0.126000 0.126000
2 0.827090 0.312230 0.118180 0.132460
2 0.436580 0.285000 0.217160 0.182000
2 0.737110 0.694060 0.126220 0.120120
