2 0.558000 0.638000 0.188000 0.184000
2 0.408000 0.086000 0.192000 0.172000
2 0.182000 0.618000 0.364000 0.492000
2 0.855000 0.527000 0.130000 0.138000
2 0.525000 0.279000 0.162000 0.154000
2 0.846000 0.368000 0.184000 0.152000
11 0.335000 0.531000 0.042000 0.038000
11 0.126000 0.869000 0.044000 0.038000
11 0.110000 0.902000 0.048000 0.036000
2 0.603000 0.851000 0.170000 0.166000
11 0.293000 0.596000 0.042000 0.036000
2 0.030000 0.233000 0.060000 0.118000
3 0.904000 0.716000 0.060000 0.064000
2 0.829000 0.959000 0.134000 0.078000
11 0.382000 0.640000 0.040000 0.032000
2 0.816000 0.071000 0.144000 0.142000
11 0.948000 0.279000 0.028000 0.046000
3 0.978000 0.682000 0.040000 0.060000
2 0.962000 0.948000 0.072000 0.100000
11 0.227000 0.704000 0.038000 0.032000
11 0.441000 0.529000 0.042000 0.034000
11 0.259000 0.834000 0.030000 0.032000
11 0.407000 0.598000 0.042000 0.032000
2 0.772000 0.783000 0.112000 0.134000
2 0.139000 0.969000 0.170000 0.058000
2 0.109000 0.013000 0.126000 0.026000
2 0.237000 0.026000 0.146000 0.052000
