3 0.292000 0.104000 0.108000 0.088000
3 0.666000 0.719000 0.092000 0.078000
11 0.657000 0.629000 0.046000 0.066000
7 0.043000 0.866000 0.054000 0.060000
2 0.694000 0.420000 0.380000 0.452000
11 0.505000 0.517000 0.034000 0.046000
11 0.398000 0.351000 0.028000 0.038000
11 0.526000 0.418000 0.036000 0.040000
11 0.053000 0.541000 0.034000 0.046000
11 0.346000 0.268000 0.032000 0.044000
3 0.945000 0.796000 0.098000 0.084000
3 0.184000 0.073000 0.068000 0.090000
11 0.987000 0.752000 0.022000 0.032000
2 0.140000 0.316000 0.280000 0.404000
11 0.298000 0.044000 0.036000 0.052000
2 0.293000 0.768000 0.438000 0.288000
11 0.543000 0.682000 0.022000 0.032000
11 0.407000 0.232000 0.030000 0.044000
