7 0.847000 0.580000 0.046000 0.060000
11 0.610000 0.695000 0.036000 0.050000
4 0.689000 0.164000 0.618000 0.328000
11 0.384000 0.809000 0.040000 0.046000
11 0.526000 0.744000 0.028000 0.036000
11 0.388000 0.906000 0.032000 0.036000
11 0.446000 0.892000 0.036000 0.056000
11 0.695000 0.661000 0.042000 0.054000
11 0.433000 0.969000 0.030000 0.034000
11 0.579000 0.946000 0.042000 0.040000
7 0.532000 0.859000 0.056000 0.046000
7 0.410000 0.798000 0.044000 0.052000
2 0.785460 0.810620 0.302920 0.237240
11 0.605000 0.984000 0.046000 0.028000
11 0.358000 0.920000 0.028000 0.028000
2 0.023000 0.914000 0.046000 0.144000
11 0.374000 0.989000 0.040000 0.018000
2 0.950000 0.700000 0.096000 0.200000
7 0.456000 0.774000 0.044000 0.060000
11 0.545000 0.884000 0.038000 0.036000
11 0.432000 0.786000 0.032000 0.048000
11 0.469000 0.946000 0.038000 0.052000
2 0.295000 0.377000 0.130000 0.290000
11 0.462000 0.994000 0.028000 0.008000
