2 0.572000 0.756000 0.168000 0.136000
2 0.257000 0.596000 0.242000 0.156000
11 0.370000 0.731000 0.048000 0.038000
11 0.637000 0.544000 0.046000 0.032000
7 0.164000 0.194000 0.060000 0.044000
11 0.527000 0.363000 0.038000 0.034000
11 0.352000 0.384000 0.044000 0.032000
11 0.566000 0.413000 0.040000 0.038000
2 0.555000 0.884000 0.222000 0.092000
11 0.230000 0.352000 0.044000 0.036000
11 0.067000 0.655000 0.022000 0.042000
11 0.619000 0.503000 0.038000 0.030000
11 0.231000 0.383000 0.046000 0.022000
11 0.421000 0.396000 0.042000 0.040000
11 0.322400 0.220390 0.040800 0.028780
11 0.312000 0.194000 0.048000 0.032000
11 0.657000 0.588000 0.046000 0.028000
11 0.155000 0.318000 0.038000 0.028000
11 0.226000 0.283000 0.040000 0.026000
11 0.150000 0.242000 0.044000 0.028000
11 0.321000 0.270000 0.042000 0.028000
11 0.223000 0.234000 0.034000 0.032000
11 0.593000 0.458000 0.042000 0.040000
11 0.010000 0.618000 0.020000 0.032000
11 0.337000 0.337000 0.062000 0.034000
11 0.153000 0.269000 0.050000 0.030000
11 0.506000 0.329000 0.032000 0.030000
11 0.541000 0.585000 0.046000 0.042000
11 0.440000 0.619000 0.032000 0.054000
2 0.599000 0.032000 0.282000 0.064000
2 0.251000 0.987000 0.218000 0.022000
11 0.044000 0.213000 0.024000 0.054000
2 0.573000 0.969000 0.434000 0.058000
11 0.006000 0.546000 0.012000 0.028000
11 0.070000 0.272000 0.024000 0.052000
11 0.008000 0.756000 0.016000 0.052000
2 0.823000 0.630000 0.350000 0.276000
11 0.007000 0.589000 0.014000 0.034000
