2 0.710000 0.485000 0.144000 0.202000
11 0.851000 0.589000 0.038000 0.050000
11 0.813000 0.550000 0.038000 0.036000
11 0.193000 0.217000 0.042000 0.042000
11 0.923000 0.453000 0.042000 0.042000
11 0.057000 0.129000 0.042000 0.042000
11 0.375000 0.366000 0.034000 0.044000
11 0.883000 0.557000 0.038000 0.042000
3 0.776000 0.621000 0.084000 0.078000
11 0.931000 0.841000 0.042000 0.038000
11 0.971000 0.482000 0.038000 0.036000
11 0.553000 0.775000 0.042000 0.042000
7 0.353000 0.582000 0.054000 0.048000
11 0.895000 0.480000 0.034000 0.032000
2 0.371000 0.832000 0.282000 0.332000
3 0.331000 0.523000 0.062000 0.074000
11 0.123000 0.835000 0.038000 0.042000
11 0.631000 0.209000 0.022000 0.046000
11 0.570000 0.349000 0.024000 0.042000
11 0.573000 0.215000 0.026000 0.046000
11 0.571000 0.307000 0.022000 0.042000
11 0.982000 0.317000 0.032000 0.026000
11 0.633000 0.165000 0.026000 0.042000
2 0.249000 0.134000 0.402000 0.268000
2 0.978000 0.677000 0.040000 0.154000
11 0.871000 0.408000 0.022000 0.040000
11 0.022000 0.342000 0.040000 0.032000
11 0.911000 0.367000 0.018000 0.042000
2 0.763000 0.076000 0.150000 0.148000
11 0.625000 0.835000 0.046000 0.042000
11 0.571000 0.265000 0.022000 0.042000
2 0.628000 0.980000 0.280000 0.036000
11 0.753000 0.288000 0.038000 0.024000
2 0.162000 0.604000 0.176000 0.180000
11 0.575000 0.164000 0.022000 0.044000
11 0.180000 0.507000 0.028000 0.030000
11 0.992000 0.380000 0.012000 0.044000
