2 0.851000 0.128000 0.130000 0.148000
2 0.229000 0.582000 0.102000 0.128000
2 0.679000 0.274000 0.130000 0.132000
2 0.954000 0.046000 0.088000 0.092000
11 0.191000 0.278000 0.038000 0.044000
2 0.582000 0.061000 0.112000 0.106000
11 0.508000 0.786000 0.056000 0.056000
2 0.539000 0.493000 0.122000 0.122000
11 0.079000 0.227000 0.050000 0.054000
11 0.265000 0.323000 0.042000 0.046000
11 0.688000 0.522000 0.028000 0.036000
2 0.173000 0.959000 0.146000 0.078000
11 0.327000 0.578000 0.042000 0.056000
11 0.100000 0.091000 0.036000 0.042000
11 0.909000 0.957000 0.042000 0.046000
11 0.212000 0.422000 0.036000 0.040000
11 0.853000 0.909000 0.042000 0.042000
11 0.018000 0.031000 0.036000 0.046000
11 0.601000 0.784000 0.038000 0.040000
3 0.614000 0.853000 0.084000 0.078000
2 0.344000 0.715000 0.140000 0.134000
11 0.721650 0.562160 0.035300 0.044320
11 0.738050 0.544080 0.040100 0.040160
11 0.567000 0.745000 0.042000 0.046000
11 0.685000 0.603000 0.046000 0.050000
11 0.641000 0.657000 0.050000 0.046000
2 0.126000 0.475140 0.160000 0.194280
11 0.183000 0.380000 0.038000 0.048000
2 0.514000 0.927000 0.164000 0.142000
2 0.048000 0.950000 0.096000 0.096000
11 0.388000 0.663000 0.036000 0.042000
11 0.111000 0.274000 0.038000 0.044000
2 0.412430 0.240570 0.252860 0.297140
2 0.315000 0.117000 0.090000 0.106000
2 0.217430 0.099140 0.202860 0.194280
11 0.081750 0.191870 0.047500 0.035740
11 0.133000 0.136000 0.022000 0.028000
2 0.940000 0.340000 0.116000 0.216000
2 0.008000 0.763000 0.016000 0.146000
2 0.918710 0.708000 0.161420 0.220000
2 0.330710 0.935570 0.121420 0.127140
2 0.136140 0.768710 0.164280 0.161420
11 0.759020 0.528970 0.042040 0.037940
11 0.431970 0.718970 0.035940 0.045940
11 0.459920 0.761500 0.039840 0.051000
11 0.543020 0.616000 0.038040 0.036000
11 0.578000 0.600120 0.040000 0.040240
11 0.708840 0.583300 0.033680 0.034600
11 0.775310 0.509060 0.042620 0.038120
11 0.809550 0.470860 0.043100 0.033720
11 0.780630 0.417660 0.037260 0.039320
