2 0.489000 0.351000 0.122000 0.134000
2 0.195000 0.590000 0.250000 0.196000
2 0.350000 0.114000 0.156000 0.120000
2 0.067000 0.906000 0.134000 0.184000
3 0.037000 0.587000 0.074000 0.066000
2 0.228000 0.109000 0.088000 0.138000
11 0.097000 0.744000 0.030000 0.056000
11 0.536000 0.869000 0.028000 0.046000
2 0.568680 0.661000 0.449360 0.230000
2 0.342000 0.876000 0.148000 0.124000
11 0.726000 0.041000 0.036000 0.034000
11 0.597370 0.860530 0.030740 0.049060
11 0.619000 0.851000 0.026000 0.046000
2 0.065000 0.057000 0.130000 0.114000
2 0.316000 0.234000 0.120000 0.140000
11 0.165000 0.960000 0.030000 0.052000
3 0.095000 0.813000 0.094000 0.046000
11 0.527000 0.967000 0.026000 0.046000
7 0.650000 0.935000 0.032000 0.046000
2 0.697000 0.244000 0.222000 0.236000
11 0.858000 0.179000 0.060000 0.042000
2 0.405000 0.024000 0.170000 0.048000
11 0.006000 0.258000 0.012000 0.056000
2 0.174000 0.359000 0.236000 0.238000
11 0.486000 0.875000 0.020000 0.046000
7 0.431000 0.234000 0.054000 0.024000
2 0.878000 0.583000 0.244000 0.214000
2 0.369910 0.359130 0.135820 0.182260
