2 0.436000 0.438000 0.152000 0.148000
2 0.484000 0.707000 0.132000 0.130000
2 0.458000 0.918000 0.156000 0.152000
2 0.846000 0.736000 0.128000 0.148000
2 0.642000 0.316000 0.120000 0.128000
2 0.800000 0.067000 0.128000 0.134000
2 0.753000 0.945000 0.166000 0.106000
2 0.276000 0.412000 0.116000 0.104000
2 0.270000 0.941000 0.168000 0.114000
2 0.052000 0.318000 0.104000 0.148000
2 0.929000 0.128000 0.138000 0.116000
2 0.224000 0.090000 0.116000 0.124000
2 0.952000 0.564000 0.092000 0.092000
2 0.878000 0.422000 0.148000 0.132000
2 0.212000 0.562000 0.144000 0.144000
11 0.705000 0.206000 0.050000 0.036000
11 0.553000 0.147000 0.050000 0.038000
2 0.543000 0.217000 0.126000 0.106000
2 0.317000 0.587000 0.086000 0.102000
2 0.090000 0.666000 0.124000 0.128000
11 0.781000 0.254000 0.038000 0.036000
2 0.162000 0.309000 0.132000 0.130000
11 0.348000 0.053000 0.044000 0.034000
11 0.257000 0.017000 0.054000 0.034000
2 0.636000 0.034000 0.116000 0.068000
11 0.747000 0.230000 0.034000 0.032000
2 0.107000 0.456000 0.118000 0.104000
11 0.128000 0.091000 0.040000 0.034000
11 0.891000 0.224000 0.042000 0.028000
2 0.028000 0.804000 0.056000 0.112000
11 0.087000 0.117000 0.034000 0.034000
2 0.585000 0.897000 0.098000 0.102000
2 0.025000 0.037000 0.050000 0.074000
