11 0.032730 0.693080 0.021460 0.046160
2 0.346000 0.791000 0.132000 0.122000
2 0.542000 0.710000 0.100000 0.096000
2 0.665000 0.681000 0.138000 0.098000
2 0.920000 0.955000 0.112000 0.086000
11 0.837000 0.870000 0.054000 0.036000
11 0.325000 0.570000 0.050000 0.032000
11 0.374000 0.570000 0.040000 0.024000
2 0.913000 0.733000 0.106000 0.106000
11 0.321000 0.941000 0.058000 0.034000
11 0.684000 0.895000 0.056000 0.034000
11 0.226000 0.571000 0.052000 0.022000
2 0.659000 0.968000 0.170000 0.060000
11 0.577000 0.912000 0.046000 0.028000
2 0.807000 0.738000 0.114000 0.116000
11 0.409000 0.934000 0.046000 0.028000
2 0.130000 0.768000 0.132000 0.140000
11 0.143000 0.969000 0.058000 0.030000
2 0.991000 0.945000 0.014000 0.106000
11 0.013000 0.987000 0.026000 0.022000
2 0.017000 0.868000 0.034000 0.088000
