2 0.894000 0.368000 0.208000 0.288000
2 0.143000 0.812000 0.286000 0.300000
2 0.574000 0.275000 0.284000 0.410000
2 0.179000 0.122000 0.238000 0.244000
11 0.597000 0.863000 0.046000 0.042000
11 0.164000 0.671000 0.044000 0.038000
11 0.691000 0.901000 0.050000 0.038000
11 0.645000 0.883000 0.042000 0.038000
11 0.093000 0.435000 0.050000 0.042000
11 0.525000 0.541000 0.042000 0.054000
11 0.476000 0.515000 0.032000 0.042000
11 0.028000 0.450000 0.052000 0.044000
11 0.334000 0.617000 0.056000 0.050000
11 0.638000 0.589000 0.036000 0.050000
11 0.111000 0.645000 0.050000 0.042000
2 0.957000 0.829000 0.082000 0.106000
11 0.807000 0.950000 0.058000 0.040000
11 0.719000 0.617000 0.034000 0.050000
11 0.017000 0.585000 0.034000 0.034000
11 0.803000 0.013000 0.042000 0.026000
11 0.049000 0.404000 0.050000 0.048000
2 0.899000 0.927000 0.198000 0.142000
11 0.006000 0.510000 0.012000 0.036000
11 0.559080 0.561430 0.030160 0.050860
