2 0.131000 0.263000 0.258000 0.214000
11 0.324000 0.603000 0.052000 0.042000
11 0.476000 0.684000 0.040000 0.036000
11 0.138000 0.496000 0.048000 0.044000
11 0.830000 0.929000 0.040000 0.038000
11 0.299000 0.776000 0.054000 0.056000
11 0.212000 0.565000 0.052000 0.042000
6 0.037000 0.621000 0.074000 0.070000
7 0.320000 0.281000 0.056000 0.062000
11 0.869000 0.929000 0.046000 0.046000
11 0.957000 0.955000 0.046000 0.042000
11 0.714000 0.402000 0.032000 0.044000
11 0.383000 0.667000 0.046000 0.042000
11 0.744000 0.357000 0.036000 0.042000
2 0.054000 0.840000 0.108000 0.264000
3 0.749000 0.872000 0.054000 0.080000
2 0.822000 0.656000 0.352000 0.416000
11 0.686000 0.445000 0.032000 0.042000
2 0.894000 0.279000 0.212000 0.362000
7 0.948000 0.102000 0.048000 0.056000
11 0.540000 0.716000 0.028000 0.036000
11 0.606000 0.789000 0.028000 0.042000
3 0.395000 0.648000 0.046000 0.064000
2 0.543080 0.408680 0.270160 0.257360
2 0.677210 0.263580 0.170420 0.187160
2 0.438340 0.231660 0.176680 0.223320
2 0.248340 0.084420 0.252680 0.168840
2 0.539640 0.089900 0.191280 0.179800
2 0.758160 0.122670 0.188320 0.197340
