2 0.922000 0.180000 0.116000 0.144000
2 0.876000 0.455000 0.244000 0.126000
2 0.101000 0.099000 0.202000 0.130000
2 0.448000 0.795000 0.092000 0.110000
2 0.075000 0.761000 0.146000 0.114000
2 0.519000 0.212000 0.082000 0.140000
2 0.291000 0.952000 0.134000 0.092000
2 0.957000 0.754000 0.082000 0.140000
2 0.765000 0.707000 0.098000 0.110000
2 0.262000 0.763000 0.136000 0.122000
2 0.535000 0.035000 0.170000 0.070000
11 0.626000 0.624000 0.052000 0.028000
3 0.497000 0.596000 0.042000 0.092000
11 0.641000 0.431000 0.042000 0.030000
11 0.830000 0.534000 0.060000 0.032000
11 0.412000 0.570000 0.048000 0.032000
11 0.754000 0.560000 0.048000 0.028000
11 0.922000 0.530000 0.052000 0.032000
11 0.105000 0.230000 0.046000 0.028000
11 0.707000 0.534000 0.038000 0.024000
11 0.982000 0.329000 0.032000 0.030000
2 0.367000 0.028000 0.162000 0.056000
11 0.784000 0.618000 0.052000 0.032000
2 0.711000 0.193000 0.102000 0.106000
11 0.102000 0.648000 0.040000 0.028000
11 0.199000 0.640000 0.050000 0.032000
2 0.887000 0.881000 0.102000 0.070000
2 0.929000 0.982000 0.130000 0.032000
3 0.283000 0.482000 0.074000 0.044000
3 0.399000 0.656000 0.074000 0.028000
11 0.606000 0.565000 0.056000 0.042000
2 0.551000 0.791000 0.138000 0.166000
2 0.119000 0.406000 0.238000 0.140000
6 0.209000 0.591000 0.174000 0.038000
2 0.689000 0.955000 0.094000 0.086000
2 0.048000 0.987000 0.096000 0.022000
2 0.366000 0.210000 0.100000 0.104000
11 0.205000 0.152000 0.038000 0.024000
