11 0.379000 0.922000 0.038000 0.052000
2 0.076000 0.917000 0.152000 0.162000
11 0.210000 0.661000 0.028000 0.046000
3 0.347000 0.775000 0.086000 0.050000
11 0.118000 0.139000 0.036000 0.050000
11 0.103000 0.053000 0.022000 0.030000
11 0.209000 0.707000 0.026000 0.046000
11 0.078000 0.079000 0.028000 0.050000
2 0.326000 0.888000 0.176000 0.220000
11 0.164000 0.987000 0.028000 0.022000
11 0.346000 0.846000 0.032000 0.048000
2 0.019000 0.021000 0.038000 0.042000
2 0.071000 0.554000 0.142000 0.244000
