11 0.189000 0.105000 0.050000 0.046000
11 0.627000 0.512000 0.042000 0.032000
11 0.669000 0.742000 0.042000 0.032000
11 0.621000 0.457000 0.042000 0.030000
11 0.696000 0.387000 0.052000 0.030000
11 0.781000 0.816000 0.046000 0.032000
2 0.198000 0.971000 0.140000 0.054000
11 0.603000 0.380000 0.050000 0.036000
11 0.659000 0.688000 0.042000 0.028000
11 0.711000 0.955000 0.046000 0.034000
11 0.043000 0.751000 0.030000 0.050000
11 0.593000 0.330000 0.042000 0.028000
11 0.013000 0.583000 0.026000 0.046000
11 0.604000 0.293000 0.024000 0.046000
11 0.032000 0.700000 0.028000 0.040000
2 0.518000 0.544000 0.136000 0.224000
2 0.948000 0.957000 0.100000 0.082000
7 0.139000 0.033000 0.054000 0.050000
2 0.168000 0.550000 0.208000 0.612000
2 0.872000 0.457000 0.244000 0.678000
11 0.008000 0.863000 0.016000 0.050000
2 0.477000 0.327000 0.138000 0.238000
2 0.627000 0.078000 0.106000 0.156000
11 0.649000 0.612000 0.050000 0.032000
2 0.571000 0.756000 0.150000 0.236000
2 0.052000 0.018000 0.104000 0.036000
