2 0.076000 0.082000 0.152000 0.164000
2 0.823000 0.471000 0.242000 0.454000
7 0.508000 0.178000 0.056000 0.056000
2 0.270000 0.228000 0.324000 0.300000
7 0.601000 0.105000 0.046000 0.046000
2 0.200000 0.616000 0.288000 0.284000
11 0.288000 0.335000 0.044000 0.038000
11 0.553000 0.143000 0.042000 0.042000
11 0.138000 0.442000 0.040000 0.036000
7 0.759000 0.037000 0.042000 0.046000
2 0.961000 0.959000 0.074000 0.078000
2 0.218000 0.901000 0.264000 0.194000
2 0.801000 0.795000 0.222000 0.242000
2 0.501000 0.920000 0.226000 0.156000
2 0.955000 0.826000 0.086000 0.200000
2 0.017000 0.851000 0.034000 0.286000
7 0.238830 0.773800 0.085660 0.047600
7 0.027000 0.525000 0.054000 0.050000
2 0.608000 0.029000 0.172000 0.058000
2 0.458760 0.086760 0.181520 0.173520
11 0.328920 0.304500 0.041840 0.045000
7 0.724320 0.025270 0.048640 0.046540
