2 0.575000 0.226000 0.190000 0.236000
3 0.266000 0.466000 0.100000 0.092000
11 0.052000 0.591000 0.036000 0.046000
2 0.329000 0.836000 0.270000 0.324000
11 0.035000 0.077000 0.046000 0.038000
11 0.164000 0.670000 0.040000 0.048000
7 0.438000 0.647000 0.036000 0.054000
7 0.095000 0.114000 0.062000 0.044000
11 0.281000 0.155000 0.046000 0.038000
11 0.473000 0.062000 0.034000 0.032000
11 0.086000 0.060000 0.044000 0.036000
11 0.233000 0.142000 0.046000 0.048000
3 0.529000 0.381000 0.134000 0.082000
11 0.818000 0.150000 0.028000 0.044000
11 0.394000 0.567000 0.040000 0.042000
11 0.398000 0.501000 0.040000 0.050000
11 0.440000 0.019000 0.044000 0.030000
3 0.759000 0.104000 0.102000 0.052000
11 0.309000 0.023000 0.046000 0.034000
11 0.063000 0.821000 0.030000 0.042000
3 0.617000 0.035000 0.062000 0.070000
11 0.331000 0.506000 0.034000 0.040000
7 0.826000 0.239000 0.032000 0.058000
2 0.596000 0.839000 0.112000 0.126000
11 0.024000 0.231000 0.044000 0.030000
11 0.436000 0.705000 0.024000 0.050000
11 0.143000 0.093000 0.042000 0.038000
3 0.245000 0.008000 0.090000 0.016000
3 0.204000 0.054000 0.048000 0.092000
2 0.567000 0.634000 0.218000 0.232000
11 0.186000 0.721000 0.032000 0.038000
11 0.297000 0.576000 0.030000 0.060000
11 0.782000 0.370000 0.028000 0.048000
2 0.039000 0.021000 0.078000 0.042000
11 0.680670 0.677290 0.033340 0.054580
11 0.508210 0.440660 0.052420 0.025320
11 0.110790 0.752740 0.029580 0.045480
