2 0.370000 0.525000 0.248000 0.274000
2 0.640000 0.860000 0.108000 0.120000
2 0.735000 0.680000 0.174000 0.184000
2 0.187000 0.812000 0.130000 0.144000
2 0.477000 0.303000 0.154000 0.142000
2 0.753000 0.523000 0.130000 0.110000
2 0.126000 0.030000 0.132000 0.060000
11 0.678000 0.275000 0.032000 0.046000
2 0.856000 0.377000 0.112000 0.094000
2 0.888000 0.225000 0.112000 0.134000
11 0.907000 0.144000 0.046000 0.036000
11 0.612000 0.410000 0.024000 0.040000
2 0.559000 0.123000 0.138000 0.154000
11 0.528000 0.563000 0.032000 0.038000
11 0.955000 0.172000 0.050000 0.044000
2 0.612000 0.964000 0.180000 0.068000
11 0.229000 0.245000 0.054000 0.042000
11 0.707000 0.228000 0.038000 0.052000
2 0.076000 0.388860 0.152000 0.361720
11 0.717000 0.033000 0.046000 0.038000
3 0.791000 0.115000 0.074000 0.058000
2 0.984000 0.349000 0.028000 0.126000
2 0.084000 0.709000 0.088000 0.070000
11 0.507000 0.603000 0.030000 0.034000
2 0.436000 0.014000 0.128000 0.028000
2 0.928000 0.043000 0.088000 0.086000
2 0.118000 0.959000 0.140000 0.078000
11 0.396000 0.821000 0.024000 0.034000
11 0.730000 0.183000 0.028000 0.038000
11 0.671000 0.012000 0.046000 0.024000
