11 0.890000 0.694000 0.052000 0.028000
11 0.053000 0.576000 0.042000 0.024000
11 0.350000 0.057000 0.020000 0.042000
11 0.975000 0.708000 0.046000 0.036000
11 0.287000 0.051000 0.026000 0.046000
11 0.468000 0.638000 0.044000 0.028000
3 0.247000 0.564000 0.126000 0.064000
2 0.497000 0.467000 0.354000 0.298000
11 0.288000 0.490000 0.024000 0.048000
11 0.292000 0.444000 0.020000 0.040000
11 0.343000 0.110000 0.022000 0.040000
2 0.885000 0.373000 0.226000 0.574000
2 0.442260 0.159000 0.168520 0.170000
11 0.504000 0.362000 0.020000 0.028000
11 0.243000 0.375000 0.026000 0.050000
2 0.633620 0.160880 0.207240 0.317760
11 0.788040 0.683590 0.048080 0.031180
