3 0.441000 0.290000 0.126000 0.068000
2 0.894000 0.345000 0.208000 0.150000
3 0.355000 0.518000 0.102000 0.084000
2 0.105000 0.441000 0.202000 0.142000
2 0.887000 0.938000 0.222000 0.120000
6 0.276280 0.704510 0.100560 0.181020
11 0.329000 0.596000 0.030000 0.048000
2 0.333000 0.857000 0.234000 0.282000
7 0.256000 0.298000 0.052000 0.032000
2 0.065000 0.906000 0.130000 0.184000
2 0.131000 0.712000 0.230000 0.280000
11 0.490000 0.091000 0.028000 0.042000
3 0.508000 0.392000 0.064000 0.104000
11 0.464000 0.130000 0.032000 0.044000
3 0.309000 0.372000 0.074000 0.088000
11 0.482000 0.176000 0.028000 0.040000
7 0.161000 0.951000 0.050000 0.078000
2 0.703000 0.190000 0.230000 0.368000
2 0.620000 0.668000 0.204000 0.208000
2 0.947000 0.059000 0.102000 0.118000
2 0.971000 0.602000 0.054000 0.204000
11 0.969000 0.691000 0.058000 0.042000
2 0.451690 0.643320 0.219380 0.226640
3 0.468000 0.489000 0.048000 0.066000
2 0.246000 0.506000 0.120000 0.188000
2 0.392020 0.134000 0.204040 0.268000
2 0.630000 0.957000 0.180000 0.082000
2 0.792470 0.708920 0.132940 0.117840
2 0.724110 0.846860 0.200220 0.225720
2 0.183120 0.174870 0.222240 0.181740
2 0.105720 0.091490 0.211440 0.182980
