3 0.477000 0.419000 0.174000 0.062000
11 0.641000 0.276000 0.042000 0.032000
11 0.673000 0.309000 0.050000 0.038000
3 0.577000 0.323000 0.066000 0.158000
2 0.126000 0.048000 0.248000 0.096000
11 0.473000 0.337000 0.026000 0.050000
11 0.550000 0.924000 0.028000 0.056000
11 0.532000 0.777000 0.028000 0.054000
3 0.931000 0.237000 0.106000 0.070000
11 0.491000 0.461000 0.026000 0.050000
2 0.225000 0.906000 0.338000 0.184000
11 0.404000 0.863000 0.024000 0.042000
11 0.513000 0.652000 0.026000 0.056000
11 0.313000 0.279000 0.022000 0.042000
3 0.853000 0.191000 0.058000 0.110000
2 0.194000 0.249000 0.180000 0.122000
2 0.821000 0.612000 0.338000 0.672000
2 0.219000 0.605000 0.222000 0.122000
7 0.702000 0.229000 0.056000 0.042000
11 0.770000 0.265000 0.040000 0.030000
11 0.980000 0.358000 0.028000 0.060000
3 0.900000 0.080000 0.080000 0.064000
11 0.989000 0.433000 0.018000 0.054000
2 0.719000 0.116000 0.274000 0.232000
11 0.422000 0.985000 0.020000 0.026000
2 0.160000 0.423000 0.316000 0.254000
11 0.395000 0.807000 0.018000 0.042000
