2 0.908000 0.334000 0.180000 0.460000
7 0.263000 0.884000 0.066000 0.036000
3 0.055000 0.901000 0.074000 0.130000
11 0.497000 0.492000 0.034000 0.040000
2 0.279000 0.397000 0.306000 0.434000
11 0.364000 0.659000 0.040000 0.050000
11 0.102000 0.148000 0.024000 0.044000
3 0.088000 0.797000 0.084000 0.050000
2 0.032000 0.153000 0.064000 0.170000
2 0.019000 0.661000 0.038000 0.350000
2 0.136000 0.984000 0.272000 0.028000
11 0.717000 0.987000 0.046000 0.022000
2 0.772520 0.617850 0.453040 0.371700
2 0.490810 0.686090 0.193620 0.168180
2 0.246070 0.154410 0.120140 0.108820
2 0.506690 0.160920 0.189380 0.173840
