2 0.438000 0.338000 0.308000 0.244000
2 0.137000 0.644000 0.138000 0.152000
2 0.673000 0.228000 0.142000 0.112000
2 0.225000 0.770000 0.198000 0.160000
2 0.938000 0.612000 0.120000 0.136000
2 0.785000 0.197000 0.102000 0.094000
2 0.083000 0.483000 0.118000 0.106000
2 0.893000 0.372000 0.102000 0.116000
2 0.701000 0.089000 0.098000 0.102000
2 0.620120 0.703750 0.256240 0.347500
11 0.512000 0.783000 0.048000 0.042000
11 0.408000 0.561000 0.048000 0.042000
11 0.549000 0.844000 0.046000 0.040000
11 0.493000 0.076000 0.050000 0.040000
11 0.495000 0.739000 0.046000 0.038000
11 0.096000 0.789000 0.036000 0.050000
11 0.532000 0.019000 0.056000 0.038000
11 0.430000 0.607000 0.044000 0.042000
11 0.589000 0.932000 0.050000 0.040000
2 0.369000 0.911000 0.106000 0.094000
11 0.391000 0.518000 0.042000 0.036000
2 0.948000 0.135000 0.100000 0.122000
2 0.845630 0.289500 0.111260 0.115000
11 0.893000 0.220000 0.038000 0.048000
11 0.851000 0.139000 0.038000 0.050000
11 0.872000 0.181000 0.032000 0.038000
11 0.936000 0.932000 0.032000 0.040000
11 0.137000 0.971000 0.038000 0.054000
11 0.782000 0.021000 0.036000 0.042000
11 0.566000 0.888000 0.040000 0.036000
11 0.894000 0.948000 0.032000 0.044000
2 0.016000 0.357000 0.032000 0.118000
2 0.911000 0.026000 0.122000 0.052000
11 0.976000 0.370000 0.036000 0.048000
2 0.063000 0.985000 0.126000 0.026000
11 0.008000 0.568000 0.016000 0.048000
2 0.719000 0.908000 0.182000 0.180000
2 0.157000 0.037000 0.314000 0.074000
2 0.010000 0.827000 0.020000 0.102000
11 0.623000 0.992000 0.046000 0.012000
11 0.455000 0.655000 0.046000 0.042000
2 0.902630 0.485630 0.181260 0.151260
11 0.992000 0.418000 0.012000 0.032000
11 0.014000 0.606000 0.028000 0.036000
2 0.148000 0.334000 0.140000 0.120000
11 0.122000 0.844000 0.028000 0.040000
