2 0.143000 0.775000 0.146000 0.098000
2 0.890000 0.809000 0.216000 0.230000
2 0.041000 0.255000 0.082000 0.122000
2 0.077000 0.048000 0.126000 0.096000
2 0.465000 0.147000 0.106000 0.122000
2 0.596000 0.777000 0.156000 0.166000
2 0.064000 0.948000 0.128000 0.100000
2 0.446000 0.032000 0.132000 0.064000
2 0.659000 0.978000 0.134000 0.040000
2 0.348000 0.772000 0.116000 0.128000
2 0.739000 0.747000 0.110000 0.098000
2 0.369000 0.932000 0.350000 0.132000
11 0.278000 0.666000 0.044000 0.028000
2 0.314000 0.012000 0.120000 0.024000
11 0.008000 0.698000 0.016000 0.036000
11 0.721000 0.650000 0.046000 0.024000
2 0.218570 0.186940 0.073140 0.061880
2 0.264000 0.139000 0.068000 0.070000
2 0.462390 0.768590 0.132780 0.125180
