9 0.380300 0.346410 0.280600 0.276820
6 0.443100 0.626540 0.102200 0.177080
6 0.577290 0.630350 0.070580 0.108700
6 0.586290 0.948650 0.052580 0.089300
11 0.523900 0.800100 0.039800 0.060200
6 0.111660 0.329640 0.115320 0.067280
2 0.099320 0.120280 0.198640 0.240560
7 0.132730 0.211680 0.041460 0.063360
7 0.474500 0.136100 0.061000 0.048200
7 0.537700 0.129100 0.055400 0.046200
6 0.688680 0.895670 0.049360 0.083340
7 0.521300 0.105910 0.046600 0.047820
2 0.793710 0.411520 0.407420 0.751040
2 0.337500 0.065910 0.211000 0.131820
2 0.109130 0.561770 0.114260 0.079540
11 0.308090 0.155020 0.032180 0.042040
11 0.206900 0.259680 0.041800 0.039360
11 0.447940 0.178360 0.035880 0.048720
11 0.382200 0.180080 0.048400 0.040160
11 0.338420 0.197750 0.040840 0.031500
11 0.326530 0.144560 0.033060 0.045120
11 0.346590 0.132770 0.033180 0.041540
11 0.247610 0.055910 0.027220 0.039820
11 0.387460 0.112530 0.034920 0.045060
11 0.365880 0.126280 0.039760 0.048560
11 0.413760 0.110560 0.031520 0.049120
11 0.450040 0.106910 0.048080 0.037820
11 0.437820 0.082450 0.039640 0.032900
11 0.568160 0.086840 0.040320 0.033680
11 0.487040 0.161880 0.038080 0.035760
11 0.463760 0.119900 0.047520 0.039800
11 0.244870 0.239810 0.037740 0.035620
11 0.013360 0.323620 0.026720 0.039240
11 0.532380 0.520420 0.028760 0.044840
11 0.518280 0.466130 0.024560 0.044260
11 0.713680 0.961850 0.027360 0.039700
7 0.786290 0.836830 0.048580 0.069660
7 0.813510 0.826360 0.043020 0.052720
11 0.838710 0.813880 0.037420 0.043760
11 0.617730 0.725930 0.035460 0.043860
11 0.689880 0.747070 0.035760 0.046140
11 0.719970 0.729730 0.035940 0.043460
11 0.714080 0.574800 0.032160 0.041600
11 0.696210 0.618370 0.040420 0.052740
11 0.671630 0.696860 0.031260 0.045720
11 0.657580 0.589860 0.035160 0.035720
11 0.695520 0.677410 0.039040 0.050820
11 0.720270 0.670470 0.036540 0.044940
11 0.749930 0.655130 0.027860 0.038260
3 0.710430 0.048630 0.052860 0.061260
11 0.799940 0.033680 0.039880 0.035360
11 0.755980 0.053170 0.039960 0.034340
