2 0.855000 0.456000 0.286000 0.264000
2 0.175000 0.392000 0.170000 0.136000
2 0.737000 0.136000 0.106000 0.132000
11 0.772000 0.724000 0.048000 0.040000
2 0.589000 0.480000 0.154000 0.092000
11 0.626000 0.144000 0.024000 0.052000
7 0.888000 0.769000 0.064000 0.042000
11 0.707000 0.756000 0.046000 0.032000
11 0.636000 0.080000 0.024000 0.040000
2 0.085000 0.816000 0.170000 0.152000
11 0.902000 0.823000 0.048000 0.038000
2 0.869000 0.700000 0.258000 0.228000
7 0.654000 0.740000 0.052000 0.036000
11 0.939000 0.784000 0.038000 0.032000
2 0.927000 0.116000 0.142000 0.228000
2 0.543000 0.584000 0.086000 0.124000
2 0.597000 0.839000 0.194000 0.154000
2 0.320000 0.975000 0.208000 0.046000
2 0.411000 0.544000 0.202000 0.152000
11 0.833000 0.742000 0.046000 0.032000
2 0.143720 0.697830 0.183440 0.143660
2 0.260080 0.811640 0.244160 0.275280
2 0.432720 0.832740 0.205440 0.261480
2 0.348270 0.249900 0.264540 0.255800
2 0.283690 0.474910 0.163380 0.157820
2 0.584870 0.379240 0.157740 0.130480
2 0.629210 0.591150 0.106420 0.150300
2 0.547800 0.160670 0.119600 0.161340
2 0.525590 0.286910 0.151180 0.077820
2 0.775620 0.036070 0.167240 0.072140
2 0.784060 0.258180 0.152120 0.112360
