11 0.027570 0.141290 0.047140 0.038580
11 0.268710 0.695140 0.041420 0.034280
2 0.277290 0.868000 0.218580 0.240000
2 0.589140 0.721570 0.394280 0.267140
2 0.862860 0.588570 0.265720 0.217140
2 0.703000 0.287000 0.314000 0.262000
2 0.202000 0.400000 0.404000 0.608000
11 0.533000 0.574000 0.042000 0.028000
2 0.732000 0.082000 0.292000 0.164000
11 0.045000 0.525000 0.026000 0.042000
7 0.934000 0.393000 0.056000 0.042000
2 0.721000 0.903000 0.286000 0.190000
7 0.403000 0.627000 0.058000 0.042000
2 0.925000 0.783000 0.146000 0.226000
11 0.063000 0.567000 0.030000 0.042000
7 0.825000 0.446000 0.070000 0.044000
7 0.013000 0.446000 0.026000 0.044000
3 0.971000 0.416000 0.046000 0.084000
11 0.448000 0.610000 0.032000 0.028000
11 0.028000 0.485000 0.028000 0.046000
