2 0.663000 0.127000 0.254000 0.218000
2 0.717000 0.826000 0.202000 0.152000
2 0.529000 0.362000 0.170000 0.112000
3 0.508000 0.874000 0.056000 0.104000
3 0.314000 0.779000 0.056000 0.106000
2 0.811000 0.292000 0.226000 0.196000
11 0.658000 0.943000 0.052000 0.038000
11 0.387000 0.768000 0.034000 0.056000
7 0.619000 0.874000 0.074000 0.048000
11 0.186000 0.703000 0.044000 0.038000
3 0.390000 0.714000 0.108000 0.052000
11 0.232000 0.719000 0.044000 0.034000
11 0.605000 0.922000 0.046000 0.032000
11 0.349000 0.256000 0.026000 0.052000
11 0.278000 0.738000 0.044000 0.032000
11 0.555000 0.906000 0.038000 0.028000
11 0.064000 0.652000 0.036000 0.028000
11 0.141000 0.682000 0.046000 0.032000
6 0.325000 0.299000 0.050000 0.118000
7 0.418000 0.902000 0.028000 0.064000
2 0.506000 0.674000 0.144000 0.120000
11 0.216000 0.770000 0.044000 0.032000
3 0.440000 0.945000 0.092000 0.042000
11 0.982000 0.234000 0.032000 0.036000
7 0.850000 0.964000 0.056000 0.040000
7 0.307000 0.037000 0.038000 0.066000
2 0.204000 0.375000 0.224000 0.666000
11 0.713000 0.966000 0.046000 0.028000
11 0.827000 0.135000 0.046000 0.034000
2 0.506000 0.557000 0.144000 0.134000
11 0.653000 0.021000 0.042000 0.034000
2 0.046000 0.517000 0.092000 0.166000
11 0.021000 0.634000 0.030000 0.028000
2 0.084000 0.795000 0.104000 0.110000
11 0.344000 0.202000 0.028000 0.044000
11 0.900000 0.180000 0.032000 0.028000
2 0.043000 0.934000 0.086000 0.128000
2 0.896000 0.816000 0.204000 0.340000
2 0.174000 0.893000 0.192000 0.186000
2 0.883000 0.085000 0.230000 0.170000
11 0.250000 0.007000 0.036000 0.014000
