2 0.531000 0.874000 0.382000 0.248000
2 0.482000 0.571000 0.156000 0.182000
2 0.908000 0.048000 0.180000 0.096000
2 0.874000 0.627000 0.248000 0.606000
2 0.149000 0.705000 0.298000 0.302000
11 0.131000 0.953000 0.034000 0.046000
7 0.361000 0.645000 0.038000 0.062000
2 0.578000 0.028000 0.112000 0.056000
2 0.742000 0.020000 0.172000 0.040000
2 0.265000 0.175000 0.526000 0.346000
7 0.385540 0.666770 0.043080 0.061540
7 0.529850 0.773380 0.067700 0.050760
2 0.591080 0.314920 0.146160 0.173840
2 0.761850 0.389850 0.187700 0.207700
2 0.639690 0.641230 0.195380 0.218460
2 0.216150 0.423690 0.432300 0.355380
