11 0.089000 0.726000 0.038000 0.028000
2 0.922000 0.715000 0.152000 0.302000
11 0.073000 0.851000 0.038000 0.030000
11 0.078000 0.802000 0.044000 0.032000
11 0.788000 0.456000 0.024000 0.048000
11 0.063000 0.904000 0.046000 0.032000
7 0.878000 0.121000 0.028000 0.058000
11 0.749000 0.761000 0.026000 0.050000
11 0.791000 0.923000 0.026000 0.050000
11 0.058000 0.980000 0.048000 0.028000
11 0.812000 0.250000 0.024000 0.044000
2 0.915000 0.982000 0.166000 0.032000
2 0.601270 0.765000 0.278540 0.466000
11 0.724000 0.984000 0.024000 0.028000
11 0.847000 0.399000 0.018000 0.038000
11 0.521000 0.229000 0.050000 0.030000
2 0.982000 0.247000 0.032000 0.490000
11 0.816000 0.198000 0.032000 0.052000
2 0.730460 0.156380 0.120920 0.128760
2 0.707080 0.294460 0.146160 0.196920
2 0.311380 0.359080 0.270760 0.166160
2 0.686770 0.420920 0.141540 0.113840
2 0.482920 0.052310 0.093840 0.104620
2 0.587080 0.087540 0.166160 0.103080
2 0.204960 0.787220 0.145920 0.326440
