11 0.499000 0.222000 0.046000 0.032000
11 0.363000 0.245000 0.046000 0.030000
11 0.172000 0.271000 0.044000 0.030000
11 0.440000 0.234000 0.048000 0.036000
11 0.053000 0.279000 0.042000 0.034000
11 0.876000 0.982000 0.052000 0.032000
11 0.384000 0.982000 0.056000 0.032000
7 0.266000 0.260000 0.088000 0.044000
11 0.606000 0.984000 0.056000 0.028000
11 0.682000 0.957000 0.068000 0.038000
2 0.267000 0.014000 0.202000 0.028000
6 0.136000 0.985000 0.100000 0.026000
9 0.009000 0.198000 0.018000 0.096000
6 0.274000 0.953000 0.160000 0.046000
2 0.531000 0.014000 0.286000 0.028000
2 0.539000 0.153000 0.894000 0.126000
