2 0.273000 0.289000 0.114000 0.118000
2 0.710000 0.124000 0.124000 0.092000
2 0.295000 0.692000 0.118000 0.116000
2 0.305000 0.052000 0.134000 0.104000
2 0.596000 0.950000 0.128000 0.096000
2 0.675000 0.470000 0.122000 0.112000
2 0.645000 0.359000 0.118000 0.114000
2 0.329000 0.497000 0.126000 0.106000
2 0.304000 0.594000 0.108000 0.096000
2 0.932000 0.403000 0.124000 0.078000
2 0.962000 0.788000 0.072000 0.108000
2 0.610000 0.073000 0.092000 0.090000
2 0.431000 0.050000 0.102000 0.100000
2 0.668000 0.668000 0.124000 0.116000
2 0.373000 0.389000 0.082000 0.094000
2 0.621000 0.770000 0.162000 0.096000
2 0.635000 0.225000 0.134000 0.122000
2 0.343000 0.809000 0.114000 0.138000
7 0.492000 0.158000 0.032000 0.056000
2 0.136000 0.793000 0.144000 0.142000
7 0.473000 0.369000 0.030000 0.058000
2 0.110000 0.899000 0.108000 0.078000
11 0.927000 0.060000 0.042000 0.036000
11 0.455000 0.577000 0.026000 0.046000
2 0.352000 0.971000 0.104000 0.054000
11 0.819000 0.032000 0.046000 0.032000
11 0.465000 0.428000 0.030000 0.048000
11 0.770000 0.019000 0.052000 0.034000
11 0.971000 0.070000 0.046000 0.032000
2 0.335000 0.913000 0.126000 0.078000
2 0.918000 0.975000 0.152000 0.046000
2 0.187000 0.010000 0.102000 0.020000
2 0.117000 0.453000 0.050000 0.066000
2 0.830000 0.142000 0.124000 0.120000
2 0.085000 0.008000 0.098000 0.016000
11 0.423000 0.975000 0.022000 0.046000
2 0.909000 0.307000 0.062000 0.074000
11 0.463000 0.490000 0.030000 0.056000
