2 0.730000 0.496000 0.128000 0.124000
2 0.347000 0.208000 0.102000 0.116000
2 0.378000 0.813000 0.296000 0.370000
2 0.094000 0.261000 0.116000 0.190000
11 0.136000 0.568000 0.028000 0.056000
2 0.192000 0.046000 0.116000 0.092000
2 0.645000 0.166000 0.126000 0.220000
11 0.133000 0.497000 0.030000 0.050000
2 0.361000 0.487000 0.350000 0.310000
2 0.693000 0.870000 0.066000 0.112000
2 0.090000 0.911000 0.180000 0.174000
2 0.697000 0.313000 0.130000 0.094000
2 0.874000 0.144000 0.248000 0.272000
11 0.794000 0.633000 0.032000 0.038000
2 0.641000 0.735000 0.106000 0.082000
2 0.432000 0.008000 0.136000 0.016000
2 0.321000 0.061000 0.082000 0.122000
