2 0.848770 0.917540 0.301540 0.163080
2 0.699080 0.812000 0.166160 0.160000
11 0.761000 0.855000 0.042000 0.038000
11 0.361000 0.507000 0.038000 0.030000
2 0.192620 0.677850 0.385240 0.255700
11 0.158000 0.447000 0.044000 0.030000
11 0.758000 0.590000 0.048000 0.032000
11 0.152000 0.186000 0.036000 0.032000
2 0.538000 0.043000 0.152000 0.086000
2 0.071000 0.108000 0.142000 0.212000
11 0.021000 0.347000 0.026000 0.046000
11 0.120000 0.370000 0.060000 0.040000
11 0.346000 0.022000 0.044000 0.036000
11 0.255000 0.030000 0.034000 0.032000
2 0.435000 0.246000 0.554000 0.352000
2 0.886000 0.267000 0.152000 0.146000
2 0.969000 0.527000 0.058000 0.250000
2 0.515230 0.753080 0.258460 0.206160
7 0.579690 0.493690 0.075380 0.035380
