11 0.487000 0.298000 0.026000 0.052000
11 0.255000 0.622000 0.054000 0.040000
11 0.441000 0.619000 0.046000 0.038000
11 0.073000 0.617000 0.046000 0.042000
11 0.786000 0.123000 0.028000 0.054000
11 0.394000 0.638000 0.044000 0.036000
11 0.347000 0.093000 0.026000 0.050000
11 0.166000 0.596000 0.044000 0.036000
11 0.418000 0.798000 0.028000 0.052000
11 0.901000 0.510000 0.046000 0.044000
11 0.342000 0.162000 0.024000 0.052000
7 0.577000 0.195000 0.038000 0.058000
11 0.461000 0.782000 0.026000 0.056000
11 0.530000 0.243000 0.032000 0.054000
6 0.512000 0.127000 0.040000 0.074000
11 0.592000 0.122000 0.028000 0.052000
11 0.351000 0.495000 0.050000 0.034000
11 0.403000 0.215000 0.030000 0.058000
11 0.045000 0.377000 0.022000 0.054000
11 0.560000 0.293000 0.028000 0.050000
11 0.518000 0.341000 0.028000 0.042000
11 0.019000 0.687000 0.038000 0.042000
11 0.020000 0.302000 0.028000 0.052000
11 0.536000 0.401000 0.020000 0.034000
11 0.546000 0.132000 0.028000 0.048000
11 0.375000 0.176000 0.026000 0.052000
11 0.758000 0.065000 0.028000 0.050000
11 0.330000 0.238000 0.028000 0.056000
11 0.016000 0.362000 0.024000 0.052000
11 0.331000 0.010000 0.022000 0.020000
11 0.601000 0.016000 0.018000 0.032000
11 0.788000 0.987000 0.024000 0.022000
3 0.046000 0.452000 0.092000 0.068000
7 0.323000 0.322000 0.022000 0.048000
11 0.989000 0.424000 0.018000 0.044000
11 0.315000 0.076000 0.026000 0.056000
11 0.566000 0.017000 0.024000 0.034000
11 0.786000 0.030000 0.028000 0.056000
6 0.501120 0.545300 0.198240 0.094600
11 0.441750 0.522200 0.047500 0.036400
7 0.431000 0.039000 0.026000 0.050000
11 0.991000 0.474000 0.014000 0.052000
11 0.950000 0.183000 0.040000 0.038000
11 0.399000 0.009000 0.026000 0.018000
11 0.075000 0.379000 0.022000 0.050000
6 0.353000 0.318000 0.042000 0.092000
11 0.908000 0.786000 0.032000 0.048000
11 0.937000 0.277000 0.034000 0.038000
2 0.090000 0.964000 0.180000 0.068000
11 0.503960 0.744420 0.019920 0.048840
11 0.296930 0.725120 0.021860 0.050240
2 0.655590 0.892630 0.095180 0.125260
11 0.492200 0.535680 0.048400 0.043360
11 0.901470 0.545190 0.042940 0.038380
11 0.917980 0.488910 0.043960 0.045820
