3 0.805000 0.821000 0.130000 0.078000
3 0.730000 0.696000 0.148000 0.088000
3 0.692000 0.793000 0.088000 0.106000
11 0.501000 0.848000 0.042000 0.032000
11 0.194000 0.879000 0.040000 0.046000
11 0.714000 0.582000 0.040000 0.048000
3 0.525000 0.925000 0.078000 0.054000
2 0.283830 0.478160 0.355660 0.372320
7 0.443000 0.286000 0.050000 0.060000
6 0.546480 0.445120 0.068960 0.082240
11 0.496000 0.253000 0.036000 0.046000
11 0.651000 0.484000 0.038000 0.048000
11 0.135000 0.872000 0.042000 0.052000
11 0.569000 0.878000 0.046000 0.036000
3 0.872000 0.739000 0.060000 0.074000
11 0.461000 0.198000 0.034000 0.048000
2 0.196570 0.245130 0.217140 0.266260
11 0.285000 0.118000 0.030000 0.036000
11 0.920000 0.949000 0.036000 0.046000
11 0.801000 0.902000 0.046000 0.056000
11 0.651000 0.599000 0.038000 0.050000
11 0.744000 0.631000 0.036000 0.050000
11 0.310000 0.150000 0.036000 0.044000
11 0.383000 0.270000 0.042000 0.052000
11 0.676000 0.525000 0.028000 0.042000
2 0.679000 0.927000 0.242000 0.142000
14 0.740030 0.237880 0.328060 0.475760
11 0.615000 0.437000 0.038000 0.050000
11 0.587000 0.390000 0.038000 0.052000
3 0.208000 0.939000 0.120000 0.074000
11 0.383000 0.082000 0.042000 0.052000
11 0.527000 0.301000 0.038000 0.054000
11 0.960000 0.962000 0.032000 0.036000
2 0.304000 0.803000 0.364000 0.190000
2 0.067000 0.874000 0.134000 0.248000
11 0.037000 0.733000 0.042000 0.050000
2 0.375000 0.971000 0.294000 0.054000
3 0.223000 0.018000 0.070000 0.036000
11 0.264000 0.079000 0.036000 0.042000
11 0.432000 0.158000 0.036000 0.044000
11 0.463000 0.858000 0.038000 0.032000
11 0.355000 0.040000 0.038000 0.040000
7 0.879000 0.890000 0.046000 0.060000
2 0.128000 0.081000 0.116000 0.098000
11 0.844000 0.964000 0.032000 0.024000
11 0.325000 0.010000 0.038000 0.020000
2 0.054000 0.314000 0.108000 0.180000
11 0.448000 0.363000 0.032000 0.046000
11 0.557000 0.342000 0.034000 0.044000
11 0.862000 0.989000 0.032000 0.018000
11 0.334000 0.189000 0.028000 0.034000
2 0.568710 0.716770 0.137420 0.165540
