11 0.259140 0.862200 0.054280 0.040400
2 0.828000 0.906000 0.176000 0.184000
2 0.546000 0.883000 0.120000 0.110000
2 0.576000 0.527000 0.144000 0.150000
2 0.636000 0.103000 0.228000 0.206000
2 0.299000 0.724000 0.186000 0.068000
2 0.046000 0.494000 0.092000 0.148000
2 0.472000 0.353000 0.136000 0.110000
2 0.300000 0.594000 0.128000 0.132000
2 0.346000 0.226000 0.140000 0.268000
2 0.279000 0.411000 0.122000 0.126000
2 0.858000 0.178000 0.208000 0.216000
2 0.890000 0.539000 0.144000 0.162000
2 0.663000 0.710000 0.142000 0.152000
2 0.071000 0.376000 0.110000 0.104000
11 0.325000 0.068000 0.038000 0.028000
11 0.742000 0.541000 0.040000 0.054000
11 0.405000 0.079000 0.038000 0.050000
11 0.582000 0.249000 0.036000 0.038000
11 0.684000 0.428000 0.036000 0.048000
11 0.550000 0.204000 0.036000 0.048000
11 0.939000 0.842000 0.038000 0.048000
11 0.759000 0.658000 0.038000 0.052000
11 0.809000 0.739000 0.030000 0.046000
11 0.111000 0.102000 0.050000 0.032000
11 0.649000 0.252000 0.042000 0.040000
11 0.522000 0.150000 0.036000 0.056000
2 0.779000 0.374000 0.114000 0.112000
11 0.133000 0.377000 0.022000 0.042000
11 0.010000 0.164000 0.020000 0.028000
11 0.967000 0.893000 0.038000 0.046000
2 0.663000 0.833000 0.050000 0.102000
11 0.502000 0.987000 0.048000 0.022000
11 0.205000 0.242000 0.022000 0.052000
11 0.411000 0.980000 0.042000 0.028000
11 0.613000 0.989000 0.050000 0.018000
2 0.029000 0.793000 0.058000 0.098000
11 0.918000 0.014000 0.032000 0.028000
11 0.719000 0.992000 0.050000 0.012000
11 0.773000 0.994000 0.046000 0.008000
11 0.666000 0.992000 0.048000 0.012000
6 0.723000 0.318000 0.098000 0.072000
2 0.987000 0.770000 0.022000 0.144000
2 0.064000 0.712000 0.064000 0.084000
2 0.193000 0.014000 0.186000 0.028000
