11 0.282000 0.141000 0.040000 0.038000
11 0.103000 0.234000 0.046000 0.040000
11 0.153000 0.226000 0.042000 0.040000
11 0.098000 0.267000 0.036000 0.030000
2 0.944000 0.076000 0.108000 0.152000
2 0.432000 0.171000 0.120000 0.134000
2 0.073000 0.470000 0.130000 0.128000
2 0.101000 0.077000 0.158000 0.154000
2 0.629000 0.693000 0.098000 0.106000
2 0.656000 0.853000 0.124000 0.126000
2 0.759000 0.519000 0.178000 0.162000
2 0.967000 0.271000 0.062000 0.066000
2 0.037000 0.766000 0.074000 0.168000
2 0.455000 0.952000 0.110000 0.092000
2 0.018000 0.558000 0.036000 0.136000
2 0.500000 0.896000 0.104000 0.100000
2 0.849620 0.798540 0.151240 0.145080
2 0.223000 0.018000 0.162000 0.036000
2 0.418000 0.791000 0.068000 0.066000
