2 0.825000 0.881000 0.318000 0.234000
2 0.780000 0.412000 0.144000 0.168000
2 0.431000 0.217000 0.086000 0.090000
2 0.644000 0.234000 0.236000 0.284000
11 0.561000 0.961000 0.050000 0.046000
6 0.335500 0.636000 0.071000 0.040000
11 0.596000 0.633000 0.052000 0.038000
11 0.698000 0.974000 0.048000 0.040000
7 0.563000 0.583000 0.058000 0.042000
2 0.153000 0.375000 0.302000 0.434000
3 0.858000 0.504000 0.060000 0.084000
11 0.325030 0.511300 0.042060 0.046600
11 0.338000 0.525000 0.040000 0.042000
11 0.609000 0.562000 0.046000 0.032000
11 0.547000 0.645000 0.042000 0.034000
11 0.021000 0.649000 0.030000 0.042000
11 0.107000 0.746000 0.042000 0.032000
11 0.453000 0.636000 0.050000 0.032000
3 0.877000 0.435000 0.070000 0.062000
11 0.196000 0.664000 0.036000 0.032000
11 0.031000 0.700000 0.050000 0.032000
11 0.708000 0.173000 0.036000 0.046000
2 0.285000 0.101000 0.114000 0.146000
11 0.654000 0.544000 0.040000 0.032000
11 0.645000 0.056000 0.034000 0.044000
3 0.966000 0.590000 0.064000 0.060000
2 0.160320 0.867360 0.320640 0.138720
11 0.504000 0.594000 0.044000 0.032000
2 0.943000 0.358000 0.110000 0.116000
11 0.976000 0.654000 0.036000 0.052000
11 0.624000 0.017000 0.036000 0.034000
3 0.987000 0.454000 0.022000 0.100000
6 0.394130 0.690000 0.064260 0.036000
11 0.732000 0.216000 0.032000 0.048000
2 0.929000 0.223000 0.138000 0.162000
2 0.455000 0.071000 0.246000 0.142000
11 0.069350 0.051010 0.030700 0.050020
11 0.058000 0.022000 0.032000 0.040000
11 0.143000 0.686000 0.042000 0.024000
11 0.024000 0.770000 0.044000 0.024000
11 0.205300 0.728480 0.046600 0.032960
11 0.250000 0.717000 0.040000 0.026000
11 0.693000 0.039000 0.018000 0.026000
2 0.888000 0.019000 0.140000 0.038000
2 0.494790 0.481960 0.093580 0.123920
2 0.580900 0.464270 0.113800 0.112540
2 0.466180 0.360680 0.140360 0.097360
11 0.226340 0.325080 0.036680 0.058160
11 0.214460 0.304440 0.040920 0.048880
11 0.200780 0.279850 0.029560 0.055700
11 0.175920 0.241580 0.031840 0.051160
11 0.298190 0.467600 0.036380 0.043200
11 0.090760 0.066420 0.037520 0.056840
11 0.715640 0.072760 0.027280 0.037520
11 0.148760 0.185560 0.037520 0.059120
2 0.528500 0.790270 0.153000 0.112540
2 0.416420 0.884960 0.204840 0.229920
