3 0.214000 0.921500 0.112000 0.095000
11 0.292000 0.908000 0.060000 0.052000
11 0.343000 0.958000 0.038000 0.056000
11 0.662000 0.219000 0.044000 0.034000
11 0.403000 0.754000 0.026000 0.064000
11 0.942500 0.314500 0.065000 0.053000
11 0.235000 0.139000 0.066000 0.054000
3 0.663000 0.370500 0.138000 0.093000
3 0.767500 0.118000 0.115000 0.100000
3 0.944000 0.213000 0.076000 0.090000
2 0.305000 0.495000 0.086000 0.126000
2 0.058000 0.309500 0.116000 0.135000
3 0.580500 0.237000 0.077000 0.146000
2 0.516000 0.083000 0.244000 0.146000
2 0.196000 0.707500 0.164000 0.223000
3 0.401000 0.910000 0.134000 0.100000
2 0.069000 0.935000 0.138000 0.126000
11 0.613000 0.581000 0.034000 0.054000
11 0.645000 0.507500 0.026000 0.047000
11 0.660500 0.467000 0.029000 0.046000
3 0.947500 0.359000 0.071000 0.122000
11 0.943000 0.312000 0.054000 0.036000
2 0.295500 0.286500 0.191000 0.161000
2 0.483000 0.321500 0.106000 0.131000
2 0.378000 0.584500 0.160000 0.229000
2 0.161000 0.491500 0.162000 0.131000
2 0.140000 0.231000 0.140000 0.142000
2 0.289500 0.746000 0.151000 0.200000
11 0.416000 0.979000 0.044000 0.042000
11 0.515500 0.168000 0.051000 0.036000
11 0.116000 0.031500 0.052000 0.039000
11 0.154000 0.116000 0.040000 0.028000
11 0.028500 0.464000 0.041000 0.056000
2 0.925000 0.085000 0.146000 0.158000
