11 0.096000 0.647000 0.052000 0.038000
11 0.246000 0.717000 0.048000 0.038000
3 0.560000 0.959000 0.204000 0.078000
11 0.594000 0.848000 0.044000 0.032000
11 0.911000 0.735000 0.054000 0.038000
11 0.367000 0.742000 0.034000 0.052000
3 0.354000 0.535000 0.136000 0.086000
11 0.948000 0.923000 0.056000 0.042000
6 0.376000 0.672000 0.084000 0.124000
2 0.203000 0.210000 0.406000 0.416000
11 0.331000 0.467000 0.030000 0.046000
2 0.712130 0.532570 0.344260 0.365140
11 0.058000 0.555000 0.024000 0.046000
11 0.388000 0.447000 0.036000 0.054000
11 0.980000 0.702000 0.036000 0.036000
11 0.018000 0.539000 0.020000 0.042000
3 0.679000 0.844000 0.074000 0.088000
11 0.420000 0.180000 0.032000 0.044000
3 0.767000 0.975000 0.066000 0.046000
2 0.862010 0.140640 0.244020 0.209280
2 0.908000 0.064000 0.180000 0.128000
11 0.656000 0.821000 0.048000 0.034000
11 0.216000 0.600000 0.048000 0.028000
11 0.992000 0.932000 0.012000 0.040000
11 0.004000 0.555000 0.008000 0.038000
2 0.746480 0.281460 0.200960 0.190920
2 0.913760 0.464620 0.171520 0.325240
