11 0.519000 0.641000 0.054000 0.042000
11 0.564000 0.617000 0.048000 0.042000
11 0.583000 0.666000 0.038000 0.036000
11 0.709000 0.587000 0.042000 0.038000
11 0.624000 0.643000 0.048000 0.038000
6 0.436000 0.761000 0.064000 0.050000
11 0.382000 0.730000 0.044000 0.036000
2 0.816000 0.303230 0.300000 0.258460
7 0.934000 0.394000 0.056000 0.044000
2 0.146000 0.261000 0.292000 0.286000
11 0.344000 0.749000 0.052000 0.038000
11 0.763000 0.561000 0.046000 0.042000
11 0.426000 0.700000 0.044000 0.032000
11 0.636000 0.594000 0.052000 0.032000
7 0.881910 0.813690 0.075820 0.047380
7 0.869000 0.785000 0.066000 0.046000
11 0.777000 0.486000 0.046000 0.036000
11 0.249000 0.543000 0.038000 0.034000
11 0.657000 0.564000 0.046000 0.036000
11 0.803000 0.532000 0.042000 0.036000
7 0.788000 0.841000 0.068000 0.038000
11 0.737000 0.509000 0.042000 0.034000
2 0.583000 0.911000 0.130000 0.094000
2 0.553000 0.019000 0.214000 0.038000
7 0.810000 0.888000 0.056000 0.028000
11 0.717000 0.818000 0.046000 0.036000
2 0.484000 0.226000 0.188000 0.208000
11 0.916000 0.727000 0.056000 0.046000
2 0.555000 0.462000 0.294000 0.252000
2 0.186000 0.752000 0.372000 0.348000
11 0.758000 0.798000 0.036000 0.032000
11 0.261000 0.804000 0.046000 0.036000
11 0.885000 0.488000 0.042000 0.032000
2 0.026000 0.101000 0.052000 0.098000
7 0.685550 0.872000 0.059100 0.040000
11 0.191000 0.849000 0.050000 0.042000
11 0.301000 0.777000 0.050000 0.038000
3 0.102000 0.978000 0.084000 0.040000
11 0.304000 0.839000 0.048000 0.042000
11 0.921000 0.464000 0.046000 0.036000
11 0.841000 0.509000 0.046000 0.034000
2 0.937540 0.190920 0.123080 0.233840
3 0.032310 0.964620 0.044620 0.069240
11 0.778060 0.869010 0.052120 0.030020
2 0.393940 0.108360 0.195880 0.192720
2 0.966000 0.039000 0.068000 0.078000
