2 0.559000 0.422100 0.778000 0.664200
2 0.220000 0.901000 0.184000 0.194000
11 0.158000 0.500000 0.056000 0.036000
2 0.135000 0.179000 0.186000 0.242000
11 0.906000 0.230000 0.036000 0.044000
2 0.084000 0.339000 0.104000 0.102000
7 0.869000 0.182000 0.046000 0.052000
11 0.939000 0.278000 0.038000 0.044000
11 0.758000 0.021000 0.036000 0.038000
11 0.791000 0.062000 0.038000 0.048000
2 0.913000 0.050000 0.170000 0.100000
3 0.978000 0.337000 0.040000 0.074000
2 0.071000 0.745000 0.142000 0.166000
2 0.978000 0.232000 0.040000 0.148000
