2 0.657420 0.494780 0.106840 0.089560
11 0.454340 0.168880 0.024680 0.041760
11 0.211580 0.259690 0.047160 0.027380
11 0.166250 0.238020 0.040500 0.020040
2 0.714230 0.335420 0.208460 0.242840
11 0.672800 0.200100 0.045600 0.020200
6 0.428330 0.944290 0.048660 0.112580
6 0.472000 0.879000 0.028000 0.074000
2 0.618000 0.779000 0.120000 0.102000
6 0.439000 0.607000 0.034000 0.070000
11 0.032330 0.487450 0.052660 0.022900
11 0.062950 0.154970 0.049900 0.021940
11 0.320910 0.300390 0.041820 0.024780
11 0.204930 0.311380 0.045860 0.022760
11 0.206960 0.288320 0.049920 0.024640
11 0.318000 0.321650 0.044000 0.019300
11 0.329420 0.180550 0.042840 0.021100
11 0.165510 0.214270 0.043020 0.020540
11 0.146460 0.454080 0.036920 0.020160
11 0.195220 0.457090 0.046440 0.022180
11 0.195330 0.435220 0.042660 0.022440
11 0.198350 0.409540 0.044700 0.023080
11 0.314520 0.345560 0.037040 0.023120
11 0.188880 0.482390 0.045760 0.024780
11 0.300650 0.495030 0.045300 0.026060
2 0.864000 0.927000 0.268000 0.142000
7 0.761000 0.268000 0.042000 0.060000
11 0.231000 0.044000 0.046000 0.032000
11 0.295000 0.559000 0.046000 0.030000
11 0.059000 0.195000 0.046000 0.030000
11 0.150000 0.355000 0.044000 0.030000
11 0.150000 0.303000 0.048000 0.034000
7 0.964000 0.788000 0.068000 0.052000
11 0.175000 0.089000 0.050000 0.030000
11 0.168000 0.183000 0.048000 0.034000
11 0.187000 0.505000 0.046000 0.026000
11 0.805000 0.234000 0.038000 0.048000
11 0.032000 0.461000 0.048000 0.030000
11 0.051000 0.244000 0.046000 0.028000
11 0.063000 0.125000 0.046000 0.034000
11 0.075000 0.075000 0.050000 0.034000
11 0.319000 0.271000 0.042000 0.030000
11 0.141000 0.401000 0.046000 0.030000
11 0.759000 0.160000 0.046000 0.036000
11 0.337000 0.080000 0.046000 0.032000
11 0.040000 0.389000 0.048000 0.030000
7 0.437000 0.039000 0.030000 0.062000
11 0.298000 0.514000 0.044000 0.028000
11 0.324000 0.223000 0.048000 0.030000
7 0.965000 0.102000 0.042000 0.064000
7 0.948000 0.731000 0.028000 0.054000
11 0.433000 0.696000 0.026000 0.060000
11 0.221000 0.142000 0.050000 0.032000
11 0.225000 0.093000 0.038000 0.030000
11 0.235000 0.435000 0.022000 0.042000
11 0.414000 0.386000 0.020000 0.052000
11 0.307000 0.390000 0.046000 0.028000
11 0.171000 0.136000 0.042000 0.028000
11 0.424000 0.196000 0.020000 0.044000
11 0.303000 0.464000 0.046000 0.028000
11 0.422000 0.271000 0.020000 0.054000
11 0.982000 0.608000 0.032000 0.032000
11 0.442000 0.539000 0.020000 0.042000
11 0.128000 0.221000 0.028000 0.050000
3 0.527000 0.657000 0.074000 0.074000
11 0.419000 0.327000 0.022000 0.054000
11 0.078000 0.033000 0.044000 0.030000
11 0.483000 0.195000 0.018000 0.042000
11 0.430000 0.149000 0.024000 0.042000
11 0.470000 0.939000 0.020000 0.046000
7 0.913000 0.672000 0.050000 0.032000
11 0.218000 0.215000 0.044000 0.026000
11 0.435000 0.098000 0.022000 0.040000
11 0.665000 0.083000 0.018000 0.050000
7 0.974000 0.024000 0.040000 0.048000
11 0.103000 0.438000 0.022000 0.048000
11 0.343000 0.034000 0.050000 0.028000
2 0.019000 0.163000 0.038000 0.326000
2 0.167000 0.943000 0.330000 0.110000
11 0.387000 0.964000 0.022000 0.040000
11 0.202000 0.334000 0.044000 0.020000
11 0.902000 0.731000 0.048000 0.038000
11 0.328000 0.129000 0.044000 0.030000
7 0.781000 0.333000 0.046000 0.034000
11 0.668000 0.027000 0.024000 0.050000
11 0.030000 0.511000 0.044000 0.022000
11 0.723000 0.215000 0.042000 0.042000
11 0.198000 0.382000 0.040000 0.020000
11 0.232000 0.006000 0.044000 0.012000
11 0.434000 0.774000 0.028000 0.060000
2 0.163000 0.688000 0.322000 0.120000
11 0.349000 0.009000 0.046000 0.018000
11 0.135000 0.518000 0.042000 0.028000
11 0.177000 0.018000 0.050000 0.032000
11 0.515000 0.795000 0.022000 0.046000
11 0.307000 0.419000 0.046000 0.026000
7 0.989000 0.700000 0.018000 0.052000
11 0.042000 0.340000 0.044000 0.032000
11 0.202000 0.357000 0.044000 0.026000
7 0.937000 0.032000 0.042000 0.056000
11 0.992000 0.203000 0.012000 0.050000
11 0.143000 0.428000 0.042000 0.028000
2 0.882000 0.308000 0.088000 0.140000
11 0.466000 0.992000 0.020000 0.012000
2 0.635000 0.634000 0.106000 0.204000
