2 0.453000 0.686000 0.278000 0.292000
11 0.564000 0.104000 0.048000 0.036000
11 0.661000 0.899000 0.038000 0.034000
2 0.293330 0.474000 0.286660 0.264000
11 0.270000 0.326000 0.032000 0.028000
11 0.213000 0.359000 0.034000 0.030000
11 0.800000 0.724000 0.036000 0.032000
11 0.705000 0.930000 0.042000 0.036000
11 0.781000 0.832000 0.038000 0.036000
2 0.776000 0.202000 0.296000 0.324000
11 0.895000 0.612000 0.034000 0.032000
2 0.862000 0.874000 0.272000 0.248000
11 0.064000 0.362000 0.044000 0.036000
11 0.742000 0.895000 0.040000 0.034000
11 0.974000 0.613000 0.040000 0.042000
11 0.703000 0.018000 0.038000 0.032000
11 0.946000 0.550000 0.032000 0.036000
7 0.268000 0.267000 0.056000 0.042000
2 0.149000 0.968000 0.282000 0.060000
2 0.092000 0.626000 0.184000 0.216000
11 0.581000 0.987000 0.042000 0.022000
11 0.031000 0.389000 0.038000 0.030000
2 0.532000 0.336000 0.320000 0.280000
11 0.817330 0.707330 0.034660 0.034660
2 0.302670 0.860670 0.265340 0.217340
5 0.202670 0.106000 0.405340 0.212000
