2 0.631000 0.176000 0.134000 0.124000
2 0.763000 0.315000 0.102000 0.138000
2 0.642000 0.885000 0.232000 0.226000
11 0.580000 0.095000 0.052000 0.034000
11 0.044000 0.328000 0.040000 0.036000
2 0.672000 0.417000 0.116000 0.182000
11 0.081000 0.126000 0.046000 0.036000
11 0.255000 0.112000 0.050000 0.032000
11 0.109000 0.599000 0.026000 0.042000
11 0.032000 0.140000 0.048000 0.036000
2 0.876000 0.141000 0.244000 0.154000
7 0.523000 0.013000 0.062000 0.026000
2 0.310000 0.927000 0.280000 0.142000
11 0.018000 0.520000 0.036000 0.040000
3 0.108000 0.269000 0.108000 0.046000
2 0.918000 0.459000 0.160000 0.430000
2 0.927000 0.869000 0.142000 0.258000
11 0.840000 0.006000 0.052000 0.012000
2 0.440000 0.247000 0.320000 0.198000
2 0.755080 0.761240 0.166160 0.294480
2 0.349200 0.418670 0.150400 0.161340
2 0.419050 0.654510 0.210100 0.361020
2 0.722750 0.565490 0.165500 0.166980
11 0.107420 0.157060 0.050840 0.038120
11 0.801080 0.040220 0.046160 0.028440
11 0.480090 0.120000 0.052180 0.036000
