2 0.695000 0.307000 0.134000 0.102000
2 0.645000 0.434000 0.162000 0.132000
2 0.550000 0.589000 0.176000 0.154000
2 0.906000 0.738000 0.148000 0.180000
2 0.307000 0.739000 0.134000 0.138000
2 0.840000 0.292000 0.144000 0.124000
2 0.929000 0.046000 0.138000 0.092000
2 0.805000 0.613000 0.102000 0.106000
11 0.633000 0.874000 0.046000 0.036000
2 0.661000 0.950000 0.158000 0.096000
11 0.784000 0.781000 0.052000 0.038000
2 0.039000 0.878000 0.078000 0.148000
2 0.772000 0.028000 0.140000 0.056000
7 0.752000 0.761000 0.060000 0.050000
2 0.199000 0.381000 0.174000 0.150000
2 0.109000 0.185000 0.218000 0.266000
2 0.067000 0.987000 0.110000 0.022000
12 0.966000 0.385380 0.040000 0.050760
2 0.444770 0.201690 0.161540 0.155380
2 0.305230 0.304920 0.218460 0.173840
2 0.082150 0.441230 0.112300 0.118460
