2 0.661000 0.601000 0.138000 0.138000
2 0.678000 0.417000 0.172000 0.146000
2 0.170000 0.369000 0.288000 0.226000
2 0.900000 0.719000 0.144000 0.098000
2 0.443000 0.481000 0.138000 0.118000
2 0.402000 0.929000 0.120000 0.130000
2 0.118000 0.638000 0.124000 0.112000
2 0.047000 0.811000 0.086000 0.106000
2 0.876000 0.906000 0.088000 0.140000
11 0.847000 0.298000 0.046000 0.036000
2 0.552000 0.913000 0.116000 0.142000
2 0.447000 0.275000 0.106000 0.074000
11 0.520000 0.411000 0.032000 0.046000
11 0.097000 0.519000 0.030000 0.050000
11 0.139000 0.538000 0.034000 0.052000
2 0.432000 0.661000 0.136000 0.110000
2 0.176000 0.816000 0.180000 0.180000
11 0.251000 0.576000 0.038000 0.052000
11 0.202000 0.564000 0.028000 0.048000
3 0.897000 0.384000 0.094000 0.048000
2 0.803000 0.987000 0.134000 0.022000
