11 0.501390 0.410210 0.046780 0.020420
11 0.506710 0.433780 0.037420 0.019560
11 0.406410 0.743780 0.040820 0.019560
11 0.403990 0.694330 0.039980 0.024660
11 0.402110 0.571780 0.044220 0.019560
11 0.405830 0.835620 0.047660 0.027240
11 0.500510 0.362250 0.049020 0.024500
2 0.721000 0.519000 0.178000 0.434000
2 0.295000 0.715000 0.158000 0.430000
2 0.941000 0.268000 0.114000 0.124000
11 0.407000 0.862000 0.046000 0.024000
11 0.220000 0.443000 0.036000 0.046000
11 0.400000 0.590000 0.044000 0.024000
11 0.403000 0.810000 0.054000 0.028000
11 0.955000 0.156000 0.050000 0.028000
11 0.019000 0.481000 0.038000 0.038000
11 0.399000 0.716000 0.042000 0.028000
11 0.502000 0.336000 0.040000 0.024000
2 0.869000 0.920000 0.258000 0.156000
11 0.399000 0.764000 0.046000 0.028000
11 0.703000 0.160000 0.054000 0.024000
11 0.403000 0.654000 0.050000 0.032000
11 0.510000 0.479000 0.036000 0.026000
11 0.512000 0.505000 0.040000 0.026000
2 0.028000 0.936000 0.056000 0.124000
