11 0.094000 0.512000 0.040000 0.048000
11 0.062000 0.670000 0.024000 0.036000
3 0.247000 0.606000 0.078000 0.084000
11 0.152000 0.499000 0.024000 0.046000
11 0.179000 0.496000 0.030000 0.044000
3 0.094000 0.777000 0.084000 0.082000
11 0.205000 0.876000 0.022000 0.052000
11 0.049000 0.545000 0.042000 0.046000
11 0.152000 0.879000 0.024000 0.046000
11 0.260000 0.742000 0.028000 0.040000
11 0.076000 0.624000 0.040000 0.048000
11 0.014000 0.580000 0.028000 0.040000
11 0.230000 0.779000 0.040000 0.034000
