2 0.236000 0.284000 0.100000 0.124000
2 0.892000 0.724000 0.112000 0.116000
2 0.668000 0.874000 0.116000 0.112000
11 0.859000 0.871000 0.046000 0.042000
2 0.535000 0.957000 0.114000 0.082000
2 0.966000 0.948000 0.064000 0.100000
11 0.971000 0.844000 0.046000 0.040000
11 0.770000 0.944000 0.040000 0.036000
2 0.469000 0.030000 0.126000 0.060000
2 0.642000 0.029000 0.148000 0.058000
2 0.321440 0.562190 0.462880 0.380380
2 0.319100 0.797880 0.242200 0.203760
2 0.655620 0.278810 0.315240 0.289620
2 0.866860 0.113490 0.265720 0.222980
4 0.539720 0.512110 0.211440 0.192220
4 0.620050 0.592830 0.228100 0.189660
4 0.723330 0.437020 0.230660 0.246040
