2 0.349000 0.592000 0.174000 0.184000
2 0.500000 0.083000 0.136000 0.166000
3 0.267000 0.310000 0.090000 0.076000
3 0.701000 0.942000 0.098000 0.088000
2 0.090000 0.505000 0.168000 0.238000
2 0.932000 0.921000 0.132000 0.130000
3 0.371000 0.466000 0.086000 0.056000
11 0.180000 0.136000 0.044000 0.056000
11 0.432000 0.543000 0.036000 0.050000
7 0.236000 0.672000 0.040000 0.060000
11 0.470000 0.654000 0.044000 0.052000
3 0.076000 0.064000 0.056000 0.080000
11 0.151000 0.091000 0.042000 0.046000
3 0.377000 0.362000 0.082000 0.112000
11 0.263000 0.257000 0.034000 0.038000
11 0.235000 0.218000 0.038000 0.044000
2 0.093000 0.208000 0.182000 0.144000
2 0.809000 0.853000 0.158000 0.154000
2 0.804000 0.151000 0.388000 0.302000
11 0.214000 0.183000 0.028000 0.034000
2 0.149000 0.691000 0.090000 0.098000
11 0.128000 0.153000 0.032000 0.034000
3 0.870000 0.989000 0.064000 0.018000
2 0.268000 0.789000 0.100000 0.226000
7 0.250000 0.594000 0.036000 0.052000
2 0.057000 0.985000 0.114000 0.026000
2 0.506000 0.855000 0.292000 0.286000
