2 0.335000 0.850000 0.154000 0.148000
11 0.468000 0.419000 0.048000 0.038000
3 0.292000 0.501000 0.076000 0.078000
11 0.380000 0.685000 0.044000 0.038000
11 0.677000 0.486000 0.042000 0.052000
3 0.293000 0.652000 0.070000 0.084000
11 0.507000 0.786000 0.038000 0.036000
11 0.585000 0.851000 0.034000 0.030000
11 0.599000 0.923000 0.042000 0.042000
11 0.624000 0.883000 0.048000 0.038000
11 0.944000 0.035000 0.036000 0.038000
2 0.887000 0.911000 0.222000 0.174000
11 0.545000 0.820000 0.038000 0.032000
2 0.200000 0.800000 0.144000 0.168000
2 0.056000 0.952000 0.112000 0.092000
11 0.463000 0.752000 0.034000 0.032000
11 0.488000 0.837000 0.048000 0.038000
2 0.423000 0.936000 0.126000 0.124000
11 0.982000 0.009000 0.032000 0.018000
2 0.957000 0.641000 0.082000 0.290000
2 0.566000 0.984000 0.080000 0.028000
11 0.004000 0.837000 0.008000 0.038000
2 0.738620 0.780920 0.189240 0.193840
2 0.490000 0.586920 0.200000 0.233840
2 0.615690 0.689380 0.155380 0.170760
