2 0.132000 0.906000 0.252000 0.184000
2 0.353000 0.583000 0.162000 0.222000
11 0.260000 0.870000 0.044000 0.036000
11 0.411000 0.685000 0.034000 0.046000
11 0.481000 0.971000 0.046000 0.038000
2 0.887000 0.692000 0.222000 0.348000
3 0.317000 0.831000 0.094000 0.070000
3 0.242000 0.840000 0.052000 0.060000
2 0.550000 0.709000 0.148000 0.154000
11 0.479000 0.347000 0.026000 0.034000
2 0.807000 0.224000 0.386000 0.448000
2 0.646310 0.456620 0.304620 0.269240
11 0.782000 0.502000 0.028000 0.040000
2 0.487000 0.826000 0.126000 0.144000
11 0.724000 0.649000 0.032000 0.050000
2 0.285000 0.734000 0.138000 0.120000
2 0.708000 0.927000 0.416000 0.142000
2 0.163000 0.643850 0.134000 0.227700
2 0.348000 0.299000 0.284000 0.298000
3 0.281690 0.969380 0.075380 0.050760
2 0.355850 0.139230 0.407700 0.278460
2 0.072310 0.134620 0.144620 0.269240
