2 0.789000 0.390000 0.154000 0.152000
2 0.867000 0.524000 0.162000 0.144000
2 0.570000 0.286000 0.124000 0.112000
2 0.917000 0.657000 0.162000 0.158000
11 0.113000 0.213000 0.046000 0.034000
2 0.698000 0.043000 0.280000 0.086000
11 0.809000 0.073000 0.054000 0.034000
2 0.380000 0.691000 0.560000 0.374000
2 0.451000 0.332000 0.150000 0.192000
11 0.150000 0.402000 0.044000 0.028000
11 0.865000 0.202000 0.038000 0.044000
11 0.698000 0.096000 0.048000 0.036000
11 0.645000 0.759000 0.034000 0.046000
11 0.976000 0.373000 0.036000 0.038000
11 0.570000 0.124000 0.052000 0.032000
2 0.954000 0.193000 0.088000 0.186000
11 0.651000 0.104000 0.046000 0.028000
2 0.099100 0.666920 0.198200 0.377840
11 0.171000 0.446000 0.046000 0.028000
11 0.871000 0.065000 0.042000 0.026000
11 0.989000 0.413000 0.018000 0.042000
11 0.472000 0.138000 0.040000 0.024000
2 0.130000 0.067000 0.260000 0.134000
3 0.818000 0.162000 0.092000 0.052000
11 0.338000 0.169000 0.040000 0.022000
11 0.110000 0.337000 0.048000 0.026000
2 0.175000 0.310000 0.122000 0.100000
11 0.406000 0.155000 0.028000 0.030000
2 0.285000 0.318000 0.094000 0.100000
2 0.682000 0.904000 0.420000 0.192000
2 0.253010 0.950720 0.134020 0.097440
