3 0.608000 0.056000 0.116000 0.112000
2 0.647000 0.775000 0.214000 0.218000
11 0.137000 0.332000 0.038000 0.036000
11 0.175000 0.299000 0.038000 0.038000
11 0.059000 0.400000 0.038000 0.040000
11 0.213000 0.268000 0.038000 0.036000
11 0.251000 0.240000 0.038000 0.036000
11 0.291000 0.212000 0.042000 0.040000
11 0.442000 0.203000 0.048000 0.038000
11 0.377000 0.207000 0.042000 0.046000
11 0.774000 0.712000 0.040000 0.056000
2 0.338000 0.957000 0.244000 0.082000
3 0.447000 0.157000 0.066000 0.078000
11 0.017000 0.428000 0.034000 0.040000
11 0.749000 0.016000 0.046000 0.032000
2 0.874000 0.964000 0.248000 0.068000
11 0.297000 0.008000 0.034000 0.016000
11 0.377000 0.150000 0.042000 0.044000
2 0.041000 0.120000 0.082000 0.236000
2 0.368850 0.862780 0.137700 0.173560
2 0.753840 0.901230 0.203680 0.186460
