3 0.673000 0.559000 0.134000 0.110000
2 0.342000 0.574000 0.300000 0.340000
11 0.669000 0.661000 0.042000 0.046000
7 0.070000 0.107000 0.068000 0.058000
11 0.362000 0.948000 0.052000 0.036000
2 0.504220 0.251000 0.748440 0.502000
11 0.776000 0.091000 0.028000 0.046000
11 0.281000 0.984000 0.046000 0.028000
11 0.848000 0.297000 0.032000 0.058000
11 0.760000 0.041000 0.032000 0.046000
3 0.539000 0.843000 0.078000 0.106000
11 0.610920 0.735090 0.053840 0.034180
11 0.609000 0.700000 0.046000 0.040000
7 0.436000 0.885000 0.064000 0.042000
3 0.927000 0.440000 0.070000 0.072000
11 0.810000 0.020000 0.028000 0.040000
11 0.215000 0.188000 0.042000 0.036000
11 0.742000 0.008000 0.032000 0.016000
11 0.828000 0.063000 0.028000 0.046000
11 0.114000 0.110000 0.044000 0.040000
11 0.422740 0.860220 0.053480 0.044440
2 0.032450 0.371840 0.064900 0.243680
