2 0.232000 0.619000 0.104000 0.102000
2 0.154000 0.865000 0.108000 0.138000
2 0.444000 0.403000 0.112000 0.118000
2 0.515000 0.705000 0.118000 0.114000
2 0.708000 0.403000 0.140000 0.110000
2 0.786000 0.726000 0.112000 0.100000
2 0.449000 0.521000 0.090000 0.106000
2 0.085000 0.114000 0.114000 0.120000
11 0.552000 0.411000 0.032000 0.050000
11 0.564000 0.248000 0.036000 0.048000
11 0.246000 0.520000 0.048000 0.040000
11 0.568000 0.462000 0.036000 0.052000
2 0.698000 0.314000 0.156000 0.088000
11 0.042000 0.756000 0.028000 0.040000
11 0.468000 0.087000 0.036000 0.054000
11 0.576000 0.296000 0.032000 0.044000
11 0.608000 0.607000 0.032000 0.050000
11 0.656000 0.592000 0.028000 0.056000
11 0.591000 0.966000 0.046000 0.028000
2 0.683000 0.223000 0.134000 0.098000
11 0.714000 0.800000 0.032000 0.048000
11 0.014000 0.652000 0.028000 0.056000
11 0.668000 0.638000 0.032000 0.044000
3 0.707000 0.869000 0.074000 0.054000
11 0.634000 0.699000 0.028000 0.046000
11 0.636000 0.514000 0.032000 0.044000
11 0.624000 0.476000 0.028000 0.040000
11 0.494000 0.186000 0.036000 0.056000
11 0.509000 0.050000 0.034000 0.048000
11 0.068000 0.855000 0.028000 0.046000
3 0.687000 0.961000 0.042000 0.074000
7 0.610000 0.424000 0.036000 0.064000
11 0.098000 0.955000 0.032000 0.050000
11 0.540000 0.161000 0.028000 0.050000
11 0.052000 0.803000 0.024000 0.042000
11 0.158000 0.025000 0.044000 0.034000
2 0.830000 0.552000 0.080000 0.096000
2 0.582000 0.871000 0.112000 0.098000
2 0.037000 0.959000 0.074000 0.078000
2 0.388000 0.143000 0.112000 0.086000
11 0.347000 0.976000 0.054000 0.028000
2 0.418000 0.293000 0.128000 0.110000
2 0.265000 0.920000 0.126000 0.112000
2 0.888000 0.775000 0.128000 0.106000
2 0.696000 0.059000 0.284000 0.118000
11 0.587000 0.346000 0.026000 0.032000
2 0.107000 0.424000 0.098000 0.176000
2 0.366000 0.055000 0.132000 0.106000
11 0.682000 0.691000 0.032000 0.042000
2 0.097000 0.221000 0.146000 0.082000
11 0.522000 0.295000 0.028000 0.046000
2 0.640000 0.020000 0.188000 0.040000
2 0.811000 0.638000 0.162000 0.084000
2 0.975000 0.819000 0.046000 0.158000
2 0.083000 0.032000 0.134000 0.064000
2 0.210110 0.733840 0.116220 0.135680
