11 0.783860 0.309620 0.019720 0.043240
11 0.783330 0.399310 0.026660 0.050620
11 0.783120 0.447750 0.022240 0.047500
11 0.789910 0.917770 0.023820 0.051540
2 0.666000 0.920000 0.112000 0.112000
2 0.387000 0.680000 0.162000 0.140000
2 0.666000 0.807000 0.112000 0.126000
2 0.399000 0.307000 0.126000 0.114000
2 0.931000 0.800000 0.134000 0.132000
2 0.614000 0.211000 0.120000 0.138000
2 0.895000 0.506000 0.142000 0.236000
2 0.342000 0.439000 0.124000 0.106000
2 0.278000 0.927000 0.348000 0.142000
2 0.679000 0.043000 0.138000 0.086000
2 0.631000 0.708000 0.114000 0.092000
2 0.934000 0.654000 0.120000 0.060000
2 0.334000 0.537000 0.108000 0.098000
2 0.881000 0.198000 0.106000 0.128000
7 0.782000 0.212000 0.028000 0.052000
11 0.508000 0.119000 0.028000 0.046000
11 0.204000 0.675000 0.024000 0.038000
11 0.245000 0.482000 0.030000 0.052000
11 0.597000 0.966000 0.046000 0.028000
2 0.677000 0.308000 0.106000 0.084000
2 0.934000 0.984000 0.128000 0.028000
2 0.927000 0.313000 0.126000 0.122000
11 0.779000 0.348000 0.022000 0.040000
11 0.566000 0.120000 0.024000 0.040000
11 0.786000 0.807000 0.028000 0.050000
2 0.386000 0.077000 0.144000 0.150000
11 0.550000 0.027000 0.048000 0.022000
11 0.786000 0.857000 0.020000 0.042000
11 0.782000 0.987000 0.028000 0.022000
3 0.276000 0.006000 0.076000 0.012000
11 0.183000 0.785000 0.022000 0.046000
2 0.691000 0.427000 0.090000 0.098000
2 0.886000 0.009000 0.124000 0.018000
2 0.498000 0.571000 0.076000 0.126000
