2 0.461000 0.339000 0.150000 0.130000
2 0.732000 0.105000 0.124000 0.118000
2 0.802000 0.336000 0.116000 0.136000
2 0.185000 0.675000 0.142000 0.314000
2 0.931000 0.337000 0.134000 0.158000
2 0.466000 0.700000 0.084000 0.124000
2 0.024000 0.375000 0.048000 0.146000
2 0.592000 0.909000 0.120000 0.170000
11 0.582000 0.323000 0.020000 0.042000
3 0.566000 0.278000 0.068000 0.044000
11 0.725000 0.243000 0.046000 0.026000
7 0.022000 0.890000 0.028000 0.060000
2 0.740000 0.668000 0.176000 0.264000
11 0.511000 0.904000 0.022000 0.040000
2 0.904000 0.915000 0.188000 0.166000
11 0.543000 0.617000 0.022000 0.042000
11 0.570000 0.410000 0.024000 0.048000
11 0.823000 0.190000 0.054000 0.024000
11 0.539000 0.663000 0.022000 0.042000
11 0.516000 0.847000 0.024000 0.038000
11 0.566000 0.463000 0.024000 0.050000
11 0.534000 0.715000 0.024000 0.042000
2 0.128000 0.939000 0.116000 0.110000
11 0.520000 0.805000 0.024000 0.038000
2 0.189000 0.411000 0.142000 0.230000
2 0.761000 0.010000 0.070000 0.020000
2 0.733000 0.985000 0.182000 0.026000
2 0.915000 0.620000 0.166000 0.148000
11 0.020000 0.684000 0.024000 0.048000
7 0.497000 0.989000 0.022000 0.018000
2 0.336000 0.943000 0.048000 0.110000
2 0.340000 0.090000 0.188000 0.180000
2 0.536760 0.083410 0.153520 0.166820
2 0.969000 0.059000 0.058000 0.118000
11 0.083000 0.557000 0.018000 0.034000
2 0.697500 0.460490 0.107000 0.196980
2 0.304070 0.371740 0.164140 0.143480
2 0.282000 0.959000 0.064000 0.082000
2 0.217760 0.954470 0.063520 0.072940
