11 0.691000 0.410000 0.058000 0.044000
7 0.419000 0.326680 0.078000 0.069360
11 0.909000 0.514000 0.050000 0.044000
11 0.628000 0.374000 0.056000 0.040000
11 0.043000 0.090000 0.054000 0.044000
11 0.575000 0.346000 0.050000 0.036000
7 0.707000 0.557000 0.066000 0.042000
11 0.856000 0.485000 0.056000 0.046000
7 0.462000 0.515000 0.064000 0.058000
11 0.523000 0.320000 0.054000 0.040000
11 0.221000 0.169000 0.066000 0.050000
11 0.958000 0.545000 0.056000 0.046000
11 0.335000 0.281000 0.050000 0.042000
11 0.161000 0.140000 0.050000 0.036000
3 0.218000 0.359000 0.088000 0.106000
3 0.267000 0.244000 0.098000 0.132000
11 0.742000 0.436000 0.040000 0.040000
11 0.772000 0.619000 0.048000 0.038000
11 0.842080 0.657550 0.044160 0.039100
11 0.850000 0.617000 0.056000 0.042000
7 0.921210 0.695120 0.074420 0.054240
11 0.939000 0.669000 0.054000 0.042000
11 0.025000 0.248000 0.050000 0.048000
11 0.725000 0.601000 0.046000 0.038000
2 0.194380 0.756480 0.384760 0.380960
2 0.048000 0.844000 0.096000 0.308000
11 0.330000 0.316000 0.040000 0.032000
6 0.966000 0.747000 0.064000 0.062000
2 0.503000 0.024000 0.198000 0.048000
2 0.476220 0.869000 0.488440 0.262000
2 0.922000 0.150000 0.152000 0.300000
11 0.985000 0.689000 0.026000 0.038000
2 0.755010 0.085150 0.386020 0.170300
2 0.819390 0.951760 0.278780 0.095520
11 0.783250 0.459750 0.042500 0.027500
