2 0.596000 0.506000 0.148000 0.144000
2 0.192000 0.556000 0.148000 0.136000
2 0.052000 0.929000 0.104000 0.130000
2 0.447000 0.668000 0.122000 0.116000
2 0.721000 0.463000 0.130000 0.126000
11 0.952000 0.133000 0.028000 0.050000
2 0.744000 0.256000 0.120000 0.112000
11 0.091000 0.433000 0.018000 0.034000
11 0.437000 0.807000 0.038000 0.042000
2 0.675000 0.068000 0.150000 0.136000
11 0.520000 0.733000 0.040000 0.042000
11 0.892000 0.297000 0.028000 0.042000
2 0.107000 0.712000 0.130000 0.100000
2 0.517000 0.954000 0.250000 0.088000
11 0.918000 0.247000 0.032000 0.046000
11 0.405000 0.844000 0.038000 0.040000
2 0.364000 0.795000 0.104000 0.110000
11 0.645000 0.608000 0.034000 0.040000
11 0.851000 0.406000 0.030000 0.044000
7 0.463000 0.870000 0.054000 0.056000
2 0.661000 0.760000 0.166000 0.152000
2 0.440000 0.195000 0.156000 0.134000
2 0.966000 0.497000 0.064000 0.122000
2 0.179000 0.971000 0.122000 0.054000
11 0.347000 0.980000 0.034000 0.036000
2 0.025000 0.511000 0.050000 0.150000
11 0.470000 0.772000 0.044000 0.044000
11 0.985000 0.006000 0.026000 0.012000
2 0.057000 0.816000 0.102000 0.096000
2 0.985000 0.309000 0.026000 0.106000
2 0.244000 0.357000 0.144000 0.142000
11 0.880000 0.352000 0.032000 0.044000
11 0.271000 0.973000 0.030000 0.042000
2 0.811000 0.652000 0.134000 0.148000
2 0.199780 0.134040 0.215560 0.200080
2 0.207000 0.016000 0.158000 0.032000
11 0.784000 0.481000 0.032000 0.038000
2 0.435530 0.057660 0.127060 0.115320
2 0.798960 0.801980 0.145920 0.135960
2 0.929000 0.936000 0.142000 0.128000
2 0.102380 0.253280 0.196760 0.194560
2 0.350010 0.276270 0.168020 0.152540
2 0.049190 0.354060 0.098380 0.148120
2 0.241540 0.835930 0.179080 0.155860
11 0.553690 0.701130 0.035380 0.034260
