7 0.401000 0.855000 0.046000 0.074000
7 0.319000 0.930000 0.062000 0.064000
11 0.190000 0.793000 0.048000 0.034000
2 0.610000 0.363000 0.776000 0.718000
11 0.223000 0.862000 0.046000 0.032000
7 0.045000 0.260000 0.038000 0.060000
11 0.139000 0.259000 0.050000 0.030000
11 0.120000 0.484000 0.040000 0.032000
11 0.288000 0.918000 0.032000 0.032000
7 0.025000 0.328000 0.042000 0.064000
7 0.030000 0.452000 0.048000 0.068000
7 0.010000 0.525000 0.020000 0.058000
11 0.720000 0.009000 0.032000 0.018000
11 0.138000 0.201000 0.040000 0.026000
11 0.928000 0.075000 0.024000 0.042000
