2 0.093000 0.871000 0.186000 0.254000
2 0.708000 0.335330 0.188000 0.194660
11 0.797000 0.251000 0.042000 0.042000
11 0.703000 0.174000 0.038000 0.036000
11 0.803000 0.195000 0.050000 0.046000
11 0.902000 0.582000 0.028000 0.036000
11 0.571000 0.062000 0.042000 0.040000
11 0.784000 0.763000 0.032000 0.038000
11 0.135000 0.740000 0.034000 0.036000
11 0.872000 0.627000 0.032000 0.042000
11 0.807000 0.835000 0.034000 0.042000
11 0.358000 0.937000 0.032000 0.034000
11 0.946000 0.612000 0.032000 0.040000
2 0.850000 0.913000 0.296000 0.170000
2 0.274000 0.699330 0.192000 0.178660
11 0.208000 0.733000 0.032000 0.034000
11 0.239000 0.760000 0.030000 0.032000
2 0.404000 0.806000 0.228000 0.180000
7 0.314000 0.832000 0.052000 0.048000
11 0.053000 0.661000 0.034000 0.030000
2 0.545000 0.907000 0.222000 0.186000
11 0.629000 0.989000 0.038000 0.018000
11 0.900000 0.638000 0.032000 0.036000
3 0.982000 0.365000 0.032000 0.078000
11 0.425000 0.989000 0.042000 0.018000
2 0.957000 0.673000 0.082000 0.190000
11 0.992000 0.529000 0.012000 0.042000
2 0.453330 0.136000 0.230660 0.204000
2 0.852000 0.446670 0.188000 0.209340
2 0.678670 0.770670 0.201340 0.201340
2 0.774670 0.609330 0.189340 0.206660
2 0.205330 0.368000 0.190660 0.172000
2 0.166670 0.604000 0.177340 0.196000
2 0.092670 0.494670 0.173340 0.197340
2 0.564000 0.590670 0.208000 0.185340
2 0.560000 0.374000 0.208000 0.192000
2 0.331330 0.327330 0.286660 0.298660
