3 0.447000 0.157000 0.070000 0.106000
3 0.587000 0.086000 0.130000 0.072000
2 0.861000 0.638000 0.158000 0.140000
11 0.372000 0.188000 0.044000 0.036000
2 0.157000 0.756000 0.314000 0.384000
11 0.421000 0.578000 0.034000 0.048000
2 0.759000 0.444000 0.250000 0.164000
11 0.628000 0.053000 0.028000 0.050000
11 0.536000 0.219000 0.028000 0.050000
7 0.290000 0.946000 0.040000 0.068000
2 0.961000 0.546000 0.074000 0.432000
7 0.338000 0.973000 0.044000 0.050000
2 0.763000 0.104000 0.186000 0.184000
7 0.516000 0.292000 0.040000 0.072000
11 0.574000 0.208000 0.028000 0.056000
2 0.787000 0.837000 0.306000 0.206000
2 0.177000 0.302000 0.354000 0.412000
6 0.375000 0.747000 0.050000 0.070000
2 0.920000 0.087000 0.156000 0.170000
2 0.378000 0.045000 0.308000 0.090000
2 0.561230 0.666460 0.178460 0.196920
2 0.498000 0.783080 0.160000 0.146160
2 0.479380 0.908920 0.230760 0.173840
