2 0.707000 0.229000 0.326000 0.330000
11 0.793000 0.656000 0.042000 0.036000
11 0.803000 0.595000 0.050000 0.042000
11 0.714000 0.525000 0.040000 0.050000
11 0.510000 0.516000 0.044000 0.032000
11 0.268000 0.279000 0.044000 0.034000
11 0.175000 0.111000 0.050000 0.030000
11 0.410000 0.548000 0.044000 0.032000
11 0.278000 0.349000 0.044000 0.038000
7 0.849000 0.766000 0.042000 0.060000
11 0.733000 0.783000 0.042000 0.042000
11 0.504000 0.455000 0.056000 0.034000
11 0.517000 0.568000 0.058000 0.036000
11 0.299000 0.492000 0.054000 0.032000
11 0.761000 0.533000 0.042000 0.042000
11 0.499000 0.407000 0.046000 0.034000
11 0.286000 0.445000 0.048000 0.034000
11 0.307000 0.029000 0.022000 0.050000
11 0.982000 0.182000 0.032000 0.036000
2 0.021000 0.406000 0.042000 0.176000
11 0.848000 0.673000 0.032000 0.034000
11 0.869000 0.756000 0.038000 0.040000
11 0.874000 0.479000 0.036000 0.042000
11 0.671000 0.546000 0.046000 0.064000
11 0.960000 0.421000 0.040000 0.042000
11 0.652000 0.663000 0.048000 0.050000
11 0.317000 0.604000 0.030000 0.024000
11 0.491000 0.377000 0.046000 0.034000
11 0.381000 0.639000 0.018000 0.046000
11 0.922000 0.440000 0.032000 0.044000
11 0.119000 0.114000 0.046000 0.028000
11 0.828000 0.783000 0.036000 0.050000
7 0.352000 0.633000 0.036000 0.074000
11 0.991000 0.238000 0.014000 0.028000
11 0.384000 0.360000 0.044000 0.032000
2 0.987000 0.876000 0.022000 0.244000
