11 0.710500 0.434500 0.025000 0.041000
11 0.010000 0.364000 0.020000 0.048000
11 0.755000 0.585000 0.038000 0.054000
11 0.741000 0.539000 0.030000 0.050000
2 0.156000 0.378000 0.208000 0.188000
2 0.729000 0.069000 0.146000 0.138000
2 0.244000 0.229000 0.120000 0.098000
2 0.862000 0.536000 0.176000 0.184000
2 0.806000 0.406000 0.140000 0.148000
2 0.420000 0.273000 0.092000 0.110000
2 0.251000 0.606000 0.126000 0.120000
2 0.533000 0.355000 0.122000 0.114000
2 0.318000 0.511000 0.092000 0.074000
11 0.127000 0.863000 0.034000 0.050000
11 0.826000 0.811000 0.036000 0.058000
11 0.556000 0.060000 0.032000 0.052000
11 0.156000 0.958000 0.032000 0.052000
11 0.048000 0.611000 0.032000 0.050000
11 0.786000 0.688000 0.032000 0.052000
11 0.874000 0.739000 0.044000 0.034000
11 0.840000 0.861000 0.032000 0.046000
11 0.033000 0.561000 0.034000 0.050000
11 0.017000 0.404000 0.022000 0.032000
11 0.680000 0.350000 0.032000 0.052000
11 0.611000 0.227000 0.034000 0.054000
11 0.879000 0.982000 0.034000 0.032000
11 0.594000 0.181000 0.032000 0.050000
2 0.961000 0.648000 0.078000 0.124000
2 0.579000 0.468500 0.098000 0.101000
2 0.024000 0.747000 0.048000 0.118000
11 0.699500 0.401000 0.027000 0.034000
2 0.040500 0.057000 0.081000 0.114000
2 0.633000 0.829000 0.138000 0.118000
2 0.169500 0.536000 0.095000 0.112000
2 0.482000 0.158000 0.108000 0.092000
2 0.625500 0.654500 0.119000 0.101000
2 0.537000 0.244000 0.106000 0.108000
2 0.721500 0.187000 0.135000 0.122000
2 0.396000 0.081000 0.140000 0.150000
2 0.628000 0.738000 0.120000 0.100000
2 0.300500 0.730500 0.121000 0.113000
2 0.653000 0.907500 0.142000 0.123000
2 0.259000 0.905500 0.114000 0.095000
2 0.596000 0.585000 0.124000 0.102000
2 0.049500 0.196000 0.099000 0.152000
2 0.933500 0.770000 0.123000 0.112000
2 0.714000 0.725500 0.076000 0.087000
11 0.581500 0.135500 0.035000 0.055000
2 0.931000 0.374500 0.138000 0.157000
2 0.038000 0.902000 0.076000 0.140000
2 0.943000 0.876500 0.074000 0.073000
2 0.856000 0.200500 0.092000 0.061000
11 0.870000 0.957000 0.028000 0.034000
2 0.806000 0.044000 0.072000 0.088000
