3 0.427020 0.537350 0.138040 0.094700
2 0.071000 0.271000 0.142000 0.238000
2 0.119000 0.888000 0.222000 0.220000
2 0.943000 0.544000 0.110000 0.160000
11 0.102000 0.792000 0.040000 0.032000
2 0.739000 0.611000 0.222000 0.238000
2 0.170000 0.623000 0.340000 0.290000
11 0.499000 0.963000 0.038000 0.046000
2 0.397000 0.929000 0.222000 0.138000
2 0.465630 0.694240 0.235260 0.192480
3 0.545000 0.576000 0.082000 0.060000
11 0.770000 0.937000 0.040000 0.050000
2 0.887000 0.119000 0.222000 0.238000
2 0.663000 0.305000 0.162000 0.146000
2 0.673250 0.922530 0.182500 0.153060
11 0.710000 0.821000 0.032000 0.042000
2 0.037000 0.052000 0.074000 0.104000
3 0.566000 0.514000 0.060000 0.080000
3 0.375000 0.613000 0.062000 0.070000
3 0.809000 0.328000 0.054000 0.036000
2 0.910000 0.911000 0.176000 0.174000
2 0.416000 0.261000 0.544000 0.410000
11 0.825000 0.386000 0.042000 0.036000
2 0.591390 0.787490 0.186780 0.230980
11 0.631000 0.677000 0.034000 0.034000
11 0.601000 0.624000 0.038000 0.048000
2 0.379490 0.047050 0.230980 0.094100
2 0.559610 0.053470 0.111220 0.106940
