2 0.892000 0.497000 0.148000 0.154000
2 0.796000 0.911000 0.120000 0.174000
2 0.436000 0.742000 0.208000 0.208000
2 0.920000 0.702000 0.156000 0.212000
2 0.392000 0.462000 0.260000 0.140000
2 0.550000 0.190000 0.100000 0.096000
2 0.743000 0.046000 0.134000 0.092000
2 0.908000 0.177000 0.116000 0.206000
2 0.957000 0.906000 0.082000 0.184000
3 0.643000 0.319000 0.054000 0.090000
2 0.096000 0.769000 0.108000 0.098000
11 0.765000 0.312000 0.042000 0.044000
11 0.832000 0.654000 0.028000 0.040000
2 0.395000 0.941000 0.186000 0.114000
11 0.104000 0.891000 0.044000 0.042000
11 0.029000 0.839000 0.042000 0.042000
11 0.832000 0.175000 0.028000 0.050000
11 0.150000 0.240000 0.048000 0.032000
11 0.188000 0.973000 0.044000 0.042000
11 0.114000 0.287000 0.044000 0.026000
11 0.139000 0.127000 0.050000 0.030000
2 0.705000 0.756000 0.114000 0.080000
11 0.808000 0.579000 0.028000 0.042000
11 0.520000 0.329000 0.040000 0.026000
3 0.810000 0.259000 0.084000 0.054000
2 0.682000 0.160000 0.172000 0.172000
11 0.395000 0.307000 0.046000 0.022000
7 0.858000 0.060000 0.032000 0.052000
11 0.042000 0.100000 0.028000 0.044000
11 0.293000 0.260000 0.062000 0.028000
2 0.242920 0.400000 0.113840 0.120000
11 0.198000 0.295000 0.040000 0.018000
2 0.364000 0.089000 0.168000 0.178000
2 0.128000 0.399000 0.116000 0.150000
11 0.283000 0.303000 0.058000 0.026000
6 0.783000 0.475000 0.050000 0.114000
11 0.934000 0.335000 0.048000 0.030000
7 0.413000 0.271000 0.066000 0.030000
11 0.982000 0.341000 0.032000 0.030000
2 0.922000 0.037000 0.088000 0.074000
11 0.194000 0.134000 0.060000 0.032000
2 0.077000 0.566000 0.130000 0.080000
11 0.023000 0.261000 0.034000 0.030000
2 0.079000 0.030000 0.158000 0.060000
2 0.987000 0.161000 0.022000 0.138000
2 0.688000 0.525540 0.140000 0.243080
