2 0.316000 0.293000 0.628000 0.570000
2 0.681000 0.698500 0.298000 0.301000
2 0.676000 0.868000 0.532000 0.264000
11 0.908000 0.506000 0.032000 0.048000
11 0.676000 0.458000 0.028000 0.028000
11 0.921000 0.894000 0.022000 0.028000
11 0.699000 0.494000 0.038000 0.044000
11 0.761000 0.172000 0.030000 0.040000
11 0.736000 0.552000 0.028000 0.032000
11 0.203000 0.798000 0.050000 0.048000
11 0.926000 0.552000 0.036000 0.048000
11 0.482000 0.176000 0.028000 0.036000
11 0.436000 0.103000 0.024000 0.030000
11 0.833180 0.709690 0.030360 0.047380
11 0.456020 0.136860 0.032040 0.037720
7 0.367500 0.947000 0.063000 0.062000
11 0.760000 0.591000 0.024000 0.034000
11 0.899000 0.845000 0.034000 0.038000
11 0.040000 0.652000 0.080000 0.076000
3 0.060000 0.714500 0.092000 0.085000
3 0.384500 0.055000 0.093000 0.050000
3 0.956000 0.419000 0.076000 0.130000
2 0.892000 0.189000 0.216000 0.378000
11 0.853500 0.750500 0.039000 0.053000
11 0.872500 0.789000 0.033000 0.038000
2 0.185000 0.243500 0.234000 0.227000
2 0.359000 0.196500 0.190000 0.245000
3 0.059000 0.802500 0.066000 0.089000
2 0.238750 0.658180 0.385500 0.372360
2 0.101360 0.936760 0.202720 0.125520
7 0.551100 0.282830 0.054200 0.053660
