2 0.753000 0.864000 0.278000 0.268000
2 0.400000 0.834000 0.144000 0.328000
2 0.940000 0.444000 0.116000 0.104000
2 0.892000 0.231000 0.120000 0.090000
2 0.947000 0.582000 0.102000 0.120000
2 0.116000 0.250000 0.232000 0.500000
11 0.276000 0.306000 0.048000 0.036000
11 0.907000 0.784000 0.046000 0.032000
11 0.733000 0.254000 0.050000 0.032000
11 0.404000 0.529000 0.048000 0.034000
11 0.420000 0.122000 0.052000 0.036000
11 0.745000 0.300000 0.046000 0.028000
11 0.719000 0.176000 0.050000 0.036000
11 0.257000 0.352000 0.038000 0.032000
11 0.298000 0.191000 0.044000 0.034000
11 0.350000 0.446000 0.048000 0.032000
11 0.580000 0.233000 0.052000 0.034000
11 0.472000 0.231000 0.044000 0.030000
11 0.456000 0.299000 0.044000 0.030000
11 0.547000 0.373000 0.050000 0.030000
11 0.365000 0.377000 0.046000 0.030000
11 0.410000 0.171000 0.044000 0.030000
11 0.316000 0.149000 0.048000 0.030000
11 0.426000 0.435000 0.044000 0.030000
11 0.843000 0.542000 0.042000 0.032000
11 0.285000 0.240000 0.050000 0.032000
11 0.449000 0.346000 0.050000 0.028000
11 0.505000 0.554000 0.054000 0.028000
11 0.401000 0.239000 0.054000 0.030000
11 0.527000 0.462000 0.038000 0.028000
11 0.575000 0.281000 0.042000 0.022000
2 0.987000 0.775000 0.022000 0.106000
11 0.851000 0.572000 0.038000 0.028000
11 0.383000 0.307000 0.046000 0.038000
11 0.962000 0.987000 0.048000 0.022000
11 0.984000 0.193000 0.028000 0.046000
11 0.492000 0.142000 0.052000 0.028000
11 0.567000 0.303000 0.042000 0.026000
11 0.594000 0.165000 0.060000 0.042000
11 0.439000 0.389000 0.042000 0.030000
