2 0.155000 0.379000 0.202000 0.266000
2 0.452000 0.137000 0.196000 0.274000
2 0.041000 0.064000 0.082000 0.128000
2 0.179000 0.063000 0.142000 0.126000
2 0.423000 0.358000 0.134000 0.196000
7 0.315000 0.158000 0.030000 0.060000
7 0.303000 0.077000 0.030000 0.054000
11 0.837000 0.409000 0.030000 0.042000
11 0.853000 0.365000 0.034000 0.046000
11 0.343000 0.499000 0.026000 0.046000
11 0.911000 0.218000 0.026000 0.044000
11 0.403000 0.892000 0.030000 0.056000
11 0.895000 0.262000 0.034000 0.048000
3 0.369000 0.774000 0.074000 0.040000
2 0.254000 0.899000 0.192000 0.170000
11 0.329000 0.273000 0.026000 0.046000
7 0.295000 0.021000 0.022000 0.042000
11 0.620000 0.937000 0.028000 0.042000
2 0.812000 0.804000 0.292000 0.388000
11 0.604000 0.978000 0.032000 0.040000
2 0.081000 0.721000 0.162000 0.230000
11 0.339000 0.366000 0.018000 0.044000
2 0.498000 0.927000 0.140000 0.142000
11 0.319000 0.219000 0.026000 0.050000
11 0.876000 0.315000 0.040000 0.058000
3 0.325000 0.424000 0.070000 0.036000
2 0.477000 0.745000 0.146000 0.250000
2 0.266000 0.671000 0.128000 0.130000
2 0.723000 0.344000 0.182000 0.240000
2 0.929000 0.362000 0.138000 0.568000
11 0.364000 0.118000 0.016000 0.036000
2 0.485000 0.536000 0.222000 0.184000
11 0.332000 0.321000 0.024000 0.046000
