2 0.770000 0.342000 0.188000 0.208000
2 0.929000 0.945000 0.138000 0.106000
2 0.210000 0.602000 0.184000 0.444000
2 0.362000 0.237000 0.424000 0.190000
11 0.109000 0.836000 0.038000 0.028000
7 0.912000 0.332000 0.028000 0.052000
2 0.098000 0.063000 0.196000 0.126000
2 0.050000 0.595000 0.100000 0.494000
11 0.514000 0.620000 0.044000 0.028000
7 0.867000 0.552000 0.034000 0.068000
11 0.872000 0.779000 0.024000 0.042000
11 0.962000 0.156000 0.028000 0.044000
11 0.848000 0.651000 0.024000 0.046000
11 0.918000 0.599000 0.024000 0.042000
2 0.707000 0.685000 0.242000 0.538000
11 0.930000 0.533000 0.028000 0.050000
11 0.934000 0.239000 0.028000 0.042000
11 0.821000 0.978000 0.022000 0.040000
11 0.839000 0.695000 0.022000 0.042000
11 0.974000 0.120000 0.024000 0.040000
11 0.946000 0.194000 0.024000 0.044000
11 0.816000 0.801000 0.024000 0.046000
7 0.970000 0.308000 0.032000 0.072000
11 0.153000 0.537000 0.022000 0.046000
11 0.904000 0.382000 0.024000 0.044000
2 0.964000 0.666000 0.068000 0.120000
11 0.925000 0.283000 0.026000 0.046000
11 0.826000 0.752000 0.024000 0.052000
2 0.450000 0.554000 0.164000 0.252000
2 0.788000 0.091000 0.144000 0.178000
11 0.100000 0.569000 0.028000 0.046000
2 0.167000 0.985000 0.126000 0.026000
2 0.506000 0.032000 0.448000 0.064000
2 0.941000 0.807000 0.114000 0.182000
2 0.446000 0.961000 0.256000 0.074000
11 0.955000 0.455000 0.022000 0.042000
7 0.972000 0.397000 0.036000 0.054000
2 0.399000 0.767000 0.138000 0.194000
11 0.578000 0.480000 0.028000 0.040000
7 0.601000 0.484000 0.026000 0.048000
7 0.114000 0.495000 0.028000 0.054000
11 0.006000 0.849000 0.012000 0.022000
11 0.860000 0.605000 0.028000 0.046000
11 0.992000 0.077000 0.012000 0.038000
11 0.566000 0.818000 0.040000 0.028000
11 0.561000 0.854000 0.034000 0.024000
11 0.466000 0.858000 0.040000 0.024000
2 0.705000 0.992000 0.070000 0.012000
