2 0.649000 0.352000 0.698000 0.676000
7 0.210000 0.813000 0.044000 0.074000
11 0.167000 0.483000 0.038000 0.042000
7 0.814000 0.561000 0.056000 0.050000
2 0.629000 0.915000 0.738000 0.166000
11 0.649000 0.129000 0.042000 0.042000
11 0.613000 0.651000 0.042000 0.038000
7 0.248000 0.919000 0.036000 0.070000
11 0.084000 0.547000 0.040000 0.042000
11 0.426000 0.621000 0.044000 0.042000
11 0.747000 0.033000 0.042000 0.034000
11 0.841000 0.485000 0.046000 0.046000
7 0.447000 0.283000 0.062000 0.054000
11 0.572000 0.700000 0.056000 0.032000
11 0.471000 0.672000 0.046000 0.052000
7 0.728000 0.638000 0.068000 0.036000
7 0.750010 0.671050 0.056020 0.034100
11 0.801000 0.672000 0.046000 0.032000
11 0.386000 0.677000 0.052000 0.042000
11 0.767000 0.756000 0.054000 0.032000
11 0.677000 0.710000 0.050000 0.024000
2 0.074000 0.892000 0.148000 0.212000
11 0.971000 0.469000 0.038000 0.042000
7 0.680000 0.684000 0.056000 0.036000
11 0.941000 0.408000 0.050000 0.048000
11 0.320000 0.561000 0.048000 0.050000
11 0.925000 0.559000 0.046000 0.026000
11 0.846000 0.541000 0.028000 0.046000
11 0.347000 0.606000 0.042000 0.036000
11 0.417000 0.184000 0.026000 0.052000
7 0.490000 0.241000 0.044000 0.034000
11 0.797000 0.608000 0.042000 0.032000
11 0.511000 0.754000 0.042000 0.020000
7 0.333000 0.585000 0.054000 0.042000
11 0.457000 0.752000 0.042000 0.024000
7 0.311000 0.704000 0.038000 0.060000
11 0.563000 0.758000 0.038000 0.020000
7 0.197000 0.726000 0.054000 0.064000
6 0.934970 0.647310 0.077940 0.042620
