3 0.536000 0.782670 0.084000 0.141340
11 0.160670 0.706000 0.049340 0.040000
11 0.788000 0.475330 0.052000 0.034660
11 0.791000 0.444000 0.046000 0.028000
11 0.912000 0.960670 0.028000 0.053340
11 0.932670 0.946670 0.033340 0.053340
7 0.764670 0.748000 0.053340 0.060000
2 0.077000 0.487000 0.150000 0.134000
2 0.070000 0.318000 0.140000 0.120000
2 0.240000 0.870000 0.132000 0.140000
2 0.075000 0.740000 0.150000 0.112000
11 0.689000 0.367000 0.038000 0.046000
3 0.814000 0.837000 0.084000 0.094000
7 0.497000 0.793000 0.062000 0.042000
2 0.573000 0.384000 0.194000 0.256000
2 0.602960 0.165530 0.413920 0.331060
11 0.754000 0.058000 0.036000 0.032000
2 0.291190 0.568420 0.402380 0.308840
11 0.170000 0.675000 0.044000 0.038000
11 0.786000 0.098000 0.048000 0.040000
11 0.796350 0.390740 0.048700 0.029480
11 0.791000 0.357000 0.046000 0.034000
11 0.830000 0.663000 0.040000 0.042000
2 0.087000 0.897000 0.174000 0.202000
3 0.573000 0.675000 0.122000 0.046000
11 0.441000 0.334000 0.034000 0.040000
2 0.493000 0.924000 0.198000 0.148000
11 0.775000 0.494000 0.042000 0.028000
11 0.605000 0.975000 0.038000 0.046000
7 0.795000 0.417000 0.054000 0.030000
11 0.888000 0.971000 0.036000 0.046000
11 0.952000 0.928000 0.036000 0.052000
11 0.014000 0.645000 0.028000 0.034000
3 0.784000 0.747000 0.088000 0.070000
11 0.922000 0.992000 0.032000 0.012000
11 0.732000 0.340000 0.032000 0.044000
2 0.043000 0.143000 0.086000 0.286000
2 0.446910 0.192360 0.185820 0.212720
2 0.339860 0.057540 0.171720 0.115080
