11 0.452000 0.807000 0.040000 0.050000
11 0.190000 0.354000 0.036000 0.048000
2 0.313000 0.916000 0.114000 0.112000
2 0.466000 0.470000 0.124000 0.096000
2 0.194000 0.064000 0.172000 0.128000
11 0.264000 0.388000 0.036000 0.052000
2 0.397000 0.287000 0.130000 0.142000
2 0.068000 0.493000 0.120000 0.114000
11 0.206670 0.292330 0.033340 0.044660
11 0.481000 0.767000 0.038000 0.046000
11 0.406000 0.631000 0.036000 0.050000
2 0.779000 0.879000 0.106000 0.102000
11 0.019000 0.064000 0.038000 0.056000
11 0.528000 0.939000 0.032000 0.038000
11 0.128000 0.247000 0.032000 0.046000
2 0.444000 0.961000 0.112000 0.074000
11 0.314000 0.473000 0.032000 0.042000
11 0.104000 0.109000 0.036000 0.054000
11 0.411670 0.732000 0.031340 0.036000
11 0.132000 0.160000 0.036000 0.040000
11 0.060000 0.130000 0.036000 0.044000
11 0.460000 0.726000 0.032000 0.048000
2 0.269000 0.245000 0.110000 0.090000
2 0.123000 0.927000 0.110000 0.098000
11 0.032000 0.675000 0.028000 0.038000
11 0.505000 0.893000 0.034000 0.046000
2 0.964000 0.973000 0.068000 0.050000
2 0.483000 0.108000 0.126000 0.152000
2 0.529000 0.294000 0.134000 0.100000
2 0.897000 0.738000 0.122000 0.096000
11 0.552000 0.976000 0.032000 0.036000
2 0.561000 0.640000 0.238000 0.200000
11 0.157000 0.295000 0.030000 0.046000
11 0.386000 0.695000 0.032000 0.042000
2 0.627000 0.821000 0.098000 0.070000
2 0.980000 0.773000 0.036000 0.102000
11 0.340000 0.613000 0.032000 0.042000
11 0.161000 0.214000 0.022000 0.028000
2 0.187000 0.856000 0.118000 0.092000
2 0.835060 0.827310 0.130120 0.158620
2 0.074450 0.608780 0.128900 0.125560
2 0.253270 0.717800 0.142540 0.151600
2 0.301890 0.803310 0.103780 0.086620
2 0.444590 0.372070 0.125180 0.108140
2 0.044330 0.405750 0.088660 0.127500
