3 0.403000 0.041000 0.106000 0.082000
11 0.186000 0.320000 0.044000 0.032000
11 0.278000 0.573000 0.044000 0.038000
7 0.319000 0.710000 0.062000 0.040000
11 0.361000 0.802000 0.050000 0.040000
11 0.652000 0.582000 0.036000 0.056000
7 0.702000 0.699000 0.056000 0.074000
7 0.198000 0.740000 0.068000 0.048000
3 0.225000 0.131000 0.090000 0.054000
11 0.616000 0.417000 0.032000 0.050000
11 0.718000 0.763000 0.032000 0.046000
2 0.092000 0.644000 0.184000 0.708000
11 0.014000 0.096000 0.028000 0.036000
7 0.014000 0.204000 0.028000 0.052000
11 0.116000 0.195000 0.048000 0.042000
11 0.433000 0.982000 0.038000 0.032000
11 0.308000 0.638000 0.044000 0.036000
11 0.246000 0.992000 0.032000 0.012000
11 0.247000 0.497000 0.046000 0.042000
11 0.113000 0.013000 0.042000 0.026000
3 0.104000 0.071000 0.060000 0.074000
11 0.157000 0.607000 0.058000 0.042000
11 0.673000 0.631000 0.034000 0.042000
11 0.100000 0.121000 0.044000 0.042000
