2 0.938000 0.671000 0.120000 0.130000
2 0.431000 0.131000 0.258000 0.262000
2 0.819000 0.633000 0.158000 0.138000
7 0.257000 0.396000 0.058000 0.044000
11 0.256000 0.640000 0.056000 0.032000
11 0.841000 0.179000 0.046000 0.030000
7 0.756000 0.306000 0.060000 0.040000
2 0.862350 0.094000 0.272700 0.188000
3 0.163000 0.456000 0.058000 0.072000
2 0.078000 0.940000 0.156000 0.116000
2 0.099000 0.131000 0.194000 0.170000
2 0.470620 0.853690 0.193240 0.263380
2 0.439000 0.969000 0.158000 0.058000
2 0.954000 0.500000 0.088000 0.192000
7 0.935000 0.168000 0.074000 0.052000
6 0.404000 0.340000 0.060000 0.040000
2 0.677000 0.506000 0.190000 0.348000
2 0.016000 0.362000 0.032000 0.172000
2 0.906000 0.332000 0.184000 0.204000
2 0.463030 0.515100 0.262060 0.242200
2 0.192660 0.248030 0.181320 0.172060
2 0.306760 0.216060 0.153520 0.164120
2 0.094160 0.315530 0.136320 0.127060
2 0.651270 0.103990 0.198540 0.183980
2 0.115340 0.704100 0.178680 0.152200
2 0.291940 0.752840 0.195880 0.133680
2 0.049630 0.821440 0.099260 0.150880
2 0.655380 0.845410 0.166760 0.158820
2 0.805000 0.892000 0.190000 0.216000
2 0.945000 0.886000 0.110000 0.132000
11 0.724530 0.753220 0.037060 0.030440
