10 0.396000 0.354000 0.224000 0.188000
2 0.885000 0.728000 0.226000 0.284000
11 0.675000 0.423000 0.054000 0.046000
2 0.665000 0.904000 0.222000 0.188000
11 0.769000 0.365000 0.042000 0.042000
11 0.440000 0.578000 0.044000 0.036000
11 0.235000 0.739000 0.042000 0.038000
10 0.677000 0.198000 0.266000 0.204000
11 0.594000 0.481000 0.052000 0.038000
11 0.291000 0.774000 0.038000 0.032000
10 0.102000 0.547000 0.200000 0.202000
11 0.987000 0.561000 0.022000 0.042000
11 0.013000 0.837000 0.026000 0.038000
11 0.992000 0.318000 0.012000 0.032000
11 0.920000 0.262000 0.036000 0.036000
11 0.330000 0.873000 0.028000 0.046000
