2 0.186000 0.804000 0.108000 0.100000
2 0.681000 0.281000 0.158000 0.166000
11 0.865000 0.777000 0.050000 0.038000
11 0.807000 0.825000 0.042000 0.046000
11 0.957000 0.969000 0.030000 0.034000
11 0.769000 0.852000 0.038000 0.032000
2 0.209000 0.191500 0.118000 0.115000
2 0.292500 0.144500 0.109000 0.129000
2 0.814500 0.128000 0.129000 0.108000
2 0.928500 0.557500 0.129000 0.123000
2 0.540000 0.831500 0.152000 0.143000
2 0.637500 0.721500 0.195000 0.167000
2 0.779000 0.655500 0.150000 0.203000
2 0.439000 0.971500 0.102000 0.055000
2 0.403500 0.122000 0.135000 0.132000
2 0.801500 0.970000 0.131000 0.060000
2 0.068000 0.217500 0.136000 0.255000
2 0.847000 0.042000 0.210000 0.084000
2 0.039000 0.548000 0.078000 0.184000
