2 0.803000 0.263000 0.134000 0.122000
2 0.170000 0.707000 0.124000 0.110000
2 0.823000 0.388000 0.130000 0.128000
2 0.174000 0.418000 0.164000 0.140000
2 0.654000 0.198000 0.216000 0.212000
2 0.099000 0.086000 0.162000 0.168000
11 0.862000 0.089000 0.032000 0.050000
2 0.401000 0.812000 0.370000 0.264000
11 0.445000 0.425000 0.034000 0.038000
11 0.948000 0.321000 0.036000 0.050000
11 0.645000 0.712000 0.042000 0.028000
11 0.791000 0.772000 0.046000 0.036000
11 0.926000 0.267000 0.028000 0.042000
11 0.844000 0.046000 0.032000 0.056000
2 0.276000 0.594000 0.120000 0.108000
11 0.645000 0.934000 0.042000 0.036000
11 0.906000 0.212000 0.036000 0.064000
11 0.617000 0.659000 0.042000 0.034000
2 0.442000 0.254000 0.132000 0.092000
2 0.918000 0.777000 0.152000 0.146000
2 0.978000 0.054000 0.040000 0.108000
2 0.760000 0.987000 0.208000 0.022000
2 0.561000 0.971000 0.198000 0.054000
2 0.702000 0.561000 0.112000 0.098000
