11 0.527000 0.668000 0.046000 0.040000
11 0.799000 0.871000 0.046000 0.042000
3 0.410000 0.506000 0.076000 0.080000
3 0.321000 0.522000 0.066000 0.084000
11 0.381000 0.557000 0.034000 0.050000
11 0.497000 0.716000 0.042000 0.036000
11 0.747000 0.902000 0.042000 0.036000
2 0.931000 0.372000 0.134000 0.280000
11 0.742000 0.832000 0.040000 0.036000
11 0.877000 0.930000 0.042000 0.036000
11 0.575000 0.703000 0.050000 0.046000
11 0.536000 0.204000 0.028000 0.036000
2 0.957000 0.726000 0.082000 0.352000
11 0.781000 0.928000 0.038000 0.032000
2 0.609000 0.929000 0.262000 0.138000
2 0.364000 0.261000 0.272000 0.366000
2 0.537000 0.024000 0.210000 0.048000
2 0.136000 0.634000 0.272000 0.728000
2 0.561000 0.488000 0.254000 0.376000
11 0.632000 0.022000 0.032000 0.040000
2 0.969000 0.083000 0.058000 0.158000
11 0.029000 0.273000 0.026000 0.026000
11 0.839000 0.904000 0.042000 0.040000
