3 0.088000 0.691000 0.136000 0.106000
11 0.895000 0.878000 0.042000 0.056000
11 0.832000 0.807000 0.036000 0.042000
11 0.869000 0.747000 0.046000 0.050000
2 0.578540 0.497690 0.329080 0.339380
7 0.476000 0.622000 0.056000 0.052000
11 0.518000 0.682000 0.044000 0.040000
11 0.552000 0.805000 0.052000 0.046000
11 0.900000 0.709000 0.032000 0.042000
11 0.478000 0.711000 0.052000 0.046000
2 0.790000 0.226000 0.416000 0.448000
2 0.129000 0.378000 0.254000 0.428000
11 0.476000 0.772000 0.032000 0.036000
11 0.688000 0.932000 0.028000 0.040000
2 0.760410 0.608490 0.212820 0.260980
