2 0.075000 0.304000 0.150000 0.132000
3 0.950000 0.308000 0.096000 0.048000
2 0.834780 0.897000 0.121560 0.202000
11 0.409000 0.358000 0.050000 0.032000
11 0.057000 0.150000 0.042000 0.040000
7 0.812000 0.529000 0.024000 0.050000
11 0.728000 0.444000 0.024000 0.044000
11 0.746000 0.575000 0.024000 0.050000
2 0.258000 0.039000 0.512000 0.078000
2 0.693000 0.865000 0.290000 0.270000
11 0.717000 0.682000 0.026000 0.040000
11 0.744000 0.513000 0.020000 0.046000
11 0.816000 0.700000 0.024000 0.052000
11 0.765000 0.697000 0.022000 0.046000
11 0.800000 0.583000 0.028000 0.046000
11 0.768000 0.520000 0.020000 0.052000
11 0.793000 0.523000 0.022000 0.046000
11 0.774000 0.575000 0.024000 0.050000
11 0.798000 0.403000 0.032000 0.030000
11 0.989000 0.361000 0.018000 0.062000
11 0.809000 0.431000 0.038000 0.026000
11 0.901000 0.036000 0.018000 0.048000
7 0.365000 0.662000 0.050000 0.028000
11 0.992000 0.710000 0.012000 0.040000
11 0.559000 0.073000 0.038000 0.034000
2 0.588300 0.500000 0.276600 1.000000
11 0.421000 0.321000 0.042000 0.030000
11 0.823000 0.590000 0.018000 0.032000
11 0.744000 0.691000 0.028000 0.042000
11 0.326000 0.860000 0.040000 0.028000
11 0.692000 0.683000 0.024000 0.042000
7 0.369770 0.638100 0.071540 0.036200
7 0.378430 0.586850 0.060860 0.033700
