2 0.061000 0.814000 0.122000 0.156000
2 0.291000 0.231000 0.106000 0.114000
2 0.175000 0.260000 0.106000 0.120000
2 0.743000 0.179000 0.190000 0.358000
2 0.166000 0.872000 0.104000 0.096000
2 0.693000 0.662000 0.222000 0.332000
2 0.069000 0.258000 0.114000 0.132000
2 0.413000 0.548000 0.098000 0.088000
2 0.393000 0.846000 0.098000 0.112000
3 0.516000 0.095000 0.040000 0.070000
11 0.526000 0.267000 0.028000 0.042000
11 0.490000 0.641000 0.028000 0.050000
11 0.125000 0.075000 0.050000 0.030000
11 0.513000 0.404000 0.026000 0.040000
11 0.290000 0.962000 0.044000 0.028000
2 0.288000 0.846000 0.104000 0.112000
11 0.469000 0.835000 0.022000 0.050000
11 0.231000 0.073000 0.042000 0.026000
11 0.178000 0.073000 0.044000 0.026000
11 0.501000 0.550000 0.022000 0.044000
3 0.593000 0.017000 0.098000 0.034000
11 0.978000 0.918000 0.040000 0.024000
3 0.550000 0.957000 0.056000 0.082000
11 0.505000 0.489000 0.026000 0.046000
11 0.480000 0.741000 0.024000 0.042000
11 0.012000 0.075000 0.024000 0.022000
11 0.269000 0.070000 0.034000 0.024000
3 0.505000 0.898000 0.062000 0.056000
11 0.490000 0.902000 0.028000 0.064000
2 0.980000 0.615000 0.036000 0.250000
11 0.008000 0.660000 0.016000 0.028000
2 0.420000 0.429000 0.104000 0.158000
11 0.664000 0.992000 0.032000 0.012000
2 0.227000 0.009000 0.158000 0.018000
2 0.468000 0.017000 0.152000 0.034000
11 0.061000 0.080000 0.042000 0.020000
2 0.440620 0.235850 0.169240 0.127700
2 0.416460 0.320150 0.096920 0.072300
