11 0.359000 0.372000 0.042000 0.040000
11 0.574030 0.151740 0.032060 0.051480
11 0.643110 0.669150 0.030220 0.034300
2 0.229000 0.086000 0.458000 0.172000
11 0.313000 0.110000 0.042000 0.036000
2 0.436000 0.742000 0.236000 0.328000
2 0.870000 0.849000 0.256000 0.298000
2 0.168000 0.722000 0.336000 0.328000
11 0.290000 0.254000 0.044000 0.036000
11 0.375000 0.191000 0.050000 0.038000
11 0.440000 0.512000 0.044000 0.052000
11 0.513000 0.113000 0.054000 0.038000
11 0.457000 0.334000 0.042000 0.036000
11 0.527000 0.656000 0.026000 0.044000
11 0.749000 0.699000 0.034000 0.042000
11 0.485000 0.585000 0.054000 0.042000
11 0.401000 0.441500 0.042000 0.039000
11 0.932000 0.590000 0.048000 0.036000
11 0.415000 0.462000 0.038000 0.032000
11 0.369000 0.163500 0.050000 0.023000
11 0.452000 0.537000 0.040000 0.034000
11 0.259000 0.199000 0.038000 0.034000
11 0.412000 0.053000 0.048000 0.038000
11 0.441500 0.295000 0.043000 0.030000
11 0.879000 0.624000 0.042000 0.048000
11 0.467000 0.230000 0.030000 0.044000
11 0.370000 0.397000 0.044000 0.038000
11 0.467000 0.561000 0.046000 0.046000
11 0.247000 0.178500 0.046000 0.045000
11 0.690120 0.644500 0.028240 0.041000
2 0.234000 0.909000 0.272000 0.182000
11 0.618000 0.458500 0.028000 0.037000
11 0.504500 0.088000 0.049000 0.032000
11 0.701000 0.471500 0.030000 0.047000
2 0.126500 0.459000 0.233000 0.334000
11 0.502500 0.385000 0.045000 0.038000
11 0.779000 0.485000 0.026000 0.034000
2 0.759000 0.247000 0.482000 0.494000
11 0.546000 0.260500 0.020000 0.037000
7 0.750380 0.480380 0.032760 0.052760
11 0.811500 0.488500 0.023000 0.049000
