2 0.512000 0.565000 0.208000 0.378000
11 0.861000 0.146000 0.046000 0.036000
11 0.617000 0.837000 0.030000 0.038000
11 0.135000 0.104000 0.054000 0.036000
11 0.052000 0.019000 0.024000 0.038000
11 0.825360 0.295920 0.050720 0.031840
7 0.828590 0.269350 0.057180 0.038700
11 0.021000 0.911000 0.026000 0.038000
2 0.629000 0.050000 0.130000 0.100000
11 0.562000 0.890000 0.024000 0.040000
11 0.089000 0.243000 0.038000 0.030000
3 0.694000 0.358000 0.084000 0.056000
11 0.012000 0.169000 0.024000 0.034000
2 0.668000 0.969000 0.136000 0.058000
11 0.113000 0.175000 0.042000 0.026000
11 0.931000 0.249000 0.042000 0.026000
11 0.661000 0.576000 0.038000 0.052000
2 0.931000 0.816000 0.134000 0.144000
2 0.293000 0.576000 0.414000 0.560000
2 0.429000 0.809000 0.134000 0.138000
11 0.798000 0.367000 0.052000 0.034000
2 0.028000 0.606000 0.056000 0.288000
2 0.562710 0.232000 0.149420 0.120000
2 0.547760 0.123410 0.103520 0.118820
2 0.789410 0.546940 0.118820 0.125880
2 0.402670 0.919330 0.113340 0.118660
2 0.367000 0.963000 0.146000 0.074000
2 0.860180 0.647180 0.140360 0.094360
2 0.803720 0.898900 0.147440 0.149800
2 0.732130 0.784050 0.100260 0.132100
