2 0.050000 0.173000 0.092000 0.102000
2 0.092000 0.473000 0.132000 0.118000
2 0.146000 0.779000 0.112000 0.106000
2 0.216000 0.328000 0.120000 0.144000
2 0.252000 0.830000 0.144000 0.144000
2 0.198000 0.071000 0.112000 0.102000
2 0.209000 0.644000 0.146000 0.152000
2 0.530000 0.761000 0.196000 0.254000
11 0.118000 0.239000 0.036000 0.034000
2 0.054000 0.886000 0.108000 0.108000
2 0.085000 0.056000 0.102000 0.080000
3 0.297000 0.185000 0.094000 0.066000
11 0.422000 0.768000 0.044000 0.028000
11 0.511000 0.018000 0.042000 0.032000
7 0.548000 0.978000 0.032000 0.040000
7 0.592000 0.904000 0.056000 0.044000
2 0.858000 0.043000 0.116000 0.086000
2 0.622000 0.206000 0.144000 0.132000
2 0.710000 0.069000 0.136000 0.130000
2 0.026000 0.592000 0.052000 0.112000
2 0.904000 0.240000 0.188000 0.448000
11 0.433000 0.838000 0.054000 0.028000
2 0.418000 0.561000 0.088000 0.106000
11 0.455000 0.573000 0.042000 0.038000
