2 0.812000 0.909000 0.180000 0.162000
2 0.731000 0.537000 0.130000 0.126000
2 0.515000 0.377000 0.134000 0.130000
2 0.457000 0.756000 0.194000 0.180000
2 0.722000 0.698000 0.112000 0.112000
2 0.642000 0.067000 0.140000 0.134000
2 0.412000 0.962000 0.152000 0.072000
7 0.444000 0.214000 0.044000 0.060000
2 0.133230 0.749850 0.138460 0.187700
11 0.183380 0.786310 0.030760 0.044620
11 0.208460 0.740150 0.036920 0.052300
11 0.286000 0.689000 0.028000 0.038000
2 0.456150 0.607080 0.232300 0.206160
11 0.471000 0.459000 0.046000 0.034000
2 0.245000 0.886000 0.074000 0.088000
11 0.930000 0.710000 0.048000 0.040000
11 0.418000 0.400000 0.028000 0.048000
11 0.254000 0.759000 0.032000 0.046000
2 0.737000 0.299000 0.114000 0.090000
11 0.356000 0.407000 0.028000 0.042000
2 0.955000 0.672000 0.086000 0.124000
11 0.150000 0.861000 0.028000 0.046000
11 0.798000 0.636000 0.040000 0.032000
11 0.497000 0.096000 0.030000 0.044000
7 0.130000 0.904000 0.036000 0.052000
11 0.520000 0.486000 0.040000 0.028000
11 0.455000 0.324000 0.026000 0.040000
2 0.072000 0.674000 0.136000 0.120000
2 0.835000 0.614000 0.154000 0.112000
11 0.404000 0.301000 0.028000 0.034000
2 0.896000 0.057000 0.204000 0.114000
11 0.153000 0.974000 0.026000 0.040000
11 0.982000 0.742000 0.032000 0.032000
2 0.202000 0.176380 0.404000 0.348760
2 0.248000 0.985000 0.124000 0.026000
7 0.267000 0.603000 0.034000 0.050000
11 0.420000 0.263000 0.028000 0.038000
2 0.976000 0.957000 0.044000 0.082000
11 0.270000 0.720000 0.028000 0.032000
11 0.113000 0.941000 0.026000 0.034000
2 0.540620 0.281230 0.109240 0.138460
2 0.634620 0.675690 0.109240 0.135380
2 0.684770 0.360150 0.121540 0.132300
2 0.604310 0.845230 0.164620 0.158460
2 0.210770 0.429540 0.241540 0.203080
