2 0.476000 0.106000 0.168000 0.156000
2 0.795000 0.059000 0.130000 0.118000
2 0.097000 0.862000 0.194000 0.244000
2 0.276000 0.689000 0.136000 0.130000
2 0.809000 0.549000 0.130000 0.150000
2 0.545000 0.944000 0.102000 0.084000
2 0.441000 0.240000 0.154000 0.120000
2 0.461000 0.698000 0.122000 0.112000
11 0.735000 0.248000 0.046000 0.048000
11 0.410000 0.457000 0.048000 0.046000
11 0.851000 0.932000 0.046000 0.040000
11 0.292000 0.855000 0.036000 0.038000
11 0.772000 0.193000 0.036000 0.046000
11 0.811000 0.959000 0.042000 0.042000
2 0.580000 0.468000 0.208000 0.208000
11 0.948000 0.405000 0.020000 0.038000
3 0.925000 0.835000 0.046000 0.062000
11 0.944000 0.288000 0.028000 0.052000
11 0.946000 0.354000 0.024000 0.044000
3 0.949000 0.765000 0.074000 0.058000
11 0.946000 0.976000 0.040000 0.036000
11 0.381000 0.862000 0.046000 0.040000
11 0.946000 0.457000 0.024000 0.046000
11 0.950000 0.561000 0.024000 0.034000
2 0.243000 0.372000 0.154000 0.172000
11 0.950000 0.514000 0.024000 0.036000
2 0.289000 0.975000 0.118000 0.046000
11 0.992000 0.372000 0.012000 0.032000
2 0.024000 0.418000 0.048000 0.096000
11 0.939000 0.922000 0.038000 0.032000
2 0.754000 0.396000 0.168000 0.192000
11 0.992000 0.463000 0.012000 0.034000
11 0.125000 0.562000 0.034000 0.032000
11 0.660000 0.290000 0.028000 0.040000
11 0.989000 0.172000 0.018000 0.032000
2 0.312000 0.561000 0.092000 0.078000
