2 0.717000 0.436000 0.158000 0.104000
2 0.252000 0.359000 0.216000 0.206000
2 0.938000 0.404000 0.120000 0.168000
2 0.536000 0.358000 0.148000 0.108000
2 0.699000 0.803000 0.074000 0.106000
2 0.864000 0.869000 0.148000 0.110000
11 0.691000 0.207000 0.050000 0.046000
11 0.400000 0.935000 0.028000 0.046000
2 0.556000 0.776000 0.192000 0.120000
11 0.399000 0.885000 0.026000 0.042000
11 0.401000 0.595000 0.026000 0.042000
2 0.560000 0.619000 0.172000 0.094000
11 0.398000 0.747000 0.028000 0.042000
11 0.400000 0.651000 0.032000 0.046000
11 0.399000 0.793000 0.026000 0.042000
11 0.357000 0.093000 0.046000 0.038000
2 0.973000 0.165000 0.050000 0.106000
11 0.164000 0.496000 0.032000 0.044000
11 0.698000 0.608000 0.048000 0.032000
11 0.399000 0.839000 0.026000 0.042000
11 0.401000 0.982000 0.026000 0.032000
2 0.800000 0.232000 0.168000 0.264000
2 0.789000 0.014000 0.134000 0.028000
2 0.202000 0.041000 0.292000 0.082000
11 0.628000 0.244000 0.036000 0.052000
11 0.112000 0.473000 0.032000 0.042000
11 0.479000 0.044000 0.034000 0.032000
11 0.400000 0.010000 0.044000 0.020000
11 0.378000 0.052000 0.044000 0.036000
7 0.039000 0.435000 0.042000 0.054000
11 0.897000 0.194000 0.046000 0.028000
2 0.821000 0.654000 0.078000 0.116000
11 0.499000 0.008000 0.038000 0.016000
11 0.670000 0.114000 0.028000 0.044000
2 0.895000 0.978000 0.086000 0.040000
11 0.590000 0.225000 0.032000 0.050000
2 0.829000 0.501000 0.070000 0.106000
