2 0.760000 0.223000 0.144000 0.202000
2 0.626000 0.524000 0.144000 0.096000
2 0.283000 0.473000 0.162000 0.110000
2 0.314000 0.353000 0.120000 0.130000
2 0.501000 0.386000 0.114000 0.112000
2 0.419000 0.180000 0.086000 0.100000
2 0.693000 0.872000 0.278000 0.080000
2 0.624000 0.666000 0.148000 0.084000
2 0.881000 0.507000 0.182000 0.114000
2 0.629000 0.287000 0.130000 0.082000
2 0.775000 0.681000 0.162000 0.106000
2 0.550000 0.065000 0.296000 0.114000
2 0.083000 0.349000 0.134000 0.138000
2 0.155000 0.524000 0.094000 0.088000
2 0.948000 0.943000 0.100000 0.110000
2 0.682000 0.400000 0.060000 0.148000
2 0.412000 0.483000 0.080000 0.078000
11 0.156000 0.368000 0.032000 0.040000
11 0.218000 0.578000 0.044000 0.028000
3 0.076000 0.557000 0.120000 0.050000
7 0.460000 0.582000 0.056000 0.028000
11 0.166000 0.578000 0.044000 0.028000
2 0.202000 0.679000 0.116000 0.102000
11 0.270000 0.576000 0.040000 0.024000
11 0.384000 0.580000 0.044000 0.024000
2 0.048000 0.760000 0.096000 0.272000
11 0.737000 0.584000 0.050000 0.024000
2 0.816000 0.023000 0.228000 0.046000
2 0.989000 0.277000 0.018000 0.106000
11 0.830000 0.989000 0.032000 0.018000
2 0.017000 0.500000 0.034000 0.164000
11 0.793000 0.960000 0.042000 0.024000
