2 0.212000 0.450000 0.152000 0.152000
2 0.419000 0.853000 0.118000 0.106000
2 0.496000 0.442000 0.136000 0.124000
7 0.294000 0.140000 0.044000 0.052000
2 0.762000 0.062000 0.148000 0.120000
11 0.077000 0.315000 0.038000 0.038000
2 0.557000 0.050000 0.114000 0.100000
11 0.505000 0.651000 0.034000 0.038000
2 0.613000 0.349000 0.126000 0.138000
2 0.549000 0.156000 0.122000 0.104000
11 0.238000 0.140000 0.028000 0.036000
2 0.701000 0.909000 0.154000 0.114000
11 0.273000 0.098000 0.038000 0.040000
11 0.561000 0.974000 0.022000 0.032000
2 0.129000 0.973000 0.142000 0.050000
2 0.174000 0.063000 0.156000 0.126000
2 0.937000 0.936000 0.106000 0.124000
2 0.359260 0.303580 0.166520 0.163160
11 0.302000 0.061000 0.032000 0.042000
2 0.675000 0.818000 0.130000 0.092000
11 0.106490 0.287490 0.028980 0.038980
11 0.132000 0.250000 0.036000 0.040000
2 0.458000 0.957000 0.108000 0.082000
2 0.397850 0.616150 0.127700 0.092300
2 0.654150 0.249080 0.152300 0.126160
2 0.722460 0.166310 0.176920 0.124620
2 0.043840 0.212920 0.087680 0.133840
2 0.101850 0.544620 0.147700 0.129240
