2 0.752950 0.381550 0.493900 0.543100
11 0.865000 0.622000 0.046000 0.040000
11 0.640000 0.094000 0.040000 0.040000
11 0.797000 0.081000 0.042000 0.046000
11 0.763000 0.045000 0.038000 0.038000
11 0.845000 0.679000 0.042000 0.046000
11 0.862000 0.266000 0.032000 0.032000
11 0.929000 0.941000 0.046000 0.050000
11 0.892000 0.698000 0.036000 0.048000
11 0.941000 0.215000 0.034000 0.030000
11 0.867000 0.148000 0.034000 0.036000
11 0.872000 0.978000 0.052000 0.040000
2 0.335000 0.026000 0.382000 0.052000
11 0.823000 0.725000 0.038000 0.046000
11 0.800000 0.769000 0.036000 0.042000
11 0.968000 0.016000 0.032000 0.032000
11 0.807000 0.220000 0.034000 0.036000
11 0.987000 0.049000 0.022000 0.042000
11 0.902000 0.172000 0.036000 0.032000
11 0.862000 0.731000 0.032000 0.038000
11 0.987000 0.389000 0.022000 0.038000
7 0.897000 0.828000 0.046000 0.048000
11 0.747000 0.178000 0.034000 0.032000
