11 0.561000 0.172000 0.042000 0.044000
11 0.585000 0.234000 0.042000 0.048000
2 0.940000 0.111000 0.116000 0.214000
2 0.096000 0.703900 0.192000 0.187800
11 0.038000 0.779000 0.040000 0.034000
7 0.911000 0.619000 0.046000 0.074000
11 0.504000 0.183000 0.036000 0.038000
2 0.637240 0.427960 0.298480 0.255920
11 0.756000 0.443000 0.040000 0.046000
7 0.820000 0.507000 0.060000 0.066000
3 0.952000 0.685000 0.092000 0.074000
11 0.715900 0.355430 0.047800 0.050860
11 0.737000 0.336000 0.042000 0.040000
6 0.733900 0.670450 0.175800 0.096900
11 0.705000 0.627000 0.054000 0.034000
2 0.409000 0.171000 0.166000 0.158000
2 0.547000 0.955000 0.198000 0.086000
2 0.059000 0.943000 0.118000 0.110000
11 0.321000 0.849000 0.042000 0.022000
2 0.534000 0.772000 0.132000 0.120000
11 0.129000 0.791000 0.042000 0.026000
7 0.211000 0.412000 0.066000 0.044000
2 0.164000 0.032000 0.272000 0.064000
11 0.619000 0.869000 0.054000 0.026000
2 0.682000 0.795000 0.172000 0.130000
2 0.369000 0.948000 0.186000 0.100000
2 0.110950 0.556110 0.209900 0.156220
2 0.013000 0.545000 0.026000 0.194000
7 0.109950 0.369900 0.055900 0.043800
11 0.228940 0.810970 0.045880 0.029940
2 0.406590 0.713300 0.169180 0.202600
2 0.263270 0.671130 0.150540 0.246260
2 0.212270 0.953670 0.200540 0.091340
2 0.059620 0.186250 0.119240 0.192500
2 0.189380 0.233920 0.238760 0.159840
2 0.430250 0.356110 0.248500 0.196220
2 0.837220 0.051390 0.206440 0.102780
2 0.274930 0.312260 0.221860 0.148520
11 0.280940 0.528290 0.037880 0.036580
11 0.665910 0.279250 0.039820 0.038500
