6 0.332000 0.576000 0.120000 0.052000
11 0.205000 0.654000 0.050000 0.032000
11 0.065000 0.652000 0.054000 0.036000
11 0.144000 0.811000 0.052000 0.034000
11 0.174000 0.342000 0.044000 0.032000
11 0.447000 0.752000 0.050000 0.032000
11 0.191000 0.559000 0.038000 0.030000
7 0.740520 0.729660 0.081040 0.039320
11 0.862000 0.642000 0.052000 0.028000
11 0.879000 0.678000 0.054000 0.032000
11 0.721000 0.550000 0.046000 0.036000
11 0.629000 0.531000 0.054000 0.038000
7 0.681200 0.770400 0.066400 0.040800
11 0.229000 0.726000 0.046000 0.036000
11 0.479000 0.680000 0.042000 0.028000
11 0.755000 0.478000 0.042000 0.028000
11 0.023000 0.596000 0.046000 0.036000
11 0.030000 0.763000 0.044000 0.030000
11 0.915000 0.494000 0.046000 0.028000
7 0.021000 0.807000 0.042000 0.042000
7 0.934000 0.708000 0.064000 0.036000
11 0.117000 0.343000 0.062000 0.038000
11 0.325800 0.742400 0.027600 0.024800
7 0.900000 0.043000 0.080000 0.070000
2 0.208000 0.989000 0.416000 0.018000
7 0.330000 0.274000 0.028000 0.056000
6 0.537890 0.372030 0.139780 0.040060
7 0.357110 0.275060 0.026220 0.062120
