2 0.779000 0.615000 0.142000 0.102000
2 0.876000 0.811000 0.244000 0.302000
2 0.528000 0.162000 0.100000 0.108000
2 0.920000 0.097000 0.156000 0.194000
2 0.823000 0.314000 0.110000 0.128000
2 0.797000 0.461000 0.134000 0.170000
11 0.175000 0.683000 0.038000 0.042000
2 0.313000 0.570000 0.454000 0.460000
11 0.742000 0.284000 0.024000 0.036000
11 0.948000 0.712000 0.048000 0.036000
11 0.735000 0.330000 0.030000 0.052000
11 0.763000 0.193000 0.026000 0.042000
11 0.566000 0.545000 0.032000 0.038000
11 0.704000 0.789000 0.032000 0.042000
11 0.439000 0.192000 0.038000 0.044000
11 0.796000 0.048000 0.028000 0.044000
11 0.774000 0.147000 0.024000 0.038000
11 0.336000 0.156000 0.024000 0.032000
11 0.546000 0.585000 0.028000 0.034000
11 0.742000 0.805000 0.032000 0.046000
11 0.784000 0.895000 0.032000 0.042000
2 0.689000 0.037000 0.122000 0.074000
11 0.786000 0.098000 0.028000 0.048000
11 0.657000 0.480000 0.038000 0.068000
11 0.207000 0.867000 0.042000 0.042000
11 0.485000 0.407000 0.038000 0.058000
11 0.765000 0.978000 0.034000 0.040000
11 0.071000 0.581000 0.042000 0.042000
11 0.402000 0.243000 0.036000 0.054000
2 0.613000 0.346000 0.126000 0.152000
11 0.700000 0.469000 0.024000 0.042000
2 0.431000 0.014000 0.122000 0.028000
7 0.989000 0.285000 0.018000 0.062000
2 0.552000 0.058000 0.068000 0.100000
11 0.939000 0.563000 0.026000 0.046000
11 0.601000 0.638000 0.026000 0.028000
2 0.915000 0.436000 0.074000 0.084000
