2 0.798000 0.877000 0.136000 0.134000
2 0.394000 0.214000 0.136000 0.148000
2 0.757000 0.234000 0.134000 0.152000
2 0.088000 0.083000 0.152000 0.166000
2 0.684000 0.071000 0.140000 0.126000
2 0.275000 0.132000 0.146000 0.136000
2 0.617000 0.594000 0.190000 0.208000
2 0.399000 0.682000 0.254000 0.208000
7 0.932000 0.878000 0.040000 0.056000
11 0.659000 0.315000 0.034000 0.050000
11 0.865000 0.767000 0.038000 0.046000
11 0.261000 0.516000 0.050000 0.040000
11 0.899000 0.816000 0.042000 0.052000
11 0.587000 0.195000 0.038000 0.046000
11 0.733000 0.444000 0.034000 0.044000
11 0.615000 0.242000 0.038000 0.040000
2 0.237000 0.414000 0.246000 0.224000
11 0.837000 0.713000 0.038000 0.046000
11 0.816000 0.679000 0.032000 0.038000
11 0.795000 0.639000 0.038000 0.046000
11 0.460000 0.161000 0.052000 0.038000
11 0.289000 0.859000 0.034000 0.046000
2 0.975000 0.633000 0.046000 0.122000
2 0.457000 0.332000 0.130000 0.124000
2 0.836000 0.489000 0.120000 0.114000
2 0.609000 0.978000 0.234000 0.040000
11 0.976000 0.955000 0.036000 0.042000
2 0.114000 0.804000 0.228000 0.388000
