2 0.620000 0.203000 0.728000 0.402000
3 0.291000 0.605000 0.078000 0.074000
11 0.230000 0.563000 0.044000 0.046000
11 0.048000 0.473000 0.032000 0.042000
2 0.101000 0.206000 0.202000 0.220000
11 0.381000 0.120000 0.046000 0.056000
11 0.397000 0.652000 0.046000 0.036000
11 0.358000 0.839000 0.024000 0.042000
11 0.087000 0.670000 0.034000 0.020000
11 0.085000 0.642000 0.030000 0.028000
2 0.955000 0.599000 0.086000 0.126000
3 0.096000 0.338000 0.044000 0.044000
11 0.362000 0.613000 0.036000 0.042000
2 0.168000 0.035000 0.152000 0.070000
2 0.451000 0.559000 0.246000 0.250000
2 0.897540 0.811540 0.203080 0.203080
2 0.647850 0.931690 0.607700 0.135380
2 0.613230 0.669380 0.218460 0.210760
7 0.339870 0.172490 0.039740 0.060980
