2 0.929000 0.742000 0.138000 0.228000
3 0.252000 0.904000 0.060000 0.080000
2 0.509000 0.140000 0.210000 0.280000
2 0.654000 0.368000 0.136000 0.156000
11 0.907000 0.912000 0.046000 0.028000
11 0.781000 0.389000 0.046000 0.034000
7 0.165260 0.822360 0.030520 0.056720
11 0.872000 0.347000 0.052000 0.030000
2 0.037000 0.327000 0.074000 0.134000
2 0.181000 0.157000 0.182000 0.198000
11 0.879000 0.406000 0.046000 0.032000
11 0.969000 0.366000 0.042000 0.036000
11 0.925000 0.359000 0.046000 0.030000
11 0.830000 0.401000 0.040000 0.034000
11 0.855000 0.908000 0.046000 0.032000
11 0.959000 0.918000 0.042000 0.024000
11 0.866820 0.948820 0.033640 0.037640
2 0.110000 0.529000 0.168000 0.162000
11 0.640000 0.236000 0.024000 0.044000
2 0.071000 0.814000 0.142000 0.352000
11 0.809000 0.911000 0.038000 0.026000
2 0.149000 0.356000 0.158000 0.220000
11 0.663490 0.243150 0.022980 0.042300
11 0.686000 0.247000 0.024000 0.046000
2 0.825000 0.181000 0.350000 0.318000
11 0.239000 0.746000 0.030000 0.052000
2 0.317000 0.985000 0.190000 0.026000
11 0.218000 0.368000 0.024000 0.048000
11 0.127000 0.832000 0.018000 0.036000
2 0.422000 0.642000 0.244000 0.456000
2 0.462180 0.342510 0.160360 0.169020
2 0.205180 0.035500 0.166360 0.071000
7 0.183350 0.544480 0.034700 0.060960
11 0.411040 0.891430 0.042080 0.022860
11 0.363010 0.891060 0.038020 0.018120
11 0.570750 0.901240 0.049500 0.026480
11 0.764180 0.912450 0.044360 0.028900
11 0.678730 0.958840 0.057460 0.029680
11 0.713220 0.249510 0.026440 0.047020
11 0.320360 0.333510 0.028720 0.059020
