7 0.162000 0.694000 0.068000 0.064000
7 0.282000 0.065000 0.044000 0.062000
11 0.102000 0.696000 0.040000 0.052000
11 0.735000 0.717000 0.046000 0.038000
11 0.296000 0.424000 0.044000 0.040000
11 0.054000 0.302000 0.040000 0.044000
11 0.887000 0.758000 0.046000 0.028000
11 0.267000 0.868000 0.042000 0.060000
11 0.769000 0.914000 0.050000 0.032000
11 0.146000 0.397000 0.048000 0.046000
11 0.276000 0.550000 0.040000 0.044000
11 0.309000 0.783000 0.046000 0.042000
11 0.699000 0.908000 0.046000 0.032000
11 0.384000 0.819000 0.044000 0.038000
11 0.844000 0.922000 0.052000 0.032000
11 0.955000 0.913000 0.050000 0.034000
11 0.559000 0.890000 0.046000 0.032000
11 0.641000 0.898000 0.042000 0.028000
7 0.556000 0.035000 0.060000 0.066000
11 0.719000 0.874000 0.042000 0.028000
6 0.135000 0.314000 0.086000 0.064000
7 0.428000 0.169330 0.044000 0.050660
11 0.465000 0.125000 0.042000 0.050000
11 0.384000 0.856000 0.048000 0.036000
11 0.500000 0.086000 0.044000 0.052000
11 0.063000 0.612000 0.058000 0.060000
11 0.837000 0.890000 0.046000 0.032000
11 0.539000 0.852000 0.050000 0.028000
11 0.987000 0.948000 0.022000 0.036000
11 0.610000 0.864000 0.048000 0.028000
6 0.268000 0.648000 0.120000 0.112000
11 0.351000 0.030000 0.042000 0.052000
11 0.901000 0.897000 0.038000 0.026000
11 0.923000 0.938000 0.042000 0.028000
2 0.807000 0.420000 0.358000 0.288000
7 0.455000 0.527000 0.074000 0.062000
11 0.395000 0.006000 0.042000 0.012000
7 0.403000 0.183000 0.050000 0.050000
11 0.455000 0.842000 0.046000 0.036000
7 0.476000 0.878000 0.056000 0.036000
11 0.351000 0.227000 0.034000 0.038000
