2 0.679000 0.272000 0.186000 0.176000
2 0.821000 0.941000 0.142000 0.114000
2 0.516000 0.652000 0.140000 0.128000
2 0.874000 0.104000 0.120000 0.104000
2 0.943000 0.554000 0.110000 0.132000
2 0.721000 0.412000 0.110000 0.112000
2 0.868000 0.753000 0.116000 0.102000
11 0.499000 0.212000 0.046000 0.036000
11 0.953000 0.894000 0.038000 0.032000
11 0.881000 0.393000 0.034000 0.046000
2 0.485750 0.404500 0.387500 0.265000
11 0.661000 0.531000 0.054000 0.038000
2 0.539000 0.770000 0.126000 0.108000
11 0.766000 0.623000 0.032000 0.046000
11 0.468000 0.066000 0.044000 0.040000
11 0.862000 0.436000 0.032000 0.040000
11 0.415000 0.174000 0.046000 0.036000
7 0.705000 0.762000 0.042000 0.056000
11 0.541000 0.132000 0.046000 0.036000
11 0.832000 0.484000 0.036000 0.048000
11 0.719000 0.715000 0.034000 0.042000
2 0.184000 0.159000 0.108000 0.094000
11 0.978000 0.200000 0.040000 0.060000
11 0.131000 0.980000 0.034000 0.036000
2 0.973000 0.410000 0.050000 0.164000
7 0.568000 0.911000 0.036000 0.054000
2 0.301000 0.571000 0.186000 0.098000
2 0.415500 0.923380 0.155000 0.138760
2 0.375000 0.975000 0.142000 0.046000
11 0.614000 0.939000 0.028000 0.030000
2 0.098000 0.288000 0.196000 0.348000
3 0.034000 0.784000 0.068000 0.052000
7 0.692000 0.515000 0.060000 0.042000
11 0.183000 0.037000 0.050000 0.034000
2 0.950000 0.985000 0.096000 0.026000
2 0.340000 0.448000 0.136000 0.140000
2 0.484000 0.867000 0.152000 0.098000
7 0.820500 0.819880 0.105000 0.103760
2 0.917630 0.046250 0.111260 0.092500
12 0.728130 0.054250 0.056260 0.052500
12 0.629380 0.344750 0.058760 0.057500
