2 0.146000 0.851000 0.276000 0.294000
11 0.250000 0.543000 0.036000 0.050000
3 0.054000 0.175000 0.092000 0.062000
11 0.564000 0.874000 0.036000 0.048000
11 0.180000 0.402000 0.032000 0.044000
11 0.351000 0.689000 0.034000 0.046000
11 0.469000 0.561000 0.042000 0.050000
11 0.078000 0.236000 0.036000 0.044000
11 0.251000 0.770000 0.042000 0.040000
11 0.412000 0.937000 0.040000 0.050000
3 0.594000 0.906000 0.080000 0.056000
11 0.027000 0.427000 0.022000 0.038000
11 0.422000 0.874000 0.028000 0.048000
11 0.159000 0.008000 0.038000 0.016000
11 0.502000 0.638000 0.040000 0.048000
3 0.442000 0.971000 0.080000 0.054000
2 0.835000 0.800000 0.246000 0.176000
11 0.038000 0.008000 0.044000 0.016000
2 0.025000 0.263000 0.050000 0.138000
2 0.811000 0.029000 0.162000 0.058000
2 0.955000 0.330000 0.086000 0.128000
3 0.229000 0.087000 0.082000 0.062000
2 0.885000 0.144000 0.198000 0.184000
2 0.897000 0.943000 0.194000 0.110000
11 0.378000 0.759000 0.032000 0.046000
11 0.401000 0.807000 0.026000 0.050000
2 0.682410 0.577440 0.292820 0.358880
2 0.767000 0.416000 0.130000 0.116000
2 0.849160 0.572800 0.138320 0.129600
2 0.513590 0.182900 0.259180 0.221800
2 0.586870 0.355460 0.241740 0.186920
