2 0.695000 0.366000 0.554000 0.552000
13 0.785000 0.908000 0.278000 0.180000
2 0.079000 0.067000 0.158000 0.134000
11 0.257000 0.502000 0.026000 0.048000
11 0.263000 0.399000 0.022000 0.046000
11 0.271000 0.262000 0.026000 0.048000
11 0.248000 0.749000 0.024000 0.046000
11 0.238000 0.923000 0.028000 0.050000
11 0.242000 0.860000 0.024000 0.048000
11 0.275000 0.163000 0.026000 0.046000
11 0.266000 0.335000 0.020000 0.046000
11 0.244000 0.803000 0.024000 0.042000
11 0.273000 0.212000 0.026000 0.048000
2 0.068000 0.622000 0.136000 0.616000
11 0.235000 0.975000 0.022000 0.046000
7 0.248000 0.607000 0.036000 0.098000
