2 0.323000 0.735000 0.154000 0.122000
2 0.936000 0.948000 0.124000 0.100000
2 0.256000 0.931000 0.216000 0.134000
11 0.499000 0.092000 0.046000 0.044000
2 0.282000 0.526000 0.564000 0.240000
11 0.721000 0.952000 0.038000 0.028000
11 0.667000 0.966000 0.042000 0.028000
2 0.255000 0.032000 0.182000 0.064000
2 0.786000 0.219000 0.424000 0.438000
2 0.795000 0.973000 0.194000 0.050000
2 0.660000 0.785000 0.660000 0.306000
2 0.383000 0.281000 0.250000 0.190000
2 0.063000 0.208000 0.126000 0.360000
2 0.178000 0.809080 0.200000 0.166160
6 0.097870 0.709750 0.123740 0.047500
7 0.488370 0.695000 0.068740 0.050000
7 0.589880 0.662630 0.063760 0.041260
