2 0.828000 0.203000 0.112000 0.290000
2 0.581000 0.587000 0.186000 0.222000
2 0.172000 0.238000 0.344000 0.476000
2 0.643000 0.924000 0.130000 0.148000
2 0.429000 0.957000 0.122000 0.082000
2 0.647000 0.194000 0.110000 0.384000
2 0.487000 0.242000 0.198000 0.320000
11 0.490000 0.747000 0.028000 0.050000
3 0.423000 0.523000 0.078000 0.046000
2 0.253000 0.969000 0.182000 0.058000
11 0.503000 0.802000 0.030000 0.052000
11 0.462000 0.603000 0.028000 0.042000
11 0.524000 0.902000 0.024000 0.048000
11 0.514000 0.849000 0.028000 0.042000
2 0.968000 0.220000 0.060000 0.128000
3 0.398000 0.371000 0.088000 0.042000
11 0.536000 0.950000 0.028000 0.052000
11 0.470000 0.645000 0.020000 0.034000
2 0.934000 0.085000 0.128000 0.170000
11 0.434000 0.476000 0.028000 0.048000
11 0.448000 0.557000 0.028000 0.042000
2 0.971000 0.659000 0.054000 0.238000
11 0.545000 0.987000 0.038000 0.022000
11 0.369000 0.149000 0.022000 0.030000
2 0.957000 0.380000 0.082000 0.156000
2 0.228000 0.754000 0.440000 0.380000
11 0.423000 0.429000 0.030000 0.058000
2 0.615330 0.770670 0.190660 0.193340
