2 0.610000 0.793000 0.148000 0.162000
2 0.870000 0.708000 0.112000 0.120000
2 0.769000 0.349000 0.134000 0.150000
2 0.890000 0.155000 0.116000 0.110000
2 0.377000 0.207000 0.206000 0.186000
3 0.715000 0.849000 0.078000 0.070000
11 0.827000 0.466000 0.038000 0.032000
11 0.851000 0.423000 0.038000 0.038000
11 0.322000 0.411000 0.044000 0.042000
3 0.701000 0.724000 0.070000 0.096000
11 0.901000 0.904000 0.038000 0.044000
2 0.372500 0.604630 0.445000 0.409260
11 0.841000 0.835000 0.046000 0.050000
11 0.937000 0.945000 0.034000 0.042000
3 0.798000 0.830000 0.068000 0.088000
7 0.663000 0.928000 0.042000 0.060000
11 0.793000 0.770000 0.034000 0.052000
11 0.434000 0.331000 0.028000 0.030000
11 0.176000 0.269000 0.052000 0.046000
11 0.969000 0.978000 0.042000 0.040000
11 0.009000 0.675000 0.018000 0.038000
2 0.982000 0.650000 0.032000 0.108000
2 0.037000 0.019000 0.074000 0.038000
11 0.877000 0.987000 0.042000 0.022000
11 0.951000 0.193000 0.042000 0.042000
2 0.795000 0.980000 0.130000 0.036000
2 0.107000 0.082000 0.146000 0.164000
2 0.968000 0.794000 0.060000 0.144000
2 0.061000 0.502000 0.122000 0.288000
11 0.907000 0.553000 0.038000 0.042000
2 0.630000 0.123000 0.284000 0.246000
2 0.516370 0.379630 0.168740 0.171260
2 0.257630 0.144880 0.191260 0.173760
