2 0.726000 0.217000 0.148000 0.138000
2 0.513000 0.648000 0.122000 0.112000
2 0.715000 0.593000 0.250000 0.166000
2 0.673000 0.472000 0.142000 0.156000
2 0.433000 0.335000 0.118000 0.126000
11 0.190000 0.925000 0.036000 0.046000
11 0.907000 0.190000 0.046000 0.036000
11 0.496000 0.468000 0.036000 0.048000
2 0.276000 0.650000 0.108000 0.108000
2 0.405000 0.765000 0.118000 0.126000
11 0.598000 0.293000 0.032000 0.046000
2 0.903000 0.072000 0.190000 0.144000
11 0.391000 0.593000 0.030000 0.042000
11 0.470000 0.512000 0.040000 0.048000
11 0.548000 0.379000 0.032000 0.046000
11 0.809000 0.128000 0.038000 0.032000
2 0.059000 0.957000 0.118000 0.082000
2 0.370000 0.941000 0.132000 0.114000
2 0.957000 0.849000 0.082000 0.098000
2 0.311000 0.454000 0.130000 0.128000
2 0.940000 0.746000 0.116000 0.124000
11 0.572000 0.340000 0.028000 0.040000
2 0.869000 0.941000 0.258000 0.114000
11 0.857000 0.160000 0.050000 0.040000
2 0.179000 0.046000 0.114000 0.092000
2 0.945000 0.384000 0.106000 0.256000
2 0.947000 0.633000 0.102000 0.130000
3 0.784000 0.084000 0.068000 0.068000
2 0.157000 0.674500 0.142000 0.141000
2 0.091500 0.123500 0.183000 0.183000
2 0.396000 0.034000 0.256000 0.068000
2 0.572000 0.343000 0.032000 0.042000
2 0.855500 0.159500 0.051000 0.043000
2 0.600000 0.298500 0.036000 0.045000
2 0.491500 0.115500 0.083000 0.095000
2 0.476500 0.218000 0.137000 0.140000
2 0.066000 0.709000 0.128000 0.150000
2 0.506500 0.739500 0.085000 0.095000
2 0.289000 0.563500 0.094000 0.091000
2 0.153270 0.573880 0.194540 0.147760
