2 0.837000 0.076000 0.286000 0.152000
2 0.415000 0.292000 0.426000 0.368000
11 0.693000 0.649000 0.046000 0.034000
11 0.426000 0.036000 0.044000 0.040000
11 0.335000 0.102000 0.050000 0.040000
2 0.153000 0.729000 0.142000 0.134000
3 0.387000 0.832000 0.062000 0.100000
11 0.296000 0.645000 0.028000 0.042000
11 0.527000 0.792000 0.038000 0.032000
2 0.399120 0.594880 0.250240 0.333760
2 0.793000 0.458000 0.414000 0.384000
11 0.929000 0.612000 0.038000 0.032000
2 0.054000 0.391000 0.108000 0.422000
11 0.564000 0.776000 0.036000 0.028000
11 0.992000 0.513000 0.012000 0.038000
2 0.043000 0.046000 0.086000 0.092000
11 0.483000 0.744000 0.034000 0.028000
2 0.185870 0.840720 0.139740 0.145440
