11 0.100000 0.236000 0.044000 0.040000
11 0.193000 0.276000 0.042000 0.044000
7 0.315000 0.080000 0.058000 0.040000
11 0.091000 0.118000 0.046000 0.036000
11 0.264000 0.038000 0.052000 0.036000
11 0.161000 0.307000 0.038000 0.042000
11 0.775000 0.929000 0.050000 0.046000
11 0.212000 0.102000 0.048000 0.032000
11 0.161000 0.089000 0.050000 0.038000
11 0.272000 0.705000 0.040000 0.042000
11 0.062000 0.260000 0.040000 0.032000
11 0.443000 0.056000 0.046000 0.036000
11 0.379000 0.049000 0.046000 0.030000
11 0.091000 0.029000 0.042000 0.026000
7 0.235000 0.578000 0.050000 0.056000
11 0.459000 0.010000 0.046000 0.020000
11 0.367000 0.016000 0.046000 0.032000
11 0.014000 0.113000 0.028000 0.034000
11 0.587000 0.023000 0.046000 0.030000
11 0.153000 0.020000 0.054000 0.032000
11 0.659000 0.010000 0.042000 0.020000
11 0.516000 0.030000 0.048000 0.032000
11 0.014000 0.012000 0.028000 0.024000
11 0.216000 0.012000 0.044000 0.024000
2 0.097000 0.655000 0.194000 0.326000
6 0.046000 0.076000 0.092000 0.048000
11 0.733000 0.812000 0.050000 0.052000
11 0.600000 0.087000 0.028000 0.034000
11 0.207000 0.166000 0.030000 0.028000
7 0.277000 0.008000 0.046000 0.016000
11 0.675000 0.735000 0.038000 0.038000
11 0.294000 0.775000 0.044000 0.050000
11 0.012000 0.176000 0.024000 0.036000
