6 0.372710 0.756290 0.061420 0.088580
2 0.382000 0.449000 0.336000 0.274000
2 0.048000 0.766000 0.096000 0.116000
2 0.696000 0.533000 0.264000 0.266000
2 0.149000 0.603000 0.106000 0.098000
2 0.948000 0.853000 0.100000 0.142000
2 0.155000 0.114000 0.154000 0.100000
2 0.918000 0.598000 0.160000 0.244000
11 0.272000 0.129000 0.056000 0.042000
3 0.149000 0.389000 0.090000 0.078000
11 0.186000 0.183000 0.040000 0.034000
2 0.266000 0.800000 0.148000 0.168000
7 0.260000 0.204000 0.064000 0.036000
11 0.448000 0.781000 0.032000 0.038000
11 0.363000 0.645000 0.034000 0.034000
2 0.020000 0.913000 0.040000 0.134000
11 0.964000 0.447000 0.060000 0.030000
2 0.923000 0.973000 0.114000 0.050000
11 0.897000 0.088000 0.026000 0.048000
2 0.348000 0.964000 0.172000 0.068000
2 0.636000 0.119000 0.496000 0.238000
2 0.758000 0.971000 0.100000 0.054000
