2 0.671000 0.064000 0.214000 0.128000
2 0.050000 0.396000 0.100000 0.200000
2 0.764580 0.790430 0.185160 0.204860
2 0.909000 0.600000 0.182000 0.224000
11 0.832000 0.680000 0.036000 0.052000
11 0.770000 0.587000 0.032000 0.046000
2 0.068000 0.169000 0.136000 0.334000
2 0.052000 0.966000 0.104000 0.064000
2 0.934000 0.294000 0.128000 0.260000
2 0.818000 0.938000 0.204000 0.120000
2 0.626000 0.968000 0.152000 0.060000
2 0.254750 0.207380 0.333500 0.414760
2 0.197860 0.507920 0.207720 0.167840
2 0.066560 0.596970 0.133120 0.205940
2 0.782060 0.342330 0.296120 0.420660
2 0.435810 0.069910 0.183620 0.139820
2 0.336930 0.771150 0.185860 0.182300
2 0.675720 0.622810 0.179440 0.225620
2 0.507410 0.187900 0.130820 0.131800
2 0.542870 0.279680 0.125740 0.139360
2 0.157870 0.866080 0.195740 0.232160
2 0.300890 0.626830 0.125780 0.149660
2 0.366540 0.385270 0.201080 0.230540
2 0.603750 0.463630 0.171500 0.139260
2 0.943000 0.838000 0.114000 0.316000
2 0.481790 0.600830 0.163580 0.149660
2 0.441000 0.918000 0.158000 0.164000
