2 0.581000 0.186000 0.298000 0.364000
11 0.638000 0.459000 0.048000 0.030000
11 0.874000 0.404000 0.048000 0.032000
11 0.578000 0.472000 0.048000 0.032000
11 0.911000 0.445000 0.046000 0.034000
11 0.282000 0.060000 0.028000 0.044000
11 0.252000 0.149000 0.028000 0.042000
11 0.589000 0.541000 0.050000 0.038000
2 0.291000 0.964000 0.226000 0.068000
11 0.680000 0.524000 0.036000 0.032000
11 0.876000 0.479000 0.040000 0.030000
11 0.346000 0.059000 0.028000 0.038000
11 0.959000 0.387000 0.042000 0.034000
3 0.268000 0.528000 0.060000 0.064000
3 0.045000 0.322000 0.090000 0.044000
11 0.547000 0.554000 0.042000 0.028000
11 0.980000 0.456000 0.036000 0.036000
11 0.918000 0.394000 0.040000 0.028000
11 0.425000 0.580000 0.046000 0.024000
2 0.950000 0.656000 0.096000 0.140000
11 0.781000 0.497000 0.046000 0.034000
11 0.401000 0.102000 0.030000 0.040000
11 0.633000 0.531000 0.046000 0.038000
2 0.482000 0.804000 0.236000 0.388000
11 0.365000 0.008000 0.030000 0.016000
