11 0.189730 0.219300 0.051460 0.038600
11 0.106000 0.455000 0.048000 0.034000
11 0.024000 0.224000 0.048000 0.032000
11 0.754000 0.857000 0.056000 0.042000
11 0.786000 0.730000 0.056000 0.036000
11 0.017000 0.295000 0.034000 0.038000
11 0.044000 0.164000 0.052000 0.032000
2 0.226620 0.326770 0.249240 0.461540
11 0.149000 0.344000 0.046000 0.036000
2 0.487000 0.423000 0.190000 0.302000
11 0.079000 0.490000 0.058000 0.044000
11 0.068430 0.519290 0.056860 0.042580
11 0.018290 0.265290 0.036580 0.042580
11 0.105210 0.423010 0.050420 0.034020
11 0.119910 0.384360 0.055820 0.036720
11 0.160990 0.286660 0.053980 0.037320
11 0.144120 0.313670 0.052240 0.039340
11 0.029570 0.199710 0.047140 0.039420
11 0.191970 0.181240 0.047940 0.034480
2 0.069230 0.845850 0.138460 0.307700
2 0.309690 0.937540 0.235380 0.123080
2 0.689080 0.047690 0.106160 0.095380
2 0.405290 0.626140 0.098580 0.104280
