2 0.811000 0.825000 0.374000 0.346000
2 0.957000 0.489000 0.082000 0.094000
11 0.265000 0.749000 0.038000 0.046000
11 0.058000 0.459000 0.040000 0.046000
11 0.085000 0.497000 0.030000 0.042000
11 0.147000 0.583000 0.034000 0.046000
11 0.238000 0.705000 0.032000 0.042000
11 0.118000 0.539000 0.036000 0.050000
11 0.350000 0.871000 0.036000 0.042000
11 0.322000 0.835000 0.036000 0.042000
2 0.294000 0.122000 0.360000 0.244000
11 0.208000 0.666000 0.040000 0.048000
11 0.300000 0.800000 0.032000 0.036000
11 0.379000 0.905000 0.038000 0.042000
2 0.611850 0.412150 0.467700 0.592300
11 0.835000 0.522000 0.034000 0.044000
3 0.197000 0.621000 0.062000 0.050000
11 0.624000 0.728000 0.028000 0.040000
2 0.210000 0.952000 0.292000 0.092000
