2 0.915000 0.204000 0.166000 0.288000
2 0.108000 0.867000 0.140000 0.142000
2 0.596000 0.454000 0.120000 0.100000
11 0.881000 0.089000 0.042000 0.038000
11 0.259000 0.260000 0.046000 0.044000
11 0.458000 0.123000 0.048000 0.038000
11 0.419850 0.681770 0.043700 0.051540
11 0.773000 0.271000 0.046000 0.038000
2 0.182000 0.538000 0.140000 0.152000
2 0.061000 0.266000 0.122000 0.140000
2 0.505000 0.276000 0.174000 0.160000
11 0.358000 0.515000 0.044000 0.050000
2 0.814000 0.816000 0.120000 0.116000
11 0.862000 0.409000 0.052000 0.042000
11 0.318000 0.536000 0.044000 0.048000
11 0.892000 0.477000 0.036000 0.030000
11 0.835000 0.047000 0.022000 0.026000
2 0.245000 0.959000 0.150000 0.078000
11 0.518000 0.076000 0.052000 0.040000
11 0.811000 0.327000 0.042000 0.034000
2 0.386000 0.021000 0.148000 0.042000
11 0.960000 0.605000 0.052000 0.038000
2 0.739000 0.684000 0.138000 0.156000
2 0.041000 0.631000 0.082000 0.098000
2 0.027000 0.719000 0.054000 0.162000
2 0.841500 0.898500 0.119000 0.113000
7 0.960500 0.607000 0.049000 0.038000
11 0.834500 0.050000 0.029000 0.032000
11 0.803000 0.318000 0.058000 0.056000
2 0.702500 0.310500 0.105000 0.101000
2 0.144000 0.696000 0.128000 0.128000
2 0.094000 0.581500 0.096000 0.111000
2 0.647000 0.538000 0.122000 0.120000
2 0.260500 0.100000 0.181000 0.180000
2 0.138000 0.182500 0.200000 0.149000
