2 0.712000 0.696000 0.224000 0.216000
2 0.545000 0.784000 0.138000 0.144000
11 0.700000 0.486000 0.052000 0.044000
2 0.892000 0.560000 0.168000 0.148000
11 0.534000 0.605000 0.040000 0.038000
3 0.317000 0.920000 0.086000 0.112000
11 0.747000 0.455000 0.042000 0.046000
11 0.465000 0.663000 0.042000 0.042000
11 0.837000 0.399000 0.046000 0.046000
11 0.575000 0.575000 0.042000 0.034000
11 0.795000 0.426000 0.046000 0.044000
2 0.549000 0.953000 0.074000 0.082000
11 0.659000 0.513000 0.042000 0.038000
11 0.615000 0.546000 0.038000 0.036000
2 0.767000 0.143000 0.454000 0.286000
7 0.888000 0.369000 0.056000 0.046000
2 0.422000 0.380000 0.440000 0.388000
2 0.968000 0.425000 0.060000 0.102000
2 0.961000 0.801000 0.074000 0.194000
11 0.321000 0.984000 0.030000 0.028000
2 0.029000 0.026000 0.058000 0.052000
