2 0.715000 0.369000 0.430000 0.306000
2 0.263000 0.123000 0.526000 0.242000
11 0.906000 0.202000 0.036000 0.044000
11 0.199000 0.255000 0.050000 0.030000
11 0.132000 0.292000 0.040000 0.024000
11 0.079000 0.330000 0.050000 0.028000
11 0.251000 0.219000 0.042000 0.026000
7 0.909000 0.327000 0.042000 0.058000
11 0.967000 0.331000 0.026000 0.034000
3 0.818000 0.034000 0.148000 0.068000
2 0.438230 0.693000 0.416460 0.482000
11 0.984000 0.367000 0.028000 0.042000
11 0.953000 0.303000 0.026000 0.026000
2 0.744000 0.683000 0.140000 0.134000
11 0.992000 0.406000 0.012000 0.036000
2 0.980000 0.320000 0.036000 0.208000
2 0.810920 0.526920 0.193840 0.233840
2 0.924310 0.700920 0.144620 0.233840
