2 0.299000 0.550000 0.594000 0.332000
2 0.876000 0.364000 0.244000 0.132000
3 0.680000 0.400000 0.120000 0.056000
3 0.348000 0.756000 0.044000 0.068000
2 0.883000 0.652000 0.230000 0.120000
3 0.472000 0.904000 0.072000 0.032000
3 0.687000 0.139000 0.106000 0.054000
3 0.686000 0.733000 0.108000 0.042000
3 0.682000 0.518000 0.124000 0.036000
2 0.194000 0.922000 0.388000 0.152000
3 0.594000 0.177000 0.032000 0.094000
11 0.876000 0.564000 0.032000 0.048000
3 0.543000 0.773000 0.042000 0.074000
11 0.462000 0.943000 0.028000 0.046000
11 0.631000 0.453000 0.022000 0.042000
11 0.932000 0.555000 0.032000 0.046000
11 0.987000 0.500000 0.022000 0.028000
2 0.899000 0.962000 0.198000 0.072000
3 0.582000 0.363000 0.028000 0.074000
3 0.462000 0.837000 0.084000 0.046000
11 0.477000 0.982000 0.030000 0.032000
11 0.980000 0.564000 0.028000 0.036000
3 0.961000 0.143000 0.074000 0.282000
7 0.129000 0.790000 0.058000 0.028000
2 0.045000 0.043000 0.090000 0.086000
