2 0.427000 0.302000 0.170000 0.144000
2 0.297000 0.460000 0.162000 0.152000
2 0.172000 0.577000 0.136000 0.130000
2 0.087000 0.705000 0.110000 0.114000
3 0.640000 0.407000 0.060000 0.074000
3 0.691000 0.299000 0.106000 0.090000
11 0.627000 0.461000 0.050000 0.050000
2 0.759000 0.128000 0.138000 0.116000
11 0.408000 0.557000 0.044000 0.042000
11 0.664000 0.108000 0.024000 0.052000
11 0.577000 0.413000 0.046000 0.038000
2 0.921000 0.027000 0.130000 0.054000
11 0.367000 0.583000 0.042000 0.038000
2 0.276000 0.094000 0.224000 0.172000
11 0.675000 0.157000 0.026000 0.046000
11 0.598000 0.053000 0.032000 0.050000
11 0.606000 0.115000 0.028000 0.050000
11 0.481000 0.480000 0.038000 0.032000
2 0.037000 0.478000 0.074000 0.144000
11 0.025000 0.852000 0.026000 0.028000
2 0.135000 0.235000 0.098000 0.122000
2 0.980000 0.571000 0.036000 0.238000
2 0.740000 0.014000 0.140000 0.028000
2 0.923000 0.366000 0.126000 0.136000
