2 0.440000 0.294000 0.536000 0.448000
2 0.155000 0.643000 0.310000 0.426000
13 0.945000 0.639000 0.106000 0.190000
2 0.325000 0.896000 0.322000 0.208000
6 0.205640 0.804290 0.079280 0.084580
11 0.197000 0.775000 0.038000 0.042000
2 0.731000 0.746000 0.194000 0.172000
11 0.758000 0.257000 0.036000 0.034000
7 0.490000 0.504000 0.044000 0.044000
11 0.608000 0.476000 0.032000 0.032000
11 0.724000 0.289000 0.032000 0.034000
11 0.017000 0.235000 0.034000 0.042000
11 0.116000 0.064000 0.040000 0.036000
2 0.746000 0.476000 0.144000 0.148000
2 0.844000 0.081000 0.284000 0.162000
11 0.136000 0.327000 0.044000 0.042000
11 0.377000 0.522000 0.042000 0.036000
3 0.020000 0.922000 0.040000 0.060000
2 0.575000 0.634000 0.226000 0.204000
3 0.088000 0.886000 0.060000 0.060000
2 0.127000 0.215000 0.202000 0.238000
2 0.976000 0.340000 0.044000 0.296000
11 0.220000 0.397000 0.048000 0.042000
11 0.321000 0.544000 0.030000 0.032000
7 0.404000 0.568000 0.056000 0.040000
2 0.440930 0.777090 0.237860 0.202180
