11 0.619000 0.060000 0.038000 0.052000
3 0.449000 0.800000 0.126000 0.100000
7 0.114000 0.752000 0.044000 0.060000
2 0.943000 0.535000 0.110000 0.170000
11 0.518000 0.917000 0.036000 0.042000
11 0.394000 0.470000 0.040000 0.044000
11 0.543000 0.158000 0.034000 0.044000
11 0.118000 0.835000 0.036000 0.050000
11 0.472000 0.211000 0.040000 0.050000
11 0.045000 0.162000 0.038000 0.052000
11 0.225000 0.582000 0.030000 0.048000
11 0.096000 0.241000 0.036000 0.050000
11 0.430000 0.323000 0.036000 0.046000
3 0.381000 0.365000 0.074000 0.070000
11 0.614000 0.150000 0.036000 0.044000
2 0.948000 0.093000 0.100000 0.154000
11 0.176000 0.659000 0.036000 0.042000
11 0.582000 0.248000 0.036000 0.048000
11 0.468000 0.269000 0.036000 0.046000
11 0.191000 0.904000 0.038000 0.044000
11 0.080000 0.716000 0.048000 0.036000
11 0.036000 0.795000 0.040000 0.054000
11 0.138000 0.935000 0.040000 0.046000
11 0.478000 0.340000 0.032000 0.040000
11 0.196000 0.856000 0.044000 0.056000
11 0.227000 0.509000 0.022000 0.046000
2 0.353620 0.157880 0.247240 0.283760
11 0.104000 0.982000 0.036000 0.032000
11 0.239000 0.423000 0.030000 0.046000
11 0.166000 0.348000 0.036000 0.056000
11 0.210000 0.435000 0.028000 0.046000
2 0.680000 0.905000 0.140000 0.190000
2 0.772000 0.733000 0.204000 0.198000
11 0.006000 0.088000 0.012000 0.048000
3 0.232000 0.381000 0.080000 0.102000
2 0.810000 0.421000 0.296000 0.266000
2 0.176000 0.064000 0.196000 0.128000
11 0.510000 0.992000 0.036000 0.012000
2 0.804000 0.969000 0.120000 0.058000
2 0.071000 0.444000 0.142000 0.312000
11 0.160000 0.991000 0.036000 0.014000
6 0.013000 0.865000 0.026000 0.094000
2 0.595000 0.714000 0.190000 0.272000
2 0.903250 0.191250 0.162500 0.162500
2 0.619500 0.526380 0.135000 0.148760
2 0.042500 0.656750 0.085000 0.197500
2 0.345000 0.929000 0.186000 0.142000
