2 0.299000 0.496000 0.374000 0.312000
11 0.964000 0.381000 0.040000 0.046000
2 0.788840 0.684900 0.249680 0.277800
7 0.695000 0.790000 0.062000 0.048000
7 0.243000 0.635000 0.058000 0.042000
7 0.631000 0.765000 0.062000 0.042000
11 0.347000 0.672000 0.046000 0.032000
11 0.338000 0.116000 0.048000 0.040000
11 0.159000 0.638000 0.050000 0.036000
11 0.236000 0.159000 0.044000 0.038000
11 0.255000 0.104000 0.050000 0.036000
11 0.123000 0.588000 0.038000 0.028000
11 0.110000 0.626000 0.048000 0.032000
11 0.948000 0.536000 0.048000 0.036000
11 0.591000 0.812000 0.046000 0.032000
11 0.751000 0.840000 0.050000 0.032000
11 0.460000 0.798000 0.052000 0.032000
11 0.545000 0.826000 0.038000 0.032000
6 0.069000 0.203000 0.122000 0.074000
2 0.936000 0.758000 0.124000 0.232000
2 0.350000 0.941000 0.256000 0.114000
7 0.255000 0.298000 0.062000 0.044000
11 0.295000 0.654000 0.042000 0.032000
11 0.844000 0.930000 0.044000 0.028000
11 0.254000 0.770000 0.032000 0.040000
2 0.888000 0.234380 0.220000 0.268760
7 0.458000 0.032000 0.076000 0.048000
2 0.215000 0.068000 0.282000 0.136000
11 0.967000 0.583000 0.046000 0.038000
11 0.805000 0.824000 0.038000 0.028000
7 0.502000 0.199000 0.052000 0.038000
11 0.454000 0.841000 0.032000 0.046000
11 0.303000 0.786000 0.030000 0.048000
11 0.891000 0.854000 0.050000 0.032000
11 0.201000 0.747000 0.030000 0.042000
11 0.337000 0.315000 0.042000 0.030000
2 0.638660 0.919760 0.273320 0.155520
11 0.899000 0.052000 0.042000 0.036000
2 0.672000 0.293000 0.244000 0.182000
2 0.032000 0.886000 0.064000 0.216000
11 0.952000 0.504000 0.028000 0.036000
11 0.006000 0.275000 0.012000 0.030000
11 0.348000 0.279000 0.048000 0.038000
6 0.054300 0.443080 0.104600 0.086160
2 0.555990 0.625880 0.159980 0.183760
2 0.508000 0.361380 0.120000 0.130760
11 0.189700 0.617750 0.043400 0.035500
