2 0.167000 0.582000 0.126000 0.128000
2 0.479000 0.544000 0.150000 0.140000
2 0.684000 0.191000 0.120000 0.130000
2 0.339000 0.064000 0.134000 0.116000
3 0.093000 0.114000 0.114000 0.072000
2 0.566000 0.164000 0.132000 0.136000
11 0.749000 0.424000 0.054000 0.044000
11 0.534000 0.323000 0.052000 0.042000
2 0.061000 0.468000 0.122000 0.156000
11 0.811000 0.453000 0.050000 0.038000
11 0.953000 0.514000 0.046000 0.036000
2 0.329000 0.692000 0.114000 0.116000
11 0.485000 0.398000 0.054000 0.040000
11 0.901000 0.583000 0.046000 0.038000
11 0.048000 0.205000 0.044000 0.038000
2 0.403000 0.180000 0.118000 0.116000
11 0.390000 0.257000 0.044000 0.034000
3 0.133000 0.194000 0.058000 0.088000
11 0.325000 0.227000 0.058000 0.038000
2 0.054000 0.026000 0.108000 0.052000
2 0.640000 0.597000 0.152000 0.158000
2 0.729000 0.021000 0.246000 0.042000
2 0.032000 0.306000 0.064000 0.164000
11 0.479000 0.178000 0.026000 0.044000
