2 0.418000 0.743000 0.124000 0.134000
2 0.515000 0.860000 0.126000 0.120000
2 0.315000 0.941000 0.114000 0.114000
2 0.499000 0.430000 0.122000 0.132000
2 0.115000 0.498000 0.110000 0.096000
2 0.947000 0.057000 0.102000 0.114000
2 0.487000 0.638000 0.114000 0.092000
2 0.075000 0.828000 0.122000 0.120000
2 0.670000 0.756000 0.120000 0.144000
2 0.353000 0.048000 0.130000 0.096000
2 0.316000 0.560000 0.116000 0.112000
2 0.770000 0.130000 0.116000 0.132000
2 0.874000 0.150000 0.100000 0.128000
2 0.820000 0.257000 0.116000 0.122000
11 0.358000 0.839000 0.052000 0.042000
11 0.436000 0.221000 0.040000 0.038000
11 0.519000 0.199000 0.050000 0.038000
11 0.148000 0.112000 0.036000 0.044000
2 0.661000 0.947000 0.094000 0.102000
11 0.426000 0.895000 0.044000 0.042000
11 0.205000 0.025000 0.038000 0.046000
7 0.401000 0.254000 0.054000 0.044000
3 0.909000 0.373000 0.070000 0.062000
2 0.298000 0.147000 0.180000 0.138000
11 0.569000 0.230000 0.046000 0.044000
2 0.612000 0.512000 0.108000 0.148000
2 0.654000 0.122000 0.116000 0.124000
7 0.120000 0.950000 0.040000 0.052000
11 0.219000 0.709000 0.022000 0.042000
2 0.292000 0.682000 0.096000 0.080000
11 0.175000 0.066000 0.034000 0.040000
2 0.815000 0.503000 0.134000 0.142000
7 0.936000 0.455000 0.060000 0.054000
2 0.052000 0.043000 0.104000 0.086000
2 0.739000 0.027000 0.130000 0.054000
11 0.466000 0.918000 0.040000 0.032000
2 0.124000 0.615000 0.108000 0.102000
11 0.545000 0.962000 0.046000 0.036000
11 0.238000 0.284000 0.044000 0.032000
7 0.064000 0.195000 0.056000 0.046000
2 0.043000 0.309000 0.086000 0.142000
2 0.511000 0.048000 0.226000 0.096000
2 0.014000 0.577000 0.028000 0.130000
2 0.859000 0.892000 0.130000 0.196000
2 0.694000 0.404000 0.112000 0.120000
11 0.610000 0.991000 0.048000 0.014000
11 0.610000 0.254000 0.048000 0.044000
2 0.890130 0.606050 0.204260 0.192100
2 0.310520 0.781580 0.141040 0.119160
