11 0.145000 0.865000 0.034000 0.054000
2 0.890000 0.464000 0.216000 0.272000
7 0.190000 0.866000 0.036000 0.060000
7 0.208000 0.802000 0.032000 0.052000
11 0.710000 0.452000 0.032000 0.040000
11 0.166000 0.913000 0.028000 0.050000
11 0.415000 0.942000 0.042000 0.032000
11 0.885000 0.715000 0.042000 0.050000
3 0.087000 0.932000 0.082000 0.060000
3 0.900000 0.802000 0.060000 0.068000
7 0.855000 0.666000 0.046000 0.056000
11 0.111000 0.978000 0.022000 0.040000
2 0.559000 0.576820 0.630000 0.777640
11 0.237210 0.705160 0.026420 0.038320
11 0.258000 0.652000 0.028000 0.056000
2 0.848000 0.198000 0.172000 0.188000
3 0.985000 0.770000 0.026000 0.080000
11 0.816000 0.809000 0.040000 0.030000
2 0.753000 0.929000 0.482000 0.142000
11 0.772000 0.824000 0.036000 0.028000
2 0.731940 0.195570 0.307880 0.391140
11 0.224540 0.750460 0.029080 0.044920
