2 0.449000 0.710000 0.146000 0.136000
2 0.635000 0.222000 0.134000 0.116000
2 0.214000 0.536000 0.144000 0.148000
2 0.095000 0.564000 0.094000 0.104000
2 0.707000 0.371000 0.138000 0.142000
2 0.694000 0.888000 0.232000 0.212000
2 0.366000 0.140000 0.104000 0.096000
2 0.795000 0.504000 0.110000 0.112000
2 0.853000 0.619000 0.142000 0.138000
2 0.961000 0.345000 0.074000 0.146000
2 0.502000 0.451000 0.140000 0.154000
2 0.211000 0.936000 0.230000 0.124000
11 0.937000 0.029000 0.034000 0.050000
11 0.742000 0.730000 0.040000 0.056000
11 0.503000 0.304000 0.030000 0.044000
11 0.828000 0.944000 0.036000 0.028000
11 0.969000 0.067000 0.034000 0.038000
2 0.023000 0.701000 0.046000 0.106000
2 0.194000 0.268000 0.104000 0.100000
11 0.774000 0.789000 0.032000 0.050000
2 0.976000 0.914000 0.044000 0.124000
11 0.989000 0.102000 0.018000 0.040000
3 0.700000 0.014000 0.060000 0.028000
2 0.367000 0.039000 0.114000 0.078000
2 0.712000 0.117000 0.100000 0.114000
2 0.521000 0.032000 0.122000 0.064000
2 0.052000 0.174000 0.104000 0.164000
11 0.283000 0.351000 0.034000 0.034000
2 0.851000 0.968000 0.082000 0.060000
2 0.966000 0.484000 0.064000 0.112000
11 0.373000 0.603000 0.062000 0.042000
