2 0.115000 0.468000 0.130000 0.120000
2 0.271000 0.185000 0.126000 0.086000
2 0.507000 0.340000 0.306000 0.188000
2 0.156000 0.207000 0.104000 0.130000
2 0.136000 0.943000 0.272000 0.110000
11 0.182000 0.314000 0.048000 0.032000
11 0.911000 0.106000 0.038000 0.040000
2 0.063000 0.306000 0.074000 0.076000
11 0.844000 0.052000 0.032000 0.032000
11 0.500000 0.634000 0.024000 0.036000
11 0.435870 0.509180 0.027740 0.042360
11 0.462000 0.510850 0.028000 0.057700
11 0.416000 0.974000 0.044000 0.032000
2 0.525000 0.820000 0.218000 0.356000
11 0.376000 0.835000 0.056000 0.042000
11 0.382000 0.881000 0.044000 0.034000
11 0.744000 0.034000 0.036000 0.036000
11 0.763000 0.103000 0.038000 0.050000
11 0.950000 0.136000 0.032000 0.028000
11 0.008000 0.380000 0.016000 0.036000
11 0.590000 0.613000 0.032000 0.042000
2 0.616000 0.075000 0.116000 0.094000
2 0.208000 0.711000 0.100000 0.102000
2 0.411000 0.121000 0.114000 0.146000
2 0.215000 0.440000 0.134000 0.144000
2 0.014000 0.172000 0.028000 0.088000
2 0.032000 0.735000 0.064000 0.178000
11 0.009740 0.376550 0.019480 0.025100
2 0.024180 0.071290 0.048360 0.106580
2 0.871130 0.353610 0.254260 0.287220
11 0.135340 0.335050 0.050680 0.038100
2 0.510130 0.123770 0.108260 0.099540
11 0.522330 0.628480 0.020660 0.024960
2 0.148190 0.089640 0.080380 0.087280
2 0.275670 0.055070 0.183340 0.098140
2 0.038530 0.516720 0.073060 0.085440
11 0.475040 0.642040 0.022080 0.028080
