2 0.844000 0.565000 0.308000 0.258000
2 0.143000 0.885000 0.286000 0.226000
7 0.843000 0.320000 0.078000 0.044000
11 0.405000 0.167000 0.038000 0.050000
11 0.453000 0.094000 0.042000 0.040000
11 0.568000 0.253000 0.056000 0.046000
2 0.071000 0.405000 0.142000 0.182000
11 0.606000 0.199000 0.064000 0.050000
3 0.182000 0.028000 0.048000 0.056000
7 0.489000 0.028000 0.030000 0.056000
11 0.700000 0.361000 0.060000 0.038000
11 0.262000 0.013000 0.048000 0.026000
11 0.473000 0.157000 0.046000 0.046000
11 0.507000 0.285000 0.038000 0.038000
11 0.645000 0.353000 0.050000 0.038000
6 0.973000 0.363000 0.050000 0.062000
11 0.825000 0.363000 0.034000 0.026000
11 0.435000 0.209000 0.034000 0.042000
11 0.443000 0.020000 0.030000 0.040000
11 0.071000 0.006000 0.058000 0.012000
2 0.947000 0.924000 0.102000 0.148000
11 0.589000 0.337000 0.050000 0.038000
2 0.271000 0.657000 0.270000 0.250000
