2 0.243000 0.922000 0.470000 0.152000
11 0.313000 0.092000 0.054000 0.044000
2 0.317000 0.583000 0.190000 0.194000
11 0.098000 0.256000 0.040000 0.036000
2 0.665350 0.575170 0.238700 0.242340
11 0.761000 0.503000 0.034000 0.050000
11 0.163000 0.208000 0.042000 0.040000
11 0.232000 0.155000 0.036000 0.030000
2 0.687000 0.825000 0.622000 0.346000
2 0.136000 0.128000 0.268000 0.256000
11 0.264000 0.130000 0.036000 0.036000
2 0.148000 0.570000 0.296000 0.544000
2 0.498930 0.258930 0.317860 0.345860
