2 0.431000 0.261000 0.238000 0.194000
2 0.537000 0.672000 0.210000 0.208000
11 0.594000 0.818000 0.040000 0.036000
11 0.724000 0.687000 0.040000 0.034000
11 0.597000 0.888000 0.046000 0.036000
3 0.918000 0.707000 0.080000 0.066000
11 0.917000 0.643000 0.042000 0.038000
11 0.809000 0.744000 0.038000 0.036000
2 0.786000 0.876000 0.424000 0.244000
11 0.841000 0.149000 0.046000 0.042000
11 0.878000 0.179000 0.036000 0.034000
11 0.803000 0.118000 0.042000 0.044000
2 0.136000 0.138000 0.272000 0.276000
2 0.277000 0.693000 0.554000 0.610000
2 0.423000 0.068000 0.254000 0.136000
11 0.945000 0.233000 0.042000 0.034000
11 0.871000 0.100000 0.042000 0.036000
11 0.980000 0.266000 0.036000 0.040000
7 0.821000 0.058000 0.070000 0.068000
2 0.649000 0.264000 0.142000 0.160000
2 0.904000 0.089000 0.188000 0.178000
2 0.950000 0.343000 0.096000 0.122000
11 0.989000 0.785000 0.018000 0.046000
2 0.901000 0.501000 0.194000 0.246000
