2 0.342000 0.504000 0.272000 0.380000
2 0.143000 0.179000 0.286000 0.202000
11 0.530000 0.439000 0.032000 0.034000
2 0.452000 0.896000 0.216000 0.204000
11 0.305000 0.145000 0.038000 0.054000
11 0.786000 0.723000 0.028000 0.050000
11 0.357000 0.121000 0.026000 0.042000
3 0.316000 0.047000 0.088000 0.062000
11 0.552000 0.860000 0.024000 0.048000
11 0.472000 0.527000 0.028000 0.046000
11 0.562000 0.907000 0.024000 0.046000
11 0.826000 0.867000 0.032000 0.058000
11 0.646000 0.927000 0.028000 0.050000
11 0.571000 0.953000 0.022000 0.046000
11 0.532000 0.784000 0.028000 0.052000
7 0.336000 0.205000 0.040000 0.054000
11 0.802000 0.772000 0.024000 0.036000
11 0.844000 0.923000 0.024000 0.042000
11 0.582000 0.985000 0.028000 0.026000
2 0.922000 0.855000 0.152000 0.286000
11 0.992000 0.057000 0.012000 0.034000
2 0.204000 0.920000 0.184000 0.156000
11 0.462000 0.485000 0.028000 0.046000
11 0.760000 0.629000 0.024000 0.046000
11 0.497000 0.619000 0.022000 0.038000
2 0.816000 0.226000 0.208000 0.404000
