6 0.510000 0.206000 0.156000 0.100000
11 0.483000 0.283000 0.050000 0.042000
3 0.186000 0.309000 0.044000 0.082000
3 0.216000 0.425000 0.044000 0.102000
2 0.205000 0.035000 0.126000 0.070000
3 0.190000 0.904000 0.052000 0.088000
7 0.205000 0.848000 0.038000 0.060000
11 0.187000 0.685000 0.030000 0.046000
11 0.175000 0.760000 0.034000 0.052000
11 0.106000 0.969000 0.048000 0.034000
11 0.511000 0.511000 0.042000 0.042000
11 0.384000 0.960000 0.032000 0.052000
11 0.450000 0.943000 0.028000 0.054000
11 0.441000 0.813000 0.046000 0.038000
2 0.037000 0.612000 0.074000 0.124000
7 0.051000 0.984000 0.054000 0.028000
11 0.971000 0.451000 0.026000 0.046000
11 0.147000 0.661000 0.034000 0.054000
2 0.024000 0.472000 0.048000 0.136000
2 0.955000 0.360000 0.086000 0.120000
2 0.068000 0.809000 0.136000 0.250000
11 0.904000 0.752000 0.044000 0.032000
11 0.608000 0.714000 0.032000 0.040000
6 0.578870 0.730000 0.065740 0.080000
2 0.380000 0.025000 0.192000 0.050000
6 0.410380 0.759250 0.088760 0.062500
6 0.643000 0.696000 0.070000 0.080000
6 0.724500 0.630000 0.065000 0.080000
6 0.754500 0.605380 0.065000 0.078760
6 0.414880 0.668750 0.153760 0.077500
