2 0.251000 0.297000 0.186000 0.150000
2 0.113000 0.225000 0.106000 0.122000
2 0.449000 0.863000 0.130000 0.134000
2 0.631000 0.102000 0.106000 0.112000
2 0.864000 0.737000 0.176000 0.162000
2 0.427000 0.389000 0.162000 0.146000
2 0.742000 0.151000 0.116000 0.118000
2 0.113000 0.722000 0.118000 0.120000
2 0.594000 0.471000 0.172000 0.206000
2 0.831000 0.918000 0.162000 0.152000
2 0.961000 0.587000 0.074000 0.150000
3 0.777000 0.400000 0.074000 0.064000
11 0.220000 0.126000 0.052000 0.036000
11 0.412000 0.211000 0.048000 0.038000
11 0.293000 0.157000 0.050000 0.042000
11 0.331000 0.941000 0.054000 0.034000
11 0.093000 0.847000 0.050000 0.038000
2 0.046000 0.612000 0.092000 0.136000
11 0.687000 0.657000 0.034000 0.046000
3 0.846000 0.374000 0.056000 0.080000
3 0.741000 0.328000 0.042000 0.080000
7 0.557000 0.964000 0.042000 0.068000
11 0.668000 0.699000 0.032000 0.046000
11 0.464000 0.229000 0.056000 0.042000
11 0.584000 0.901000 0.032000 0.046000
11 0.190000 0.883000 0.052000 0.038000
11 0.242000 0.902000 0.048000 0.036000
11 0.913000 0.418000 0.042000 0.028000
11 0.282000 0.923000 0.040000 0.034000
11 0.144000 0.865000 0.044000 0.038000
2 0.076000 0.973000 0.148000 0.050000
11 0.040000 0.823000 0.048000 0.030000
11 0.869000 0.400000 0.038000 0.032000
11 0.985000 0.452000 0.026000 0.040000
2 0.242000 0.776000 0.144000 0.120000
3 0.819000 0.301000 0.066000 0.058000
2 0.492000 0.020000 0.152000 0.040000
11 0.014000 0.037000 0.028000 0.034000
2 0.013000 0.160000 0.026000 0.136000
11 0.982000 0.142000 0.032000 0.032000
11 0.008000 0.804000 0.016000 0.036000
2 0.324000 0.014000 0.136000 0.028000
2 0.961000 0.242000 0.074000 0.112000
11 0.378000 0.960000 0.040000 0.032000
