11 0.698000 0.881000 0.056000 0.042000
11 0.672000 0.939000 0.052000 0.046000
11 0.814000 0.965000 0.048000 0.042000
11 0.028000 0.656000 0.052000 0.036000
11 0.879000 0.957000 0.054000 0.038000
3 0.452000 0.934000 0.080000 0.120000
11 0.557000 0.886000 0.050000 0.040000
3 0.492000 0.739000 0.124000 0.074000
2 0.729000 0.079000 0.530000 0.158000
11 0.609000 0.909000 0.050000 0.042000
3 0.541000 0.837000 0.074000 0.094000
11 0.516000 0.959000 0.060000 0.042000
2 0.085000 0.074000 0.170000 0.148000
2 0.313000 0.385000 0.214000 0.310000
2 0.522000 0.394000 0.196000 0.264000
6 0.786310 0.916920 0.104620 0.073840
2 0.080770 0.279080 0.161540 0.206160
2 0.914620 0.217690 0.169240 0.175380
2 0.646000 0.345540 0.180000 0.183080
3 0.370180 0.666550 0.084360 0.069100
