2 0.788000 0.708000 0.420000 0.580000
3 0.138000 0.219000 0.184000 0.094000
3 0.395000 0.562000 0.218000 0.088000
11 0.529000 0.916000 0.034000 0.056000
11 0.059000 0.365000 0.038000 0.046000
11 0.442000 0.779000 0.036000 0.050000
11 0.259000 0.348000 0.042000 0.040000
11 0.302000 0.331000 0.056000 0.034000
3 0.610000 0.330000 0.072000 0.144000
11 0.337000 0.270000 0.050000 0.032000
11 0.301000 0.468000 0.054000 0.036000
11 0.464000 0.075000 0.032000 0.058000
11 0.529000 0.101000 0.034000 0.054000
11 0.500000 0.826000 0.036000 0.060000
11 0.431000 0.240000 0.030000 0.044000
11 0.448000 0.626000 0.032000 0.052000
11 0.465000 0.701000 0.034000 0.050000
11 0.374000 0.325000 0.060000 0.038000
3 0.419000 0.027000 0.178000 0.054000
11 0.370000 0.391000 0.048000 0.030000
2 0.788000 0.150000 0.412000 0.300000
2 0.174000 0.731000 0.344000 0.362000
7 0.242000 0.289000 0.068000 0.070000
11 0.371000 0.359000 0.054000 0.030000
11 0.989000 0.975000 0.018000 0.046000
7 0.376750 0.879500 0.037500 0.055000
