2 0.237000 0.703000 0.474000 0.286000
11 0.384000 0.591000 0.028000 0.046000
7 0.429020 0.603360 0.034040 0.054720
7 0.449000 0.610000 0.034000 0.056000
11 0.503100 0.810410 0.046200 0.032820
11 0.511000 0.779000 0.058000 0.042000
11 0.614000 0.583000 0.028000 0.046000
11 0.836000 0.051000 0.028000 0.046000
11 0.156000 0.483000 0.032000 0.050000
11 0.636000 0.536000 0.032000 0.048000
11 0.492000 0.633000 0.032000 0.046000
2 0.671780 0.153300 0.211560 0.290600
11 0.758000 0.244000 0.028000 0.044000
11 0.816000 0.180000 0.032000 0.044000
11 0.658000 0.488000 0.032000 0.048000
11 0.814000 0.100000 0.036000 0.052000
11 0.698000 0.387000 0.028000 0.050000
11 0.175370 0.502140 0.026740 0.052280
11 0.197450 0.513530 0.038900 0.051060
11 0.237280 0.528930 0.042560 0.049860
11 0.222410 0.516320 0.032820 0.048640
11 0.258000 0.533000 0.028000 0.042000
11 0.849000 0.244000 0.042000 0.032000
11 0.483000 0.855000 0.050000 0.038000
11 0.116000 0.554000 0.040000 0.028000
11 0.439000 0.948000 0.046000 0.036000
11 0.856000 0.013000 0.028000 0.026000
11 0.450750 0.931020 0.053500 0.034040
11 0.460000 0.900000 0.036000 0.032000
11 0.853000 0.161000 0.034000 0.050000
11 0.536000 0.649000 0.028000 0.042000
11 0.716000 0.336000 0.028000 0.048000
11 0.360000 0.660000 0.036000 0.028000
11 0.422000 0.987000 0.044000 0.022000
11 0.089000 0.456000 0.030000 0.044000
11 0.028000 0.432000 0.028000 0.040000
2 0.561080 0.401410 0.206160 0.306820
11 0.673000 0.436000 0.034000 0.044000
11 0.957000 0.013000 0.046000 0.026000
11 0.300410 0.549280 0.032820 0.042560
11 0.320000 0.559000 0.028000 0.046000
11 0.069000 0.532000 0.042000 0.028000
2 0.899000 0.806000 0.202000 0.320000
11 0.317000 0.640000 0.038000 0.024000
11 0.282410 0.540320 0.032820 0.048640
