2 0.473080 0.627540 0.286160 0.403080
11 0.568000 0.805000 0.028000 0.046000
11 0.628000 0.654000 0.028000 0.040000
7 0.117000 0.915000 0.062000 0.074000
2 0.934000 0.252000 0.128000 0.204000
7 0.711000 0.354000 0.046000 0.072000
3 0.709000 0.257000 0.098000 0.066000
2 0.223850 0.162310 0.447700 0.324620
11 0.037000 0.087000 0.042000 0.034000
2 0.913000 0.865000 0.170000 0.122000
7 0.314000 0.552000 0.044000 0.052000
2 0.792000 0.039000 0.412000 0.078000
11 0.208000 0.967000 0.044000 0.046000
6 0.941000 0.767000 0.070000 0.038000
2 0.549770 0.221920 0.259540 0.435840
11 0.550000 0.008000 0.036000 0.016000
3 0.696000 0.153000 0.080000 0.070000
11 0.573000 0.034000 0.038000 0.044000
11 0.509000 0.992000 0.038000 0.012000
2 0.803000 0.455000 0.246000 0.478000
2 0.348000 0.885000 0.256000 0.230000
2 0.714770 0.827080 0.241540 0.166160
2 0.148460 0.601540 0.296920 0.303080
