11 0.778000 0.372000 0.032000 0.052000
11 0.566000 0.534000 0.032000 0.052000
11 0.461000 0.531000 0.030000 0.046000
11 0.708000 0.365000 0.028000 0.042000
11 0.722000 0.683000 0.028000 0.042000
11 0.828000 0.367000 0.028000 0.046000
11 0.543000 0.985000 0.050000 0.026000
11 0.740000 0.520000 0.028000 0.048000
11 0.428000 0.987000 0.056000 0.022000
11 0.571000 0.689000 0.022000 0.046000
11 0.960000 0.675000 0.024000 0.046000
3 0.409000 0.344000 0.070000 0.032000
11 0.663000 0.373000 0.022000 0.050000
6 0.113000 0.545000 0.046000 0.110000
11 0.037000 0.499000 0.026000 0.046000
11 0.857000 0.974000 0.042000 0.032000
11 0.905000 0.974000 0.042000 0.032000
11 0.603000 0.982000 0.062000 0.032000
11 0.335000 0.181000 0.022000 0.050000
11 0.890000 0.779000 0.032000 0.042000
11 0.703000 0.985000 0.046000 0.026000
11 0.912000 0.675000 0.028000 0.054000
11 0.502000 0.803000 0.020000 0.042000
11 0.045000 0.575000 0.026000 0.050000
11 0.865000 0.675000 0.026000 0.046000
11 0.485000 0.494000 0.022000 0.040000
11 0.894000 0.186000 0.024000 0.044000
11 0.053000 0.874000 0.022000 0.048000
11 0.034000 0.405000 0.028000 0.050000
11 0.923000 0.355000 0.022000 0.046000
11 0.259000 0.045000 0.026000 0.050000
11 0.055000 0.082000 0.030000 0.052000
11 0.047000 0.829000 0.026000 0.042000
11 0.037000 0.455000 0.022000 0.042000
11 0.974000 0.457000 0.032000 0.046000
11 0.888000 0.627000 0.028000 0.050000
11 0.033000 0.361000 0.026000 0.038000
11 0.015000 0.018000 0.026000 0.036000
11 0.284000 0.051000 0.024000 0.046000
11 0.768000 0.683000 0.028000 0.042000
11 0.023000 0.171000 0.022000 0.042000
11 0.030000 0.316000 0.024000 0.040000
11 0.405000 0.802000 0.026000 0.040000
11 0.027000 0.268000 0.022000 0.048000
11 0.309000 0.989000 0.046000 0.018000
11 0.026000 0.216000 0.020000 0.044000
11 0.972000 0.352000 0.028000 0.044000
7 0.085000 0.024000 0.030000 0.048000
11 0.021000 0.118000 0.026000 0.044000
11 0.048000 0.679000 0.024000 0.046000
11 0.694000 0.636000 0.036000 0.052000
11 0.991000 0.511000 0.014000 0.042000
11 0.019000 0.067000 0.026000 0.050000
11 0.876000 0.358000 0.024000 0.044000
11 0.770000 0.639000 0.024000 0.046000
11 0.899000 0.356000 0.022000 0.044000
11 0.756000 0.308000 0.032000 0.048000
11 0.494000 0.641000 0.028000 0.042000
11 0.060000 0.976000 0.020000 0.044000
11 0.921000 0.779000 0.018000 0.042000
11 0.860000 0.629000 0.028000 0.046000
11 0.723000 0.635000 0.022000 0.042000
11 0.684000 0.790000 0.020000 0.036000
11 0.779000 0.786000 0.022000 0.036000
11 0.489000 0.534000 0.022000 0.040000
11 0.747000 0.637000 0.022000 0.046000
11 0.987000 0.775000 0.022000 0.042000
11 0.385000 0.164000 0.026000 0.048000
11 0.258000 0.180000 0.024000 0.044000
11 0.710000 0.791000 0.024000 0.038000
11 0.958000 0.624000 0.028000 0.048000
11 0.694000 0.685000 0.028000 0.046000
11 0.793000 0.637000 0.022000 0.046000
11 0.731000 0.793000 0.018000 0.034000
11 0.050000 0.721000 0.028000 0.046000
11 0.089000 0.056000 0.030000 0.028000
2 0.904000 0.848000 0.188000 0.080000
2 0.517000 0.854000 0.602000 0.088000
11 0.942000 0.779000 0.024000 0.042000
7 0.992000 0.304000 0.012000 0.056000
11 0.058000 0.923000 0.024000 0.050000
7 0.818000 0.658000 0.036000 0.088000
11 0.992000 0.621000 0.012000 0.042000
11 0.133000 0.992000 0.038000 0.012000
11 0.756000 0.789000 0.024000 0.042000
11 0.556000 0.379000 0.024000 0.050000
2 0.012000 0.834000 0.024000 0.088000
