6 0.955000 0.048000 0.086000 0.096000
7 0.438000 0.297000 0.040000 0.042000
11 0.499000 0.138000 0.038000 0.052000
7 0.470790 0.312360 0.037580 0.064720
7 0.550000 0.312000 0.044000 0.076000
7 0.355000 0.299000 0.038000 0.034000
11 0.018000 0.118000 0.032000 0.044000
6 0.278110 0.372670 0.052220 0.113340
11 0.085000 0.130000 0.030000 0.052000
7 0.715000 0.081260 0.042000 0.070520
7 0.051000 0.112000 0.038000 0.060000
7 0.398000 0.308000 0.044000 0.052000
6 0.348550 0.370220 0.065100 0.104440
7 0.266000 0.062000 0.040000 0.068000
7 0.145000 0.385000 0.038000 0.070000
7 0.586320 0.319700 0.048640 0.091400
7 0.617000 0.311000 0.034000 0.070000
11 0.496000 0.287000 0.032000 0.026000
11 0.516000 0.020000 0.032000 0.040000
7 0.316540 0.077390 0.057080 0.086780
7 0.054450 0.319840 0.044900 0.063680
