2 0.304000 0.253000 0.320000 0.478000
2 0.728000 0.129000 0.328000 0.258000
2 0.331000 0.807000 0.154000 0.170000
2 0.846000 0.479440 0.308000 0.438880
7 0.943000 0.217000 0.046000 0.074000
2 0.616000 0.804000 0.592000 0.388000
11 0.989000 0.300000 0.018000 0.048000
11 0.674000 0.911000 0.028000 0.038000
2 0.061000 0.896000 0.122000 0.204000
2 0.023000 0.220000 0.046000 0.232000
2 0.026000 0.565000 0.052000 0.138000
2 0.434730 0.615080 0.229460 0.398160
2 0.164270 0.594600 0.276540 0.293200
2 0.065110 0.397670 0.130220 0.147340
2 0.223100 0.899830 0.234200 0.199660
