2 0.315630 0.179000 0.303260 0.358000
2 0.871000 0.165000 0.254000 0.330000
2 0.889000 0.465880 0.222000 0.235760
2 0.635000 0.941000 0.154000 0.114000
2 0.221870 0.853130 0.443740 0.290260
2 0.811000 0.761000 0.374000 0.458000
2 0.354880 0.507870 0.297760 0.375740
11 0.614000 0.501000 0.028000 0.050000
11 0.650000 0.135000 0.032000 0.054000
11 0.650000 0.467000 0.032000 0.050000
11 0.608000 0.395000 0.032000 0.050000
7 0.540000 0.962000 0.036000 0.064000
11 0.526000 0.779000 0.028000 0.042000
7 0.672000 0.044000 0.032000 0.060000
11 0.774000 0.496000 0.040000 0.032000
7 0.620000 0.237000 0.036000 0.070000
11 0.576000 0.545000 0.024000 0.046000
11 0.697880 0.246130 0.023760 0.056260
11 0.705000 0.192000 0.030000 0.052000
11 0.976000 0.640000 0.036000 0.032000
11 0.730000 0.092000 0.028000 0.044000
11 0.500000 0.895000 0.024000 0.050000
3 0.661000 0.296000 0.102000 0.044000
11 0.717000 0.142000 0.026000 0.056000
11 0.740000 0.049000 0.028000 0.050000
11 0.488000 0.950000 0.024000 0.052000
3 0.687000 0.406000 0.050000 0.104000
11 0.566000 0.832000 0.024000 0.048000
11 0.566000 0.591000 0.024000 0.038000
11 0.576000 0.777000 0.024000 0.046000
11 0.503000 0.989000 0.030000 0.018000
11 0.745000 0.411000 0.038000 0.038000
11 0.749000 0.008000 0.026000 0.016000
7 0.677000 0.006000 0.034000 0.012000
11 0.962000 0.569000 0.048000 0.038000
11 0.992000 0.603000 0.012000 0.042000
11 0.610380 0.650130 0.028760 0.056260
