2 0.689000 0.814000 0.122000 0.100000
2 0.052000 0.235000 0.104000 0.114000
2 0.899000 0.721000 0.106000 0.130000
2 0.692000 0.916000 0.116000 0.100000
2 0.705000 0.555000 0.106000 0.094000
2 0.461000 0.219000 0.114000 0.170000
3 0.727000 0.038000 0.046000 0.072000
2 0.589000 0.340000 0.134000 0.108000
11 0.243000 0.134000 0.050000 0.032000
2 0.572390 0.200380 0.136780 0.192760
11 0.551000 0.068000 0.046000 0.028000
11 0.791000 0.231000 0.018000 0.046000
11 0.760000 0.805000 0.024000 0.046000
11 0.763000 0.975000 0.026000 0.046000
11 0.758000 0.086000 0.028000 0.044000
2 0.893000 0.987000 0.094000 0.022000
2 0.971000 0.210000 0.054000 0.104000
2 0.518000 0.552000 0.168000 0.328000
11 0.395000 0.978000 0.022000 0.040000
2 0.718000 0.293000 0.088000 0.194000
2 0.879000 0.830000 0.066000 0.088000
2 0.359000 0.213000 0.106000 0.142000
2 0.870000 0.418000 0.112000 0.128000
2 0.976000 0.811000 0.044000 0.078000
2 0.879000 0.922000 0.066000 0.096000
3 0.786000 0.008000 0.084000 0.016000
2 0.126000 0.008000 0.140000 0.016000
2 0.987000 0.439000 0.022000 0.122000
2 0.679000 0.430000 0.102000 0.092000
2 0.339470 0.588340 0.182940 0.228680
2 0.690200 0.149950 0.132400 0.091900
2 0.852740 0.286400 0.065480 0.128800
2 0.853640 0.164760 0.063280 0.109520
