2 0.532000 0.659000 0.284000 0.198000
2 0.871680 0.798000 0.251360 0.236000
7 0.784000 0.273000 0.060000 0.054000
11 0.675000 0.904000 0.038000 0.044000
11 0.566000 0.950000 0.052000 0.040000
3 0.746000 0.117000 0.096000 0.078000
11 0.888000 0.160000 0.048000 0.040000
3 0.496000 0.885000 0.060000 0.098000
2 0.201000 0.493000 0.366000 0.298000
2 0.876000 0.377000 0.200000 0.206000
3 0.700000 0.959000 0.052000 0.078000
11 0.446000 0.865000 0.060000 0.046000
3 0.708000 0.369000 0.092000 0.074000
7 0.103000 0.693000 0.078000 0.046000
2 0.540000 0.233000 0.272000 0.398000
7 0.071000 0.737000 0.074000 0.050000
2 0.246000 0.890000 0.492000 0.216000
2 0.862240 0.581440 0.196480 0.210880
