2 0.936000 0.376000 0.124000 0.304000
11 0.250000 0.433000 0.044000 0.038000
11 0.309000 0.478000 0.046000 0.036000
11 0.109000 0.332000 0.038000 0.032000
11 0.153000 0.363000 0.050000 0.042000
2 0.842000 0.126000 0.260000 0.252000
11 0.074000 0.308000 0.036000 0.032000
3 0.537000 0.862000 0.046000 0.080000
11 0.495000 0.650000 0.034000 0.060000
2 0.733000 0.436000 0.238000 0.384000
2 0.959000 0.763000 0.078000 0.270000
11 0.902000 0.952000 0.048000 0.028000
7 0.025000 0.269000 0.050000 0.046000
11 0.864000 0.350000 0.028000 0.040000
2 0.245000 0.929000 0.130000 0.138000
2 0.837000 0.975000 0.314000 0.046000
2 0.282000 0.253000 0.528000 0.502000
11 0.025000 0.017000 0.034000 0.034000
2 0.300000 0.705000 0.184000 0.386000
