11 0.510000 0.104000 0.032000 0.044000
2 0.293370 0.891540 0.286740 0.215080
11 0.180000 0.786000 0.032000 0.044000
2 0.093000 0.122000 0.186000 0.244000
2 0.490000 0.491000 0.232000 0.258000
2 0.397000 0.097000 0.258000 0.194000
2 0.112000 0.414000 0.224000 0.236000
11 0.368000 0.402000 0.040000 0.060000
7 0.344000 0.465000 0.036000 0.054000
11 0.566000 0.010000 0.024000 0.020000
11 0.888000 0.018000 0.020000 0.028000
2 0.955000 0.197000 0.086000 0.394000
2 0.685000 0.210000 0.470000 0.412000
3 0.051000 0.976000 0.078000 0.044000
2 0.802000 0.899000 0.376000 0.198000
2 0.520000 0.818000 0.228000 0.196000
2 0.370120 0.690730 0.268240 0.281460
2 0.869000 0.733000 0.262000 0.154000
2 0.912000 0.571000 0.176000 0.194000
2 0.754480 0.476570 0.188960 0.169140
2 0.064750 0.827660 0.129500 0.223320
2 0.295770 0.244890 0.199540 0.245780
