2 0.835000 0.695000 0.098000 0.106000
2 0.930000 0.497000 0.112000 0.098000
2 0.582000 0.695000 0.084000 0.126000
2 0.063000 0.708000 0.126000 0.120000
2 0.367000 0.901000 0.430000 0.194000
2 0.411000 0.671000 0.134000 0.102000
11 0.749000 0.616000 0.038000 0.032000
11 0.044000 0.564000 0.040000 0.028000
11 0.505000 0.572000 0.046000 0.028000
11 0.242000 0.576000 0.052000 0.032000
11 0.190000 0.576000 0.052000 0.032000
7 0.331000 0.586000 0.058000 0.028000
11 0.393000 0.588000 0.046000 0.028000
11 0.009000 0.560000 0.018000 0.028000
3 0.969000 0.607000 0.042000 0.098000
2 0.657000 0.696000 0.074000 0.108000
11 0.657000 0.608000 0.046000 0.024000
11 0.606000 0.608000 0.056000 0.032000
7 0.614000 0.884000 0.028000 0.056000
2 0.966000 0.961000 0.064000 0.074000
11 0.456000 0.596000 0.052000 0.036000
2 0.929000 0.807000 0.130000 0.098000
2 0.453000 0.056000 0.906000 0.112000
2 0.823000 0.907000 0.094000 0.130000
2 0.796000 0.800000 0.092000 0.084000
11 0.703000 0.610000 0.046000 0.028000
2 0.830000 0.991000 0.136000 0.014000
11 0.642000 0.890000 0.028000 0.068000
2 0.238000 0.344000 0.476000 0.488000
