11 0.125000 0.941000 0.034000 0.034000
11 0.054000 0.931000 0.040000 0.042000
11 0.289000 0.769000 0.034000 0.042000
3 0.841000 0.338000 0.110000 0.124000
11 0.536000 0.446000 0.028000 0.032000
11 0.220000 0.844000 0.036000 0.040000
11 0.572000 0.411000 0.028000 0.034000
11 0.608000 0.376000 0.032000 0.032000
2 0.111000 0.070000 0.222000 0.140000
11 0.454000 0.052000 0.040000 0.036000
11 0.437000 0.016000 0.038000 0.032000
11 0.133000 0.851000 0.038000 0.038000
11 0.025000 0.516000 0.034000 0.032000
11 0.017000 0.967000 0.034000 0.038000
11 0.129000 0.676000 0.030000 0.028000
3 0.209000 0.724000 0.074000 0.088000
3 0.943000 0.435000 0.082000 0.094000
11 0.056000 0.546000 0.036000 0.028000
11 0.608000 0.020000 0.040000 0.036000
11 0.500000 0.482000 0.036000 0.036000
2 0.272000 0.890000 0.388000 0.216000
2 0.749000 0.671000 0.498000 0.506000
2 0.291000 0.377000 0.574000 0.570000
2 0.700000 0.018000 0.216000 0.036000
11 0.097000 0.575000 0.030000 0.034000
11 0.197000 0.656000 0.038000 0.036000
