2 0.223000 0.304000 0.098000 0.088000
2 0.146000 0.111000 0.164000 0.166000
2 0.714000 0.584000 0.188000 0.496000
2 0.268000 0.515000 0.388000 0.254000
2 0.626000 0.035000 0.136000 0.070000
11 0.499000 0.610000 0.046000 0.036000
11 0.370000 0.744000 0.044000 0.036000
2 0.094000 0.904000 0.188000 0.188000
2 0.035000 0.190000 0.070000 0.096000
11 0.615000 0.751000 0.038000 0.034000
11 0.284000 0.782000 0.044000 0.036000
11 0.401000 0.321000 0.034000 0.042000
2 0.419000 0.922000 0.262000 0.152000
11 0.487000 0.809000 0.042000 0.038000
11 0.401000 0.795000 0.046000 0.038000
