2 0.307000 0.364000 0.154000 0.160000
2 0.742000 0.302000 0.228000 0.292000
2 0.682000 0.823000 0.116000 0.110000
2 0.813000 0.918000 0.158000 0.160000
3 0.911000 0.534000 0.074000 0.152000
2 0.583000 0.061000 0.222000 0.122000
2 0.045000 0.289000 0.090000 0.306000
3 0.968000 0.410000 0.060000 0.080000
2 0.511000 0.351000 0.274000 0.214000
2 0.310000 0.902000 0.108000 0.156000
2 0.293000 0.103000 0.174000 0.126000
2 0.242000 0.749000 0.480000 0.278000
2 0.207000 0.013000 0.098000 0.026000
2 0.975000 0.109000 0.046000 0.218000
2 0.195000 0.941000 0.154000 0.114000
2 0.770970 0.734800 0.137940 0.173600
2 0.909660 0.716540 0.139320 0.117080
2 0.649910 0.702910 0.119820 0.133820
2 0.551600 0.742850 0.143200 0.213700
