2 0.357000 0.738000 0.338000 0.152000
7 0.175000 0.607000 0.062000 0.042000
7 0.174000 0.273000 0.052000 0.058000
2 0.957000 0.693000 0.082000 0.230000
7 0.626000 0.284000 0.032000 0.064000
7 0.107000 0.570000 0.066000 0.032000
7 0.121000 0.279000 0.058000 0.046000
11 0.344000 0.114000 0.040000 0.044000
7 0.782000 0.931000 0.036000 0.078000
2 0.929000 0.941000 0.138000 0.114000
7 0.317850 0.574460 0.027700 0.076920
11 0.348000 0.578000 0.024000 0.048000
11 0.599000 0.665000 0.022000 0.046000
11 0.438000 0.037000 0.040000 0.038000
7 0.590000 0.777000 0.032000 0.066000
7 0.425000 0.589000 0.026000 0.062000
7 0.454000 0.122000 0.044000 0.052000
11 0.241000 0.333000 0.038000 0.026000
11 0.306000 0.145000 0.040000 0.034000
11 0.569000 0.183000 0.046000 0.026000
7 0.154000 0.355000 0.036000 0.050000
11 0.477000 0.596000 0.022000 0.036000
11 0.102000 0.603000 0.040000 0.022000
11 0.608000 0.545000 0.032000 0.066000
7 0.213000 0.804000 0.066000 0.028000
7 0.291310 0.573000 0.030620 0.066000
7 0.031000 0.454000 0.054000 0.064000
7 0.395000 0.074000 0.046000 0.044000
11 0.119000 0.431000 0.046000 0.026000
11 0.416000 0.145000 0.036000 0.054000
2 0.731660 0.419000 0.195320 0.838000
11 0.182000 0.398000 0.020000 0.044000
11 0.115000 0.486000 0.050000 0.028000
2 0.068000 0.189000 0.136000 0.314000
11 0.255000 0.176000 0.050000 0.048000
7 0.500000 0.014000 0.064000 0.028000
7 0.576000 0.125000 0.060000 0.034000
7 0.172000 0.680000 0.032000 0.064000
7 0.215000 0.511000 0.058000 0.030000
11 0.550000 0.372000 0.056000 0.032000
11 0.689000 0.846000 0.054000 0.028000
11 0.640000 0.186000 0.024000 0.056000
11 0.559000 0.283000 0.038000 0.026000
11 0.065000 0.783000 0.050000 0.022000
7 0.106000 0.536000 0.072000 0.036000
7 0.228000 0.392000 0.052000 0.028000
11 0.563000 0.208000 0.046000 0.028000
11 0.581000 0.072000 0.042000 0.028000
11 0.229000 0.302000 0.054000 0.032000
7 0.229690 0.486150 0.075380 0.032300
7 0.226000 0.452000 0.064000 0.032000
2 0.356000 0.072000 0.380000 0.144000
11 0.631000 0.835000 0.042000 0.022000
7 0.229000 0.421000 0.058000 0.030000
2 0.328000 0.950000 0.648000 0.096000
11 0.022000 0.779000 0.032000 0.022000
11 0.052000 0.430000 0.052000 0.060000
2 0.976000 0.356000 0.044000 0.280000
11 0.456000 0.585000 0.024000 0.042000
7 0.117000 0.460000 0.054000 0.028000
11 0.703000 0.985000 0.038000 0.026000
