2 0.255000 0.540000 0.142000 0.120000
2 0.398000 0.586000 0.108000 0.120000
2 0.135000 0.897000 0.270000 0.202000
2 0.619000 0.343000 0.102000 0.114000
2 0.156000 0.100000 0.312000 0.200000
11 0.032000 0.378000 0.040000 0.048000
7 0.193000 0.328000 0.062000 0.044000
11 0.580000 0.555000 0.040000 0.038000
11 0.531000 0.529000 0.054000 0.042000
11 0.749000 0.495000 0.046000 0.034000
11 0.253000 0.439000 0.046000 0.038000
11 0.096000 0.299000 0.052000 0.034000
11 0.441000 0.495000 0.046000 0.034000
7 0.343000 0.370000 0.062000 0.044000
11 0.705000 0.115000 0.050000 0.030000
11 0.323000 0.462000 0.046000 0.032000
11 0.827000 0.070000 0.046000 0.032000
11 0.795000 0.509000 0.046000 0.034000
11 0.049000 0.282000 0.042000 0.032000
11 0.691000 0.183000 0.042000 0.034000
2 0.101000 0.464000 0.126000 0.096000
11 0.143000 0.314000 0.042000 0.032000
11 0.308000 0.201000 0.024000 0.046000
11 0.665000 0.051000 0.038000 0.034000
11 0.712000 0.064000 0.048000 0.036000
11 0.381000 0.319000 0.026000 0.046000
11 0.695000 0.285000 0.050000 0.030000
11 0.409000 0.226000 0.022000 0.048000
11 0.759000 0.451000 0.046000 0.034000
11 0.290000 0.353000 0.044000 0.034000
11 0.267000 0.289000 0.030000 0.046000
11 0.879000 0.030000 0.046000 0.032000
11 0.102000 0.583000 0.040000 0.038000
11 0.841000 0.290000 0.046000 0.032000
11 0.865000 0.105000 0.046000 0.026000
11 0.080000 0.223000 0.032000 0.054000
11 0.681000 0.362000 0.042000 0.028000
11 0.791000 0.285000 0.054000 0.034000
11 0.012000 0.270000 0.024000 0.032000
11 0.819000 0.422000 0.046000 0.032000
11 0.377000 0.217000 0.026000 0.046000
11 0.779000 0.358000 0.050000 0.032000
11 0.801000 0.192000 0.046000 0.028000
11 0.665000 0.083000 0.046000 0.026000
11 0.344000 0.203000 0.028000 0.058000
11 0.827000 0.365000 0.046000 0.030000
11 0.960000 0.075000 0.024000 0.050000
11 0.937000 0.172000 0.050000 0.028000
11 0.196000 0.265000 0.024000 0.050000
11 0.014000 0.693000 0.028000 0.038000
7 0.890000 0.637000 0.060000 0.046000
11 0.853000 0.176000 0.042000 0.024000
11 0.164000 0.412000 0.032000 0.024000
11 0.843000 0.246000 0.042000 0.028000
11 0.389000 0.385000 0.034000 0.030000
2 0.954000 0.366000 0.088000 0.404000
11 0.060000 0.543000 0.044000 0.042000
11 0.833000 0.317000 0.046000 0.026000
11 0.601000 0.444000 0.074000 0.040000
11 0.770000 0.403000 0.052000 0.034000
11 0.869000 0.080000 0.046000 0.024000
