2 0.851000 0.779000 0.294000 0.438000
2 0.441000 0.208000 0.274000 0.312000
11 0.816000 0.279000 0.040000 0.046000
11 0.180000 0.529000 0.032000 0.042000
11 0.668000 0.067000 0.032000 0.038000
3 0.961000 0.575000 0.074000 0.078000
11 0.281000 0.252000 0.046000 0.044000
11 0.682000 0.756000 0.044000 0.040000
11 0.737000 0.169000 0.042000 0.050000
11 0.309000 0.289000 0.042000 0.034000
2 0.312000 0.641000 0.560000 0.446000
11 0.268000 0.481000 0.036000 0.038000
11 0.652000 0.714000 0.048000 0.040000
11 0.789000 0.923000 0.050000 0.042000
11 0.226000 0.172000 0.040000 0.040000
11 0.723000 0.817000 0.050000 0.042000
11 0.512000 0.013000 0.032000 0.026000
11 0.115000 0.585000 0.038000 0.050000
11 0.546000 0.054000 0.028000 0.028000
11 0.821000 0.980000 0.034000 0.036000
11 0.635000 0.027000 0.042000 0.046000
11 0.576000 0.089000 0.032000 0.038000
2 0.954000 0.018000 0.088000 0.036000
