2 0.730000 0.709000 0.168000 0.134000
2 0.214000 0.287000 0.104000 0.174000
2 0.197000 0.950000 0.170000 0.096000
2 0.075000 0.382000 0.122000 0.076000
2 0.374000 0.712000 0.096000 0.140000
2 0.057000 0.957000 0.114000 0.082000
2 0.433000 0.478000 0.118000 0.060000
2 0.321000 0.024000 0.074000 0.048000
11 0.081000 0.886000 0.046000 0.024000
2 0.131000 0.753000 0.262000 0.130000
11 0.587000 0.848000 0.046000 0.032000
11 0.700000 0.792000 0.052000 0.032000
11 0.176000 0.876000 0.052000 0.032000
2 0.906000 0.701000 0.184000 0.190000
11 0.535000 0.854000 0.046000 0.024000
11 0.738000 0.846000 0.052000 0.036000
2 0.413000 0.113000 0.070000 0.114000
11 0.645000 0.846000 0.042000 0.028000
3 0.804000 0.812000 0.036000 0.080000
2 0.927000 0.940000 0.086000 0.116000
2 0.009000 0.575000 0.018000 0.078000
2 0.805000 0.499000 0.110000 0.082000
2 0.225000 0.552000 0.058000 0.096000
2 0.142000 0.555000 0.084000 0.118000
11 0.689000 0.844000 0.038000 0.024000
2 0.957000 0.037000 0.082000 0.074000
