2 0.172000 0.316000 0.136000 0.240000
2 0.658000 0.046000 0.144000 0.092000
2 0.531330 0.837000 0.546660 0.194000
2 0.194000 0.702000 0.144000 0.260000
2 0.488000 0.043000 0.140000 0.086000
3 0.897000 0.157000 0.054000 0.086000
2 0.048000 0.693000 0.096000 0.250000
11 0.698000 0.172000 0.036000 0.028000
3 0.959000 0.082000 0.078000 0.052000
11 0.074000 0.160000 0.036000 0.024000
11 0.789000 0.173000 0.042000 0.030000
11 0.280000 0.168000 0.044000 0.032000
11 0.485000 0.172000 0.046000 0.028000
11 0.959000 0.327000 0.022000 0.046000
11 0.962000 0.382000 0.020000 0.044000
2 0.316000 0.043000 0.140000 0.086000
11 0.326000 0.170000 0.044000 0.028000
11 0.969000 0.555000 0.022000 0.038000
11 0.974000 0.661000 0.024000 0.038000
11 0.967000 0.509000 0.026000 0.046000
11 0.955000 0.276000 0.022000 0.044000
3 0.966000 0.227000 0.064000 0.050000
11 0.649000 0.175000 0.042000 0.022000
11 0.969000 0.615000 0.022000 0.046000
11 0.983000 0.853000 0.022000 0.042000
11 0.980000 0.799000 0.020000 0.046000
11 0.439000 0.170000 0.038000 0.028000
11 0.987000 0.969000 0.022000 0.042000
7 0.948000 0.028000 0.028000 0.056000
2 0.835000 0.050000 0.126000 0.100000
2 0.070000 0.917000 0.140000 0.162000
11 0.985000 0.914000 0.026000 0.052000
11 0.964000 0.455000 0.024000 0.046000
2 0.157000 0.039000 0.186000 0.078000
8 0.591330 0.394000 0.234660 0.228000
2 0.223330 0.913330 0.122660 0.126660
2 0.860670 0.886000 0.109340 0.228000
