11 0.184000 0.830000 0.044000 0.040000
11 0.207000 0.874000 0.046000 0.036000
11 0.253000 0.953000 0.042000 0.038000
11 0.128000 0.730000 0.040000 0.036000
11 0.051000 0.612000 0.046000 0.040000
11 0.809000 0.925000 0.046000 0.030000
11 0.340000 0.764000 0.048000 0.028000
11 0.815000 0.880000 0.042000 0.032000
11 0.941000 0.955000 0.042000 0.034000
11 0.369000 0.046000 0.038000 0.028000
11 0.339000 0.791000 0.046000 0.026000
11 0.342000 0.721000 0.044000 0.026000
11 0.030000 0.569000 0.044000 0.038000
11 0.014000 0.527000 0.028000 0.038000
2 0.023000 0.855000 0.046000 0.286000
11 0.084000 0.651000 0.056000 0.046000
2 0.545000 0.666000 0.194000 0.184000
2 0.612280 0.873670 0.212560 0.251340
2 0.299950 0.499720 0.211900 0.175440
2 0.226170 0.262240 0.220340 0.340480
2 0.491440 0.064520 0.170880 0.129040
2 0.779140 0.135650 0.438280 0.147300
