11 0.443000 0.643000 0.058000 0.046000
11 0.319000 0.569000 0.054000 0.046000
11 0.514000 0.768000 0.044000 0.036000
11 0.331000 0.661000 0.038000 0.038000
11 0.573000 0.724000 0.046000 0.040000
3 0.810000 0.849000 0.064000 0.078000
3 0.881000 0.740000 0.170000 0.084000
2 0.554000 0.890000 0.272000 0.216000
2 0.094000 0.640000 0.188000 0.208000
2 0.164000 0.301000 0.328000 0.350000
11 0.488000 0.670000 0.040000 0.036000
2 0.363000 0.788000 0.146000 0.180000
2 0.938000 0.050000 0.120000 0.100000
3 0.722000 0.855000 0.056000 0.082000
3 0.731000 0.976000 0.066000 0.044000
11 0.800000 0.985000 0.036000 0.026000
11 0.378000 0.607000 0.056000 0.042000
2 0.028000 0.894000 0.056000 0.208000
2 0.620000 0.628000 0.316000 0.332000
