2 0.251000 0.205000 0.158000 0.154000
2 0.269000 0.499000 0.150000 0.150000
2 0.900000 0.505000 0.144000 0.134000
2 0.659000 0.215000 0.310000 0.346000
2 0.927000 0.825000 0.142000 0.338000
2 0.700000 0.452000 0.124000 0.096000
11 0.390000 0.520000 0.036000 0.032000
11 0.858000 0.059000 0.040000 0.046000
11 0.723000 0.906000 0.042000 0.036000
11 0.693000 0.855000 0.046000 0.038000
2 0.162000 0.056000 0.088000 0.088000
2 0.607000 0.540000 0.126000 0.132000
11 0.577000 0.753000 0.038000 0.046000
3 0.867000 0.266000 0.062000 0.088000
11 0.421000 0.911000 0.042000 0.038000
11 0.617000 0.386000 0.042000 0.036000
11 0.376480 0.855820 0.040960 0.039640
11 0.391000 0.867000 0.042000 0.034000
2 0.488620 0.598640 0.157240 0.153280
2 0.381270 0.432640 0.162540 0.153280
11 0.433000 0.495000 0.034000 0.034000
11 0.645000 0.978000 0.034000 0.032000
11 0.601000 0.904000 0.038000 0.032000
11 0.358000 0.962000 0.032000 0.048000
11 0.562000 0.879000 0.032000 0.038000
2 0.076000 0.183000 0.120000 0.066000
11 0.327000 0.760000 0.034000 0.032000
11 0.687000 0.801000 0.034000 0.046000
11 0.880000 0.964000 0.032000 0.032000
2 0.425000 0.241000 0.114000 0.110000
7 0.248000 0.605000 0.048000 0.046000
2 0.067000 0.626000 0.082000 0.096000
11 0.383000 0.991000 0.030000 0.014000
2 0.140000 0.917000 0.280000 0.162000
3 0.893000 0.167000 0.102000 0.066000
3 0.961000 0.286000 0.074000 0.068000
2 0.026000 0.415000 0.052000 0.150000
2 0.384000 0.672000 0.156000 0.144000
11 0.992000 0.448000 0.012000 0.040000
11 0.702000 0.333000 0.036000 0.034000
11 0.369110 0.825160 0.050220 0.038320
11 0.355820 0.805140 0.039640 0.042280
2 0.473620 0.366750 0.151240 0.157500
2 0.133880 0.594250 0.103760 0.112500
2 0.853630 0.404250 0.151260 0.152500
