2 0.848800 0.136620 0.297600 0.261240
11 0.911000 0.744000 0.038000 0.036000
11 0.879000 0.235000 0.046000 0.038000
2 0.238000 0.867000 0.468000 0.262000
7 0.920000 0.208000 0.048000 0.044000
7 0.830000 0.369000 0.040000 0.050000
7 0.451000 0.552000 0.054000 0.052000
11 0.617000 0.428000 0.042000 0.040000
11 0.518000 0.502000 0.036000 0.032000
11 0.946000 0.275000 0.052000 0.042000
2 0.097000 0.601000 0.194000 0.178000
2 0.137000 0.245000 0.138000 0.190000
11 0.682000 0.382000 0.044000 0.044000
11 0.772000 0.316000 0.048000 0.040000
7 0.948000 0.342000 0.056000 0.044000
11 0.026000 0.812000 0.040000 0.032000
11 0.876000 0.453000 0.024000 0.050000
11 0.959000 0.396000 0.042000 0.044000
3 0.987000 0.155000 0.022000 0.118000
11 0.870000 0.338000 0.028000 0.024000
2 0.480660 0.422200 0.393320 0.368400
2 0.228090 0.630010 0.112180 0.140020
11 0.953670 0.313410 0.047340 0.046820
2 0.685220 0.739370 0.470440 0.518740
2 0.672820 0.260900 0.181640 0.185800
