2 0.244000 0.807000 0.232000 0.198000
2 0.539000 0.772000 0.290000 0.360000
2 0.484000 0.108000 0.280000 0.200000
3 0.463000 0.309000 0.062000 0.050000
2 0.343000 0.437160 0.246000 0.186320
11 0.334000 0.325000 0.048000 0.038000
2 0.959000 0.885000 0.078000 0.126000
11 0.180000 0.392000 0.044000 0.032000
11 0.957000 0.151000 0.038000 0.042000
11 0.427000 0.246000 0.046000 0.032000
2 0.156000 0.217000 0.312000 0.430000
2 0.158000 0.568000 0.308000 0.212000
2 0.705000 0.286000 0.422000 0.288000
3 0.379000 0.288000 0.058000 0.072000
2 0.857000 0.767000 0.282000 0.314000
2 0.732050 0.584750 0.308100 0.321500
2 0.942710 0.411510 0.113420 0.179020
2 0.097430 0.878650 0.194860 0.241300
