2 0.094000 0.861000 0.188000 0.250000
11 0.427000 0.867000 0.046000 0.034000
3 0.744000 0.756000 0.064000 0.116000
11 0.140000 0.612000 0.036000 0.032000
2 0.252000 0.846000 0.156000 0.128000
11 0.189000 0.624000 0.050000 0.036000
11 0.939000 0.893000 0.054000 0.038000
11 0.326000 0.918000 0.040000 0.032000
11 0.416000 0.944000 0.036000 0.028000
11 0.698000 0.696000 0.044000 0.032000
3 0.485000 0.880000 0.038000 0.116000
11 0.769000 0.828000 0.042000 0.036000
11 0.434000 0.638000 0.044000 0.036000
11 0.239000 0.640000 0.042000 0.032000
11 0.603000 0.654000 0.042000 0.032000
11 0.645000 0.672000 0.042000 0.032000
11 0.288000 0.559000 0.052000 0.030000
3 0.581000 0.790000 0.190000 0.092000
3 0.447000 0.682000 0.054000 0.096000
11 0.348000 0.577000 0.064000 0.046000
11 0.817000 0.844000 0.042000 0.032000
2 0.416000 0.968000 0.204000 0.060000
11 0.541000 0.980000 0.026000 0.036000
2 0.685000 0.959000 0.158000 0.078000
11 0.511000 0.813000 0.022000 0.046000
11 0.237000 0.548000 0.038000 0.024000
