11 0.083000 0.737000 0.050000 0.042000
3 0.021000 0.698000 0.042000 0.120000
11 0.740000 0.466000 0.028000 0.044000
11 0.666000 0.620000 0.036000 0.056000
11 0.164000 0.802000 0.032000 0.032000
11 0.844000 0.236000 0.032000 0.040000
11 0.131000 0.776000 0.038000 0.036000
2 0.075000 0.887000 0.150000 0.222000
11 0.824000 0.278000 0.028000 0.044000
11 0.622000 0.788000 0.032000 0.052000
11 0.982000 0.982000 0.032000 0.032000
2 0.157000 0.158000 0.290000 0.316000
2 0.082000 0.527000 0.164000 0.266000
11 0.647000 0.671000 0.030000 0.046000
3 0.368000 0.975000 0.072000 0.046000
3 0.524000 0.987000 0.088000 0.022000
11 0.574000 0.819000 0.028000 0.038000
2 0.245000 0.973000 0.190000 0.050000
2 0.415000 0.431000 0.194000 0.154000
2 0.242000 0.457000 0.168000 0.110000
11 0.992000 0.473000 0.012000 0.042000
2 0.323000 0.668000 0.554000 0.588000
