2 0.127000 0.472000 0.106000 0.108000
2 0.482000 0.374000 0.128000 0.124000
2 0.470000 0.746000 0.096000 0.124000
2 0.216000 0.900000 0.116000 0.088000
2 0.892000 0.948000 0.120000 0.100000
2 0.522000 0.532000 0.112000 0.100000
2 0.300000 0.619000 0.144000 0.102000
11 0.680000 0.550000 0.036000 0.056000
11 0.040000 0.724000 0.028000 0.052000
2 0.183000 0.816000 0.078000 0.096000
11 0.057000 0.782000 0.034000 0.056000
11 0.692000 0.605000 0.032000 0.046000
11 0.722000 0.709000 0.028000 0.042000
2 0.966000 0.691000 0.064000 0.106000
7 0.796000 0.384000 0.056000 0.040000
11 0.712000 0.667000 0.028000 0.042000
2 0.800000 0.512000 0.140000 0.096000
7 0.784000 0.958000 0.040000 0.056000
11 0.071000 0.833000 0.030000 0.046000
11 0.111000 0.971000 0.030000 0.046000
2 0.294000 0.712000 0.048000 0.084000
2 0.513000 0.629000 0.110000 0.138000
2 0.557000 0.823000 0.106000 0.102000
2 0.936000 0.853000 0.124000 0.106000
2 0.487000 0.953000 0.090000 0.074000
2 0.240000 0.149000 0.184000 0.158000
2 0.931000 0.980000 0.134000 0.036000
2 0.596000 0.733000 0.064000 0.070000
11 0.094000 0.930000 0.048000 0.036000
2 0.817000 0.661000 0.162000 0.110000
2 0.360000 0.973000 0.152000 0.050000
11 0.085000 0.879000 0.030000 0.046000
2 0.656000 0.968000 0.120000 0.060000
2 0.208450 0.555040 0.108900 0.134080
2 0.060510 0.074420 0.117020 0.148840
2 0.244700 0.302490 0.093400 0.112980
