2 0.872000 0.851000 0.144000 0.146000
2 0.141000 0.819000 0.134000 0.138000
2 0.100000 0.654000 0.132000 0.144000
2 0.551000 0.554000 0.294000 0.252000
2 0.060000 0.484000 0.116000 0.120000
2 0.314000 0.237000 0.180000 0.130000
2 0.254000 0.052000 0.180000 0.104000
11 0.756000 0.941000 0.032000 0.034000
11 0.347000 0.807000 0.030000 0.050000
2 0.751000 0.050000 0.346000 0.100000
2 0.975000 0.788000 0.046000 0.088000
11 0.256000 0.408000 0.032000 0.048000
11 0.360000 0.859000 0.024000 0.046000
2 0.636000 0.783000 0.172000 0.106000
2 0.027000 0.366000 0.054000 0.132000
2 0.028000 0.220000 0.056000 0.096000
2 0.203000 0.987000 0.118000 0.022000
