7 0.085000 0.984000 0.058000 0.028000
7 0.076120 0.963620 0.060240 0.035240
7 0.146610 0.867730 0.037220 0.055460
7 0.112720 0.896680 0.065440 0.033360
2 0.729000 0.931000 0.226000 0.134000
2 0.856000 0.168000 0.140000 0.144000
2 0.183000 0.589000 0.122000 0.134000
2 0.911000 0.617000 0.110000 0.098000
2 0.712000 0.715000 0.140000 0.134000
2 0.614000 0.520000 0.120000 0.108000
2 0.417000 0.076000 0.110000 0.104000
2 0.345000 0.515000 0.114000 0.106000
2 0.887000 0.410000 0.222000 0.260000
2 0.061000 0.304000 0.122000 0.240000
3 0.603000 0.244000 0.070000 0.056000
11 0.749000 0.073000 0.038000 0.034000
2 0.280000 0.238000 0.100000 0.116000
3 0.561000 0.149000 0.070000 0.062000
11 0.652000 0.387000 0.036000 0.058000
2 0.050000 0.821000 0.100000 0.106000
11 0.898000 0.927000 0.028000 0.042000
11 0.793000 0.691000 0.034000 0.050000
11 0.756000 0.622000 0.040000 0.052000
11 0.878000 0.886000 0.036000 0.052000
11 0.603000 0.290000 0.034000 0.048000
7 0.066000 0.941000 0.060000 0.034000
3 0.627000 0.176000 0.050000 0.068000
11 0.728000 0.566000 0.032000 0.052000
11 0.645000 0.068000 0.034000 0.044000
11 0.834000 0.795000 0.032000 0.046000
2 0.175000 0.306000 0.094000 0.136000
11 0.814000 0.742000 0.036000 0.052000
7 0.705000 0.028000 0.042000 0.048000
2 0.385000 0.971000 0.118000 0.054000
11 0.061000 0.529000 0.042000 0.034000
7 0.058000 0.883000 0.068000 0.038000
11 0.018000 0.555000 0.036000 0.038000
7 0.194000 0.893000 0.028000 0.046000
7 0.121000 0.923000 0.058000 0.042000
7 0.851000 0.077000 0.054000 0.038000
2 0.973000 0.902000 0.050000 0.100000
7 0.169000 0.853000 0.034000 0.042000
11 0.594000 0.033000 0.052000 0.042000
11 0.858000 0.837000 0.032000 0.038000
11 0.057000 0.914000 0.058000 0.032000
11 0.530000 0.032000 0.032000 0.048000
11 0.431000 0.318000 0.034000 0.028000
2 0.078000 0.019000 0.116000 0.038000
11 0.682000 0.040000 0.040000 0.048000
11 0.133000 0.944000 0.050000 0.028000
11 0.271000 0.014000 0.050000 0.028000
11 0.745000 0.012000 0.046000 0.024000
11 0.556000 0.092000 0.032000 0.044000
