2 0.562000 0.851000 0.124000 0.130000
2 0.244000 0.847000 0.112000 0.130000
2 0.444000 0.543000 0.100000 0.114000
2 0.115000 0.902000 0.110000 0.120000
2 0.443000 0.875000 0.090000 0.130000
2 0.256000 0.512000 0.112000 0.120000
2 0.952000 0.626000 0.092000 0.080000
2 0.932000 0.915000 0.060000 0.110000
2 0.987000 0.867000 0.022000 0.114000
2 0.733000 0.195000 0.114000 0.102000
2 0.728000 0.841000 0.116000 0.194000
2 0.275000 0.008000 0.090000 0.016000
2 0.690770 0.537850 0.241540 0.287700
2 0.846310 0.904460 0.104620 0.136920
2 0.100620 0.484000 0.149240 0.120000
2 0.594620 0.308000 0.129240 0.160000
