7 0.315000 0.394000 0.058000 0.048000
7 0.161000 0.318000 0.050000 0.044000
7 0.086000 0.589000 0.072000 0.050000
2 0.874000 0.094000 0.248000 0.188000
11 0.765000 0.566000 0.042000 0.032000
11 0.909000 0.617000 0.042000 0.034000
3 0.088000 0.313000 0.120000 0.114000
11 0.955000 0.624000 0.042000 0.028000
3 0.505000 0.486000 0.106000 0.100000
2 0.932000 0.445000 0.132000 0.350000
11 0.030000 0.205000 0.052000 0.038000
3 0.156000 0.508000 0.200000 0.148000
11 0.860000 0.604000 0.036000 0.024000
2 0.670000 0.375000 0.268000 0.378000
11 0.987000 0.638000 0.022000 0.036000
3 0.424000 0.325000 0.168000 0.106000
2 0.013000 0.075000 0.026000 0.150000
2 0.168000 0.152000 0.288000 0.176000
2 0.370860 0.127790 0.197720 0.207580
2 0.483710 0.044960 0.167420 0.089920
2 0.740640 0.868850 0.405280 0.221700
2 0.289300 0.852060 0.518600 0.120120
