2 0.131000 0.347000 0.262000 0.394000
2 0.045000 0.079000 0.090000 0.158000
2 0.271000 0.090000 0.182000 0.180000
11 0.204000 0.617000 0.040000 0.042000
2 0.638000 0.724000 0.156000 0.144000
2 0.747000 0.507000 0.274000 0.206000
11 0.470000 0.835000 0.044000 0.042000
11 0.419000 0.793000 0.038000 0.042000
11 0.547000 0.973000 0.042000 0.042000
11 0.323000 0.714000 0.042000 0.040000
11 0.278000 0.677000 0.044000 0.042000
11 0.533000 0.094000 0.042000 0.040000
11 0.370000 0.751000 0.040000 0.042000
11 0.579000 0.079000 0.042000 0.042000
11 0.416000 0.871000 0.044000 0.042000
11 0.801000 0.943000 0.046000 0.038000
11 0.168000 0.212000 0.036000 0.052000
11 0.469000 0.074000 0.046000 0.036000
11 0.511000 0.867000 0.042000 0.042000
7 0.285620 0.266490 0.063240 0.056980
11 0.745000 0.965000 0.046000 0.042000
11 0.288000 0.761000 0.044000 0.042000
11 0.633000 0.971000 0.046000 0.046000
11 0.241000 0.723000 0.038000 0.042000
11 0.487000 0.118000 0.050000 0.036000
11 0.146000 0.161000 0.036000 0.050000
11 0.627000 0.053000 0.042000 0.034000
2 0.149000 0.869000 0.250000 0.258000
11 0.337000 0.142000 0.046000 0.040000
2 0.984000 0.570000 0.028000 0.052000
11 0.461000 0.904000 0.038000 0.040000
11 0.860000 0.264000 0.028000 0.036000
11 0.795000 0.133000 0.038000 0.050000
11 0.918000 0.856000 0.040000 0.036000
11 0.594000 0.937000 0.040000 0.042000
11 0.111000 0.084000 0.030000 0.040000
11 0.947000 0.232000 0.046000 0.044000
11 0.818000 0.182000 0.036000 0.048000
3 0.788000 0.032000 0.116000 0.048000
3 0.649000 0.027000 0.042000 0.054000
11 0.157000 0.036000 0.030000 0.048000
11 0.962000 0.514000 0.028000 0.036000
11 0.143000 0.564000 0.030000 0.036000
11 0.842000 0.230000 0.028000 0.040000
2 0.492000 0.048000 0.292000 0.096000
2 0.940000 0.955000 0.116000 0.086000
11 0.075000 0.014000 0.030000 0.028000
11 0.561000 0.027000 0.042000 0.030000
11 0.855000 0.881000 0.038000 0.034000
11 0.287000 0.162000 0.038000 0.036000
2 0.432000 0.622000 0.180000 0.144000
11 0.093000 0.051000 0.030000 0.038000
11 0.687000 0.035000 0.042000 0.038000
11 0.202000 0.139000 0.032000 0.050000
11 0.791000 0.980000 0.038000 0.036000
11 0.516000 0.050000 0.032000 0.028000
11 0.770000 0.073000 0.032000 0.046000
2 0.862000 0.768000 0.272000 0.212000
2 0.622220 0.252420 0.264440 0.220840
2 0.450990 0.332170 0.165980 0.160340
2 0.513520 0.457410 0.135040 0.130820
2 0.699840 0.851100 0.147680 0.170200
2 0.359840 0.454370 0.147680 0.116740
