2 0.263000 0.759000 0.122000 0.130000
2 0.089000 0.936000 0.146000 0.124000
2 0.628000 0.760000 0.120000 0.124000
7 0.304000 0.058000 0.064000 0.048000
2 0.374000 0.465000 0.116000 0.126000
2 0.402000 0.262000 0.096000 0.108000
2 0.246000 0.491000 0.108000 0.118000
2 0.402000 0.599000 0.168000 0.142000
7 0.631850 0.230620 0.063700 0.049240
2 0.835000 0.109000 0.106000 0.098000
2 0.115000 0.809000 0.214000 0.150000
11 0.703000 0.451000 0.038000 0.042000
2 0.698000 0.099000 0.100000 0.102000
2 0.452000 0.948000 0.096000 0.100000
11 0.631000 0.612000 0.034000 0.040000
11 0.689000 0.224000 0.046000 0.044000
2 0.547000 0.039000 0.118000 0.078000
11 0.416000 0.772000 0.036000 0.044000
11 0.472000 0.784000 0.048000 0.052000
11 0.592000 0.580000 0.036000 0.040000
2 0.777000 0.929000 0.174000 0.138000
11 0.566000 0.779000 0.040000 0.042000
11 0.626000 0.543000 0.040000 0.042000
7 0.934000 0.238000 0.048000 0.056000
11 0.456000 0.138000 0.052000 0.040000
11 0.719000 0.273000 0.042000 0.034000
11 0.969000 0.941000 0.050000 0.050000
2 0.175690 0.319460 0.351380 0.534920
11 0.694000 0.543000 0.028000 0.034000
2 0.877690 0.448150 0.215380 0.152300
7 0.885000 0.341000 0.070000 0.050000
2 0.689000 0.356000 0.138000 0.164000
2 0.751000 0.575000 0.098000 0.098000
11 0.975000 0.362000 0.046000 0.036000
2 0.962000 0.519000 0.072000 0.126000
11 0.761000 0.295000 0.042000 0.030000
7 0.219000 0.016000 0.054000 0.032000
2 0.908000 0.613000 0.116000 0.106000
11 0.969000 0.158000 0.034000 0.032000
2 0.964000 0.833000 0.068000 0.110000
11 0.235000 0.967000 0.042000 0.046000
2 0.784000 0.731000 0.136000 0.102000
11 0.912000 0.896750 0.060000 0.057500
11 0.930000 0.876000 0.056000 0.052000
11 0.360000 0.087000 0.048000 0.034000
2 0.624000 0.971000 0.084000 0.054000
2 0.981750 0.296130 0.035500 0.092260
2 0.968000 0.025000 0.060000 0.050000
11 0.406130 0.110000 0.056260 0.040000
11 0.773250 0.267880 0.042500 0.043760
11 0.338630 0.864500 0.041260 0.045000
11 0.296000 0.982000 0.040000 0.036000
