2 0.192000 0.835000 0.312000 0.226000
2 0.943000 0.450000 0.110000 0.172000
2 0.416000 0.959000 0.132000 0.078000
3 0.437000 0.654000 0.042000 0.080000
2 0.112000 0.128000 0.224000 0.256000
3 0.268000 0.557000 0.104000 0.062000
2 0.665000 0.853000 0.130000 0.210000
11 0.317000 0.265000 0.030000 0.050000
11 0.128000 0.636000 0.048000 0.032000
11 0.301000 0.325000 0.030000 0.050000
11 0.888000 0.593000 0.028000 0.042000
3 0.444000 0.025000 0.088000 0.050000
11 0.373000 0.091000 0.034000 0.054000
11 0.978000 0.598000 0.040000 0.032000
2 0.013000 0.784000 0.026000 0.116000
11 0.359000 0.140000 0.030000 0.044000
2 0.897000 0.976000 0.094000 0.044000
2 0.547000 0.426000 0.310000 0.348000
2 0.746000 0.131000 0.504000 0.258000
2 0.059000 0.989000 0.118000 0.018000
2 0.992000 0.872000 0.012000 0.144000
11 0.378000 0.173000 0.028000 0.046000
