2 0.200000 0.109000 0.120000 0.122000
2 0.851000 0.050000 0.102000 0.100000
2 0.076000 0.236000 0.152000 0.128000
11 0.893000 0.798000 0.046000 0.040000
2 0.322000 0.325000 0.200000 0.246000
11 0.800000 0.487000 0.028000 0.050000
11 0.403000 0.245000 0.038000 0.054000
11 0.682000 0.147000 0.032000 0.050000
11 0.694000 0.187000 0.028000 0.042000
11 0.612000 0.650000 0.040000 0.052000
11 0.726000 0.273000 0.036000 0.054000
11 0.346000 0.082000 0.028000 0.036000
11 0.645000 0.039000 0.034000 0.050000
7 0.483000 0.306000 0.042000 0.048000
11 0.056000 0.953000 0.044000 0.038000
11 0.286000 0.060000 0.036000 0.052000
11 0.113000 0.973000 0.054000 0.042000
7 0.523080 0.488730 0.038160 0.049460
11 0.569000 0.465000 0.038000 0.054000
11 0.820000 0.536000 0.032000 0.048000
3 0.851000 0.677000 0.082000 0.050000
11 0.744000 0.209000 0.036000 0.030000
2 0.710000 0.043000 0.096000 0.086000
11 0.552000 0.541000 0.032000 0.046000
11 0.610000 0.519000 0.036000 0.054000
11 0.776000 0.410000 0.028000 0.044000
11 0.165000 0.989000 0.046000 0.018000
2 0.517000 0.887000 0.230000 0.222000
11 0.574000 0.583000 0.028000 0.046000
3 0.509000 0.982000 0.074000 0.032000
11 0.935000 0.985000 0.046000 0.026000
7 0.989000 0.118000 0.018000 0.052000
2 0.888000 0.451000 0.220000 0.270000
2 0.101000 0.021000 0.102000 0.042000
2 0.183000 0.880000 0.270000 0.236000
6 0.674870 0.628770 0.077740 0.121540
6 0.505800 0.406640 0.063600 0.093280
