2 0.430000 0.639000 0.380000 0.294000
2 0.829000 0.924000 0.338000 0.148000
11 0.920000 0.740000 0.048000 0.036000
11 0.823000 0.765000 0.046000 0.034000
11 0.867000 0.751000 0.050000 0.042000
11 0.715000 0.858000 0.050000 0.032000
11 0.520000 0.818000 0.032000 0.036000
11 0.352000 0.074000 0.048000 0.036000
11 0.941000 0.788000 0.042000 0.032000
2 0.608000 0.089000 0.384000 0.178000
11 0.256000 0.365000 0.052000 0.042000
2 0.852950 0.635150 0.185900 0.150300
2 0.178000 0.888000 0.216000 0.220000
2 0.517000 0.337000 0.374000 0.254000
11 0.453000 0.876000 0.046000 0.052000
2 0.924000 0.317030 0.152000 0.146060
2 0.893150 0.476730 0.162300 0.197460
11 0.289670 0.267550 0.047340 0.031100
