2 0.631000 0.158000 0.238000 0.176000
2 0.374000 0.912000 0.116000 0.120000
2 0.735000 0.693000 0.110000 0.122000
2 0.383000 0.658000 0.158000 0.152000
6 0.925000 0.236000 0.122000 0.068000
2 0.589000 0.563000 0.106000 0.102000
2 0.227000 0.731000 0.226000 0.166000
2 0.255000 0.122000 0.098000 0.096000
2 0.943000 0.723000 0.110000 0.106000
11 0.035000 0.578000 0.042000 0.036000
3 0.468000 0.288000 0.088000 0.064000
2 0.895000 0.059000 0.162000 0.118000
3 0.365000 0.424000 0.070000 0.100000
2 0.688000 0.823000 0.176000 0.138000
11 0.186000 0.582000 0.044000 0.036000
11 0.888000 0.191000 0.048000 0.038000
2 0.153000 0.964000 0.122000 0.068000
2 0.223000 0.310000 0.098000 0.128000
2 0.717000 0.514000 0.186000 0.156000
11 0.571000 0.842000 0.034000 0.048000
11 0.304000 0.400000 0.044000 0.032000
11 0.976000 0.291000 0.036000 0.030000
7 0.820000 0.279000 0.060000 0.038000
2 0.080000 0.023000 0.124000 0.046000
2 0.932000 0.585000 0.088000 0.126000
2 0.242000 0.041000 0.152000 0.082000
2 0.082000 0.290000 0.164000 0.312000
11 0.712000 0.017000 0.056000 0.034000
2 0.481000 0.020000 0.158000 0.040000
11 0.014000 0.950000 0.028000 0.052000
2 0.892000 0.438000 0.212000 0.188000
