2 0.791000 0.598000 0.186000 0.208000
3 0.091000 0.093000 0.074000 0.070000
2 0.266150 0.150760 0.272300 0.301520
11 0.186000 0.269000 0.044000 0.038000
3 0.108000 0.173000 0.068000 0.074000
2 0.913000 0.938000 0.170000 0.120000
2 0.515000 0.070000 0.170000 0.140000
2 0.605000 0.857000 0.122000 0.126000
2 0.867850 0.449690 0.167700 0.175380
11 0.932000 0.526000 0.024000 0.036000
11 0.729000 0.661000 0.042000 0.038000
11 0.284000 0.870000 0.032000 0.036000
7 0.638000 0.645000 0.056000 0.050000
11 0.915000 0.813000 0.046000 0.038000
2 0.128000 0.380000 0.244000 0.284000
3 0.028000 0.113000 0.056000 0.070000
11 0.294000 0.291000 0.044000 0.042000
2 0.495000 0.773000 0.182000 0.158000
11 0.777000 0.698000 0.046000 0.036000
3 0.488000 0.478000 0.076000 0.068000
11 0.041000 0.216000 0.030000 0.040000
11 0.982000 0.552000 0.032000 0.040000
2 0.462000 0.344000 0.268000 0.224000
3 0.552000 0.557000 0.052000 0.070000
11 0.955000 0.617000 0.034000 0.050000
11 0.991000 0.503000 0.014000 0.046000
11 0.182000 0.210000 0.036000 0.028000
2 0.869000 0.207000 0.138000 0.130000
2 0.039380 0.037000 0.078760 0.074000
11 0.798000 0.772000 0.052000 0.044000
11 0.689000 0.698000 0.038000 0.036000
11 0.329000 0.325000 0.030000 0.038000
2 0.330460 0.527230 0.196920 0.198460
2 0.399000 0.940000 0.350000 0.116000
2 0.968000 0.667000 0.060000 0.386000
2 0.188770 0.698310 0.261540 0.324620
2 0.676150 0.072310 0.212300 0.144620
2 0.948760 0.113080 0.101520 0.166160
2 0.680240 0.894240 0.116480 0.116480
2 0.752000 0.938000 0.124000 0.124000
