2 0.466000 0.257000 0.156000 0.122000
2 0.132000 0.230000 0.108000 0.116000
2 0.346000 0.936000 0.116000 0.124000
2 0.682000 0.266000 0.108000 0.100000
2 0.346000 0.092000 0.092000 0.084000
2 0.243000 0.829000 0.082000 0.106000
2 0.260000 0.273000 0.128000 0.118000
2 0.221000 0.968000 0.126000 0.060000
2 0.145000 0.891000 0.126000 0.134000
11 0.100000 0.341000 0.060000 0.034000
2 0.032000 0.883000 0.064000 0.130000
2 0.735000 0.807000 0.178000 0.154000
11 0.661000 0.857000 0.026000 0.050000
11 0.564000 0.320000 0.028000 0.048000
2 0.043000 0.222000 0.086000 0.148000
11 0.967000 0.367000 0.026000 0.046000
2 0.522000 0.975000 0.092000 0.046000
2 0.508000 0.865000 0.072000 0.130000
2 0.620000 0.987000 0.120000 0.022000
2 0.955000 0.090000 0.086000 0.176000
2 0.985000 0.285000 0.026000 0.142000
