2 0.840000 0.811000 0.144000 0.162000
2 0.700000 0.325000 0.172000 0.126000
2 0.092000 0.355000 0.184000 0.186000
2 0.238000 0.880000 0.232000 0.236000
2 0.483000 0.934000 0.126000 0.128000
11 0.357000 0.255000 0.046000 0.030000
2 0.254000 0.112000 0.500000 0.148000
2 0.597000 0.740000 0.130000 0.224000
11 0.651000 0.893000 0.038000 0.038000
11 0.752000 0.179000 0.052000 0.030000
11 0.218000 0.200000 0.044000 0.028000
11 0.703000 0.182000 0.046000 0.024000
11 0.845000 0.174000 0.042000 0.024000
11 0.895000 0.171000 0.050000 0.026000
11 0.805000 0.177000 0.046000 0.030000
7 0.791000 0.712000 0.054000 0.028000
2 0.730000 0.081000 0.128000 0.094000
11 0.926000 0.113000 0.028000 0.034000
11 0.939000 0.698000 0.046000 0.028000
7 0.596000 0.898000 0.036000 0.056000
2 0.934000 0.306000 0.120000 0.124000
2 0.892000 0.976000 0.212000 0.044000
11 0.839000 0.913000 0.042000 0.022000
2 0.467000 0.377000 0.138000 0.238000
2 0.873000 0.070000 0.194000 0.140000
11 0.262000 0.197000 0.044000 0.022000
11 0.362000 0.198000 0.056000 0.024000
11 0.007000 0.962000 0.014000 0.048000
11 0.989000 0.694000 0.018000 0.028000
2 0.809000 0.447000 0.378000 0.142000
