2 0.793000 0.627000 0.410000 0.742000
2 0.296000 0.082000 0.592000 0.164000
2 0.834000 0.064000 0.328000 0.128000
3 0.615000 0.141000 0.110000 0.046000
11 0.455000 0.256000 0.042000 0.032000
3 0.531000 0.230000 0.054000 0.100000
7 0.601000 0.329000 0.030000 0.054000
11 0.352000 0.192000 0.052000 0.028000
11 0.096000 0.947000 0.036000 0.046000
7 0.756000 0.238000 0.060000 0.032000
11 0.017000 0.844000 0.034000 0.052000
11 0.532000 0.712000 0.028000 0.048000
3 0.578000 0.291000 0.120000 0.050000
3 0.670000 0.217000 0.076000 0.090000
7 0.590000 0.397000 0.032000 0.066000
11 0.830000 0.237000 0.052000 0.030000
11 0.927000 0.982000 0.050000 0.032000
2 0.260000 0.740000 0.416000 0.516000
11 0.019000 0.280000 0.038000 0.016000
2 0.263000 0.395000 0.510000 0.210000
11 0.495000 0.930000 0.026000 0.056000
