2 0.840000 0.886000 0.116000 0.108000
3 0.749000 0.932000 0.074000 0.068000
2 0.695000 0.617000 0.162000 0.146000
2 0.939000 0.745000 0.110000 0.130000
11 0.786000 0.124000 0.064000 0.056000
3 0.640000 0.865000 0.052000 0.082000
2 0.673000 0.952000 0.106000 0.092000
2 0.764460 0.418350 0.256920 0.196700
11 0.888000 0.430000 0.048000 0.032000
11 0.624000 0.323000 0.028000 0.046000
3 0.647000 0.754000 0.074000 0.064000
3 0.464000 0.289000 0.088000 0.042000
2 0.966000 0.938000 0.064000 0.092000
11 0.400000 0.017000 0.024000 0.034000
11 0.674000 0.304000 0.028000 0.048000
11 0.619000 0.543000 0.046000 0.042000
11 0.412000 0.199000 0.020000 0.050000
2 0.973000 0.458000 0.050000 0.140000
11 0.502000 0.941000 0.040000 0.034000
11 0.387000 0.096000 0.026000 0.052000
11 0.540000 0.946000 0.036000 0.032000
2 0.265000 0.964000 0.182000 0.068000
11 0.897000 0.039000 0.046000 0.050000
2 0.536000 0.012000 0.224000 0.024000
8 0.556700 0.795650 0.133400 0.183300
