2 0.792500 0.426000 0.409000 0.288000
2 0.925000 0.024000 0.146000 0.048000
2 0.749000 0.780000 0.498000 0.332000
11 0.036000 0.982000 0.072000 0.032000
11 0.680000 0.020000 0.052000 0.040000
11 0.898000 0.223000 0.044000 0.042000
11 0.761000 0.030000 0.042000 0.040000
11 0.445000 0.801000 0.042000 0.038000
7 0.977000 0.287000 0.046000 0.062000
11 0.959000 0.195000 0.046000 0.038000
11 0.354000 0.789000 0.024000 0.038000
11 0.796000 0.059000 0.044000 0.038000
11 0.873000 0.126000 0.038000 0.036000
11 0.641000 0.029000 0.054000 0.046000
4 0.117000 0.437500 0.234000 0.595000
11 0.912000 0.158000 0.048000 0.040000
11 0.837000 0.095000 0.038000 0.034000
11 0.403000 0.640000 0.026000 0.044000
11 0.443500 0.529000 0.019000 0.034000
