11 0.102000 0.920000 0.032000 0.048000
11 0.145000 0.925000 0.034000 0.054000
11 0.849000 0.426000 0.050000 0.044000
11 0.942000 0.129000 0.032000 0.042000
7 0.737000 0.520000 0.062000 0.044000
11 0.773000 0.301000 0.046000 0.030000
11 0.793000 0.256000 0.042000 0.036000
7 0.816000 0.202000 0.068000 0.044000
2 0.399000 0.136000 0.430000 0.272000
11 0.201000 0.957000 0.030000 0.046000
11 0.032000 0.069000 0.048000 0.054000
11 0.246000 0.975000 0.032000 0.046000
11 0.911000 0.454000 0.054000 0.044000
3 0.820000 0.446000 0.116000 0.084000
2 0.409000 0.654370 0.590000 0.476740
11 0.978000 0.437000 0.040000 0.042000
11 0.816000 0.173000 0.052000 0.030000
11 0.969000 0.691000 0.042000 0.062000
2 0.959000 0.569000 0.078000 0.138000
11 0.332000 0.991000 0.028000 0.014000
11 0.065000 0.991000 0.034000 0.014000
2 0.130000 0.397000 0.252000 0.378000
2 0.682000 0.157000 0.152000 0.314000
11 0.286000 0.982000 0.028000 0.032000
11 0.987000 0.035000 0.022000 0.042000
