2 0.913340 0.270080 0.174680 0.424160
2 0.614000 0.444000 0.240000 0.284000
2 0.812000 0.753000 0.228000 0.286000
2 0.814000 0.089000 0.212000 0.178000
2 0.386000 0.097000 0.200000 0.194000
11 0.325000 0.155000 0.038000 0.050000
11 0.448000 0.347000 0.036000 0.054000
11 0.557000 0.515000 0.034000 0.042000
3 0.464000 0.424000 0.080000 0.072000
11 0.645000 0.645000 0.034000 0.050000
11 0.672000 0.689000 0.032000 0.046000
11 0.536000 0.478000 0.036000 0.044000
11 0.989000 0.092000 0.018000 0.044000
11 0.245000 0.030000 0.042000 0.060000
11 0.985000 0.210000 0.026000 0.036000
2 0.527000 0.177000 0.090000 0.118000
