3 0.722000 0.422000 0.148000 0.120000
11 0.841000 0.283000 0.046000 0.042000
11 0.485000 0.173000 0.046000 0.046000
11 0.895000 0.119000 0.034000 0.046000
3 0.928000 0.349000 0.060000 0.098000
11 0.795000 0.311000 0.046000 0.042000
11 0.691000 0.235000 0.050000 0.042000
11 0.634000 0.295000 0.056000 0.042000
11 0.832000 0.406000 0.048000 0.036000
11 0.991000 0.375000 0.014000 0.034000
3 0.846000 0.028000 0.064000 0.056000
3 0.712000 0.194000 0.064000 0.104000
3 0.941000 0.025000 0.114000 0.050000
11 0.751000 0.324000 0.042000 0.040000
3 0.985000 0.081000 0.026000 0.054000
2 0.973000 0.209000 0.050000 0.238000
