2 0.652000 0.346500 0.168000 0.165000
2 0.738000 0.251000 0.144000 0.146000
2 0.057500 0.493000 0.115000 0.146000
2 0.904000 0.677500 0.160000 0.191000
2 0.127000 0.884500 0.190000 0.193000
2 0.173000 0.401000 0.198000 0.186000
2 0.418880 0.089690 0.149760 0.175380
2 0.321500 0.194000 0.139000 0.120000
2 0.950000 0.047000 0.092000 0.094000
11 0.567000 0.199000 0.026000 0.026000
2 0.873000 0.930500 0.214000 0.137000
11 0.803500 0.691000 0.043000 0.046000
11 0.496000 0.361000 0.036000 0.038000
2 0.460640 0.525320 0.309280 0.214640
11 0.727500 0.613500 0.047000 0.047000
11 0.942500 0.841000 0.041000 0.042000
2 0.793000 0.115500 0.170000 0.123000
11 0.048500 0.570500 0.041000 0.041000
11 0.639500 0.125500 0.035000 0.035000
11 0.658000 0.536000 0.040000 0.044000
11 0.695000 0.576500 0.030000 0.045000
3 0.388000 0.345000 0.068000 0.062000
3 0.479500 0.264500 0.055000 0.061000
2 0.084000 0.081000 0.140000 0.130000
2 0.513230 0.850770 0.058460 0.061540
2 0.517540 0.036150 0.143080 0.072300
