2 0.506000 0.288000 0.208000 0.236000
2 0.086000 0.853000 0.172000 0.290000
2 0.473000 0.468000 0.142000 0.136000
2 0.328000 0.848000 0.168000 0.152000
11 0.758000 0.042000 0.028000 0.044000
3 0.430000 0.161000 0.076000 0.050000
2 0.934000 0.865000 0.128000 0.186000
2 0.626000 0.971000 0.124000 0.054000
11 0.978000 0.180000 0.040000 0.032000
2 0.612000 0.041000 0.088000 0.082000
11 0.965000 0.239000 0.042000 0.030000
2 0.886000 0.426000 0.200000 0.228000
2 0.236000 0.349000 0.344000 0.698000
2 0.786000 0.246000 0.204000 0.204000
2 0.420000 0.952000 0.160000 0.092000
11 0.982000 0.150000 0.032000 0.032000
