2 0.575000 0.191000 0.294000 0.154000
2 0.144000 0.823000 0.116000 0.094000
2 0.184000 0.376000 0.124000 0.120000
2 0.857000 0.493000 0.274000 0.270000
2 0.830000 0.878000 0.336000 0.240000
11 0.324000 0.259000 0.048000 0.026000
7 0.964000 0.727000 0.068000 0.046000
11 0.529000 0.661000 0.042000 0.038000
11 0.897000 0.634000 0.046000 0.028000
11 0.779000 0.689000 0.042000 0.026000
2 0.019000 0.622000 0.038000 0.116000
7 0.435000 0.728000 0.054000 0.052000
2 0.419000 0.546000 0.198000 0.368000
2 0.023000 0.384000 0.046000 0.168000
2 0.174000 0.530000 0.112000 0.172000
2 0.874000 0.238000 0.084000 0.076000
7 0.813220 0.724000 0.074440 0.040000
7 0.508000 0.709000 0.064000 0.050000
2 0.027000 0.959000 0.054000 0.078000
2 0.445000 0.041000 0.102000 0.082000
2 0.129000 0.685000 0.102000 0.102000
11 0.987000 0.698000 0.022000 0.036000
2 0.304000 0.017000 0.160000 0.034000
11 0.844000 0.678000 0.060000 0.032000
2 0.237690 0.144940 0.147380 0.201880
2 0.083000 0.179000 0.166000 0.130000
2 0.964000 0.153000 0.068000 0.098000
2 0.221240 0.726500 0.118480 0.125000
2 0.306770 0.490150 0.181540 0.352300
2 0.070310 0.063080 0.104620 0.126160
2 0.765690 0.226770 0.135380 0.121540
