2 0.199000 0.318000 0.138000 0.112000
2 0.124000 0.860000 0.112000 0.128000
2 0.069000 0.078000 0.130000 0.124000
2 0.030000 0.250000 0.060000 0.124000
2 0.239000 0.481000 0.118000 0.126000
2 0.065000 0.518000 0.126000 0.108000
2 0.947000 0.832000 0.102000 0.332000
2 0.049000 0.968000 0.094000 0.060000
2 0.347000 0.962000 0.094000 0.072000
2 0.380000 0.605000 0.108000 0.158000
11 0.442000 0.906000 0.044000 0.036000
11 0.126000 0.724000 0.036000 0.032000
2 0.730000 0.037000 0.128000 0.074000
11 0.172000 0.756000 0.044000 0.032000
11 0.089000 0.012000 0.038000 0.024000
2 0.294000 0.759000 0.080000 0.102000
11 0.178910 0.143870 0.033820 0.055740
11 0.141240 0.211870 0.042480 0.059740
11 0.103900 0.276250 0.039800 0.068500
2 0.294920 0.269480 0.137840 0.214960
2 0.272270 0.933550 0.100540 0.107100
2 0.222220 0.891190 0.108440 0.150380
2 0.519130 0.886020 0.070260 0.084040
2 0.950000 0.613000 0.100000 0.146000
