2 0.614500 0.757380 0.345000 0.358760
7 0.471000 0.686000 0.046000 0.052000
2 0.236250 0.492250 0.472500 0.592500
7 0.430000 0.742000 0.052000 0.060000
7 0.553000 0.582000 0.050000 0.056000
7 0.516000 0.629000 0.048000 0.054000
2 0.448120 0.188000 0.428240 0.376000
11 0.327000 0.831000 0.046000 0.042000
7 0.932000 0.163000 0.060000 0.046000
11 0.984000 0.201000 0.028000 0.042000
11 0.251250 0.930630 0.042500 0.041260
11 0.283250 0.892750 0.042500 0.037500
11 0.296000 0.872000 0.048000 0.040000
11 0.615000 0.510000 0.046000 0.032000
11 0.312000 0.992000 0.040000 0.012000
2 0.071000 0.825000 0.142000 0.346000
11 0.269000 0.909000 0.046000 0.042000
2 0.802130 0.556250 0.392260 0.736500
