2 0.294250 0.356020 0.588500 0.348040
11 0.078000 0.421000 0.036000 0.054000
11 0.050000 0.542000 0.036000 0.060000
11 0.306000 0.643000 0.036000 0.046000
11 0.200000 0.601000 0.032000 0.046000
11 0.349000 0.651000 0.030000 0.046000
11 0.034000 0.406000 0.040000 0.052000
11 0.426000 0.594000 0.048000 0.040000
11 0.240000 0.619000 0.032000 0.046000
11 0.220000 0.474000 0.036000 0.052000
11 0.264000 0.490000 0.036000 0.056000
11 0.417000 0.539000 0.034000 0.050000
11 0.004000 0.391000 0.008000 0.054000
2 0.111420 0.797670 0.222840 0.147340
2 0.559530 0.286280 0.139060 0.248560
