2 0.749000 0.104000 0.498000 0.208000
11 0.687000 0.329000 0.042000 0.034000
11 0.635000 0.317000 0.042000 0.034000
2 0.908000 0.570000 0.180000 0.256000
2 0.375000 0.806000 0.610000 0.384000
7 0.566000 0.355000 0.060000 0.050000
11 0.460000 0.381000 0.044000 0.038000
11 0.158000 0.498000 0.044000 0.032000
11 0.353000 0.447000 0.042000 0.030000
11 0.024000 0.925000 0.024000 0.054000
2 0.231000 0.208000 0.462000 0.352000
3 0.026000 0.702000 0.052000 0.064000
11 0.020000 0.871000 0.028000 0.050000
11 0.383000 0.409000 0.038000 0.030000
11 0.032000 0.980000 0.032000 0.036000
11 0.585000 0.389000 0.042000 0.030000
2 0.894000 0.980000 0.208000 0.036000
11 0.982000 0.943000 0.032000 0.038000
11 0.217000 0.485000 0.046000 0.038000
11 0.452000 0.419000 0.044000 0.030000
11 0.015000 0.803000 0.026000 0.050000
