2 0.726000 0.330000 0.332000 0.328000
2 0.225000 0.210000 0.450000 0.416000
11 0.383000 0.517000 0.030000 0.046000
3 0.277000 0.781000 0.082000 0.074000
11 0.945000 0.651000 0.042000 0.046000
11 0.343000 0.665000 0.026000 0.046000
2 0.021000 0.929000 0.042000 0.138000
11 0.957000 0.044000 0.038000 0.040000
7 0.934000 0.894000 0.048000 0.032000
11 0.939000 0.927000 0.046000 0.034000
11 0.991000 0.305000 0.014000 0.042000
2 0.061000 0.671000 0.122000 0.342000
11 0.932000 0.733000 0.040000 0.042000
11 0.594000 0.017000 0.024000 0.034000
11 0.926000 0.786000 0.028000 0.036000
11 0.371000 0.566000 0.030000 0.052000
