2 0.908000 0.085000 0.180000 0.170000
7 0.436000 0.440000 0.056000 0.044000
7 0.515000 0.476000 0.070000 0.040000
7 0.937000 0.950000 0.050000 0.032000
11 0.279000 0.538000 0.042000 0.032000
11 0.649000 0.443000 0.050000 0.038000
11 0.596000 0.265000 0.020000 0.042000
11 0.447000 0.496000 0.058000 0.036000
11 0.697000 0.430000 0.046000 0.036000
2 0.339000 0.948000 0.470000 0.100000
11 0.571000 0.463000 0.042000 0.030000
2 0.638000 0.071000 0.436000 0.142000
11 0.232000 0.548000 0.048000 0.032000
2 0.163000 0.302000 0.326000 0.324000
