7 0.331000 0.858000 0.038000 0.060000
11 0.369000 0.641000 0.030000 0.042000
2 0.184000 0.531000 0.184000 0.370000
11 0.138000 0.888000 0.048000 0.036000
11 0.076000 0.864000 0.048000 0.036000
2 0.037000 0.464000 0.074000 0.512000
11 0.384000 0.283000 0.020000 0.042000
11 0.448000 0.430000 0.028000 0.036000
11 0.432000 0.478000 0.028000 0.044000
7 0.308000 0.973000 0.044000 0.050000
11 0.371000 0.403000 0.026000 0.050000
11 0.267000 0.984000 0.034000 0.028000
11 0.352000 0.300000 0.016000 0.028000
