2 0.320000 0.869000 0.228000 0.258000
2 0.306000 0.070000 0.108000 0.140000
2 0.456000 0.054000 0.088000 0.108000
2 0.744000 0.153000 0.128000 0.098000
2 0.731000 0.287000 0.138000 0.114000
2 0.768000 0.578000 0.092000 0.084000
2 0.721000 0.399000 0.158000 0.098000
2 0.754000 0.048000 0.120000 0.088000
2 0.245000 0.665000 0.118000 0.102000
2 0.964000 0.973000 0.068000 0.050000
11 0.235000 0.536000 0.050000 0.048000
11 0.897000 0.233000 0.026000 0.046000
11 0.426000 0.689000 0.044000 0.046000
3 0.902000 0.855000 0.072000 0.054000
11 0.502000 0.774000 0.052000 0.052000
11 0.876000 0.784000 0.024000 0.052000
2 0.064000 0.948000 0.128000 0.100000
11 0.059000 0.112000 0.022000 0.044000
11 0.886000 0.533000 0.024000 0.050000
11 0.900000 0.168000 0.024000 0.052000
3 0.543000 0.791000 0.070000 0.074000
11 0.886000 0.638000 0.024000 0.036000
3 0.035000 0.160000 0.070000 0.084000
11 0.059000 0.063000 0.022000 0.046000
11 0.886000 0.589000 0.024000 0.042000
11 0.879000 0.731000 0.026000 0.046000
2 0.445000 0.144000 0.062000 0.072000
7 0.210000 0.470000 0.052000 0.048000
7 0.142000 0.440000 0.040000 0.044000
3 0.056000 0.294000 0.060000 0.072000
2 0.083000 0.610000 0.150000 0.132000
2 0.564000 0.656000 0.156000 0.156000
11 0.364000 0.624000 0.048000 0.048000
2 0.797000 0.783000 0.134000 0.190000
11 0.165000 0.985000 0.042000 0.026000
2 0.985000 0.726000 0.026000 0.288000
