3 0.364000 0.853000 0.108000 0.142000
11 0.781000 0.245000 0.038000 0.054000
2 0.145000 0.857000 0.290000 0.282000
11 0.532000 0.659000 0.036000 0.042000
11 0.601000 0.539000 0.038000 0.042000
11 0.849000 0.137000 0.042000 0.058000
11 0.495000 0.709000 0.038000 0.050000
7 0.289000 0.800000 0.042000 0.064000
11 0.904000 0.049000 0.032000 0.042000
11 0.543000 0.846000 0.034000 0.036000
11 0.704000 0.373000 0.032000 0.034000
11 0.890000 0.288000 0.040000 0.044000
2 0.445000 0.175000 0.146000 0.150000
2 0.107000 0.432000 0.214000 0.608000
11 0.395000 0.989000 0.046000 0.018000
2 0.833000 0.709000 0.306000 0.302000
2 0.394000 0.640000 0.256000 0.264000
2 0.686000 0.070000 0.420000 0.140000
2 0.680000 0.955000 0.288000 0.086000
