2 0.631000 0.624000 0.134000 0.148000
2 0.528000 0.321000 0.136000 0.134000
2 0.901000 0.955000 0.194000 0.086000
2 0.596000 0.494000 0.112000 0.100000
2 0.506000 0.085000 0.144000 0.158000
2 0.278000 0.258000 0.164000 0.112000
2 0.315000 0.631000 0.138000 0.098000
2 0.419000 0.542000 0.110000 0.108000
2 0.862000 0.364000 0.096000 0.104000
2 0.108000 0.931000 0.212000 0.134000
2 0.904000 0.721000 0.188000 0.146000
2 0.157000 0.591000 0.130000 0.138000
2 0.184000 0.035000 0.124000 0.070000
2 0.893000 0.567000 0.130000 0.170000
2 0.495000 0.691000 0.090000 0.106000
2 0.794000 0.122000 0.116000 0.148000
11 0.774000 0.635000 0.032000 0.042000
11 0.266000 0.916000 0.040000 0.028000
3 0.781000 0.767000 0.082000 0.046000
11 0.543000 0.187000 0.042000 0.062000
11 0.105000 0.730000 0.046000 0.028000
11 0.400000 0.972000 0.048000 0.028000
11 0.313000 0.748000 0.054000 0.028000
11 0.818000 0.598000 0.020000 0.032000
11 0.402000 0.935000 0.060000 0.038000
11 0.784000 0.498000 0.032000 0.048000
2 0.666000 0.047000 0.100000 0.062000
11 0.025000 0.776000 0.042000 0.028000
11 0.260000 0.985000 0.032000 0.026000
7 0.233000 0.665000 0.034000 0.074000
2 0.286000 0.119000 0.168000 0.174000
11 0.264000 0.942000 0.036000 0.024000
11 0.161000 0.740000 0.038000 0.020000
11 0.366000 0.750000 0.044000 0.028000
2 0.620000 0.980000 0.204000 0.036000
11 0.418000 0.778000 0.076000 0.032000
11 0.634000 0.837000 0.036000 0.026000
11 0.788000 0.677000 0.024000 0.042000
2 0.035000 0.437000 0.070000 0.274000
2 0.985000 0.034000 0.026000 0.068000
