2 0.939980 0.317010 0.099960 0.058020
11 0.865000 0.305000 0.026000 0.046000
2 0.951140 0.255540 0.098280 0.055080
2 0.949000 0.199580 0.102000 0.071160
2 0.367020 0.647050 0.106040 0.134100
3 0.640510 0.629740 0.097020 0.051480
11 0.819340 0.299280 0.026680 0.050560
2 0.743010 0.349040 0.094020 0.074080
2 0.782860 0.742690 0.201720 0.189380
2 0.792000 0.955000 0.208000 0.086000
2 0.481440 0.865210 0.202880 0.110420
2 0.490900 0.753040 0.189800 0.122080
13 0.234270 0.074510 0.116540 0.149020
2 0.714000 0.444000 0.172000 0.120000
2 0.283000 0.626000 0.094000 0.136000
11 0.500000 0.494000 0.052000 0.036000
2 0.745000 0.267000 0.102000 0.074000
2 0.943000 0.517000 0.110000 0.086000
2 0.934000 0.760000 0.128000 0.180000
11 0.393000 0.473000 0.050000 0.030000
2 0.753000 0.032000 0.102000 0.064000
3 0.095000 0.457000 0.062000 0.102000
11 0.554000 0.499000 0.056000 0.038000
11 0.257000 0.450000 0.054000 0.032000
11 0.450000 0.483000 0.044000 0.034000
11 0.763000 0.540000 0.046000 0.036000
2 0.225000 0.362000 0.234000 0.160000
11 0.208000 0.442000 0.044000 0.028000
11 0.164000 0.433000 0.044000 0.030000
11 0.611000 0.513000 0.046000 0.026000
2 0.470000 0.642000 0.116000 0.112000
11 0.710000 0.532000 0.052000 0.028000
11 0.648000 0.902000 0.028000 0.048000
11 0.585000 0.870000 0.022000 0.056000
11 0.647000 0.715000 0.026000 0.050000
2 0.147000 0.645000 0.182000 0.218000
3 0.839000 0.535000 0.098000 0.046000
11 0.818000 0.187000 0.028000 0.042000
2 0.107000 0.918000 0.158000 0.160000
2 0.946000 0.028000 0.088000 0.056000
11 0.862000 0.421000 0.032000 0.058000
2 0.944000 0.110000 0.092000 0.112000
11 0.823000 0.047000 0.026000 0.042000
11 0.658000 0.840000 0.032000 0.052000
11 0.007000 0.798000 0.014000 0.032000
11 0.585000 0.980000 0.022000 0.036000
11 0.870000 0.021000 0.028000 0.042000
2 0.749000 0.147000 0.102000 0.138000
2 0.985000 0.927000 0.026000 0.142000
11 0.819000 0.012000 0.018000 0.024000
7 0.916000 0.878000 0.048000 0.028000
11 0.869000 0.239000 0.026000 0.046000
11 0.816000 0.233000 0.024000 0.046000
11 0.814000 0.481000 0.020000 0.038000
2 0.968000 0.423000 0.060000 0.070000
