7 0.876000 0.497000 0.052000 0.050000
11 0.597000 0.185000 0.038000 0.042000
2 0.853000 0.749000 0.290000 0.266000
2 0.882000 0.169000 0.176000 0.182000
11 0.807000 0.369000 0.042000 0.046000
2 0.204120 0.739370 0.408240 0.410740
11 0.104000 0.846000 0.036000 0.036000
2 0.394710 0.651230 0.341420 0.354460
3 0.313000 0.980000 0.066000 0.036000
2 0.571000 0.083000 0.318000 0.166000
2 0.161000 0.054000 0.138000 0.108000
2 0.091000 0.950000 0.178000 0.096000
3 0.957000 0.526000 0.054000 0.076000
2 0.463230 0.272000 0.178460 0.148000
11 0.552000 0.214000 0.040000 0.036000
2 0.306870 0.138170 0.189740 0.176340
11 0.355000 0.038000 0.042000 0.040000
2 0.572820 0.472490 0.365640 0.360980
2 0.203480 0.252220 0.174960 0.144440
2 0.354450 0.388900 0.156900 0.149800
2 0.137150 0.503810 0.274300 0.311620
2 0.126360 0.356730 0.176720 0.173460
2 0.249000 0.482010 0.198000 0.172020
2 0.748000 0.919000 0.220000 0.162000
2 0.701230 0.192770 0.158460 0.161540
2 0.962000 0.063000 0.076000 0.126000
