2 0.892000 0.810000 0.120000 0.148000
2 0.153000 0.134000 0.186000 0.164000
11 0.724000 0.849000 0.032000 0.050000
11 0.413000 0.154000 0.038000 0.052000
2 0.192000 0.643000 0.176000 0.110000
3 0.424000 0.220000 0.072000 0.064000
11 0.602000 0.457000 0.028000 0.038000
2 0.057000 0.741000 0.114000 0.162000
2 0.390000 0.745000 0.092000 0.130000
2 0.086000 0.329000 0.124000 0.178000
2 0.008000 0.251000 0.016000 0.082000
2 0.410000 0.605000 0.136000 0.138000
2 0.430000 0.985000 0.092000 0.026000
11 0.867000 0.972000 0.022000 0.028000
2 0.411219 0.973253 0.062438 0.050506
2 0.161219 0.919956 0.174438 0.159912
2 0.466720 0.712622 0.101440 0.125244
2 0.950952 0.717817 0.089904 0.111634
2 0.233989 0.272027 0.151978 0.180054
2 0.301797 0.716956 0.183594 0.133912
2 0.121675 0.550365 0.183350 0.172730
2 0.298873 0.493895 0.213746 0.159790
2 0.055514 0.175271 0.103028 0.154542
11 0.593101 0.432704 0.022202 0.021408
2 0.350793 0.857895 0.113586 0.159790
2 0.552689 0.875474 0.213378 0.246948
2 0.049835 0.880887 0.099670 0.105774
2 0.403986 0.940640 0.107972 0.117280
2 0.110815 0.045135 0.145630 0.090270
