11 0.920000 0.121000 0.028000 0.042000
2 0.202000 0.802000 0.404000 0.392000
11 0.881000 0.174000 0.034000 0.052000
3 0.372000 0.352000 0.132000 0.072000
7 0.908000 0.070000 0.032000 0.068000
11 0.850000 0.069000 0.028000 0.046000
11 0.911000 0.285000 0.026000 0.050000
11 0.934000 0.167000 0.028000 0.050000
2 0.052000 0.129000 0.104000 0.258000
11 0.894000 0.224000 0.032000 0.044000
11 0.837000 0.021000 0.026000 0.042000
2 0.649000 0.257000 0.226000 0.158000
2 0.747000 0.850000 0.182000 0.296000
2 0.749000 0.032000 0.118000 0.064000
2 0.844000 0.266000 0.116000 0.188000
2 0.975000 0.185000 0.046000 0.262000
11 0.958000 0.259000 0.028000 0.046000
2 0.620000 0.716000 0.412000 0.136000
