2 0.070000 0.940000 0.140000 0.116000
2 0.189000 0.450000 0.134000 0.124000
2 0.174000 0.573000 0.112000 0.122000
2 0.647000 0.072000 0.138000 0.136000
2 0.050000 0.514000 0.100000 0.136000
2 0.581000 0.782000 0.134000 0.148000
2 0.046000 0.176000 0.092000 0.108000
2 0.652000 0.353000 0.148000 0.106000
2 0.631000 0.519000 0.114000 0.126000
2 0.307000 0.048000 0.134000 0.096000
2 0.705000 0.860000 0.126000 0.140000
2 0.263000 0.234000 0.126000 0.108000
2 0.839000 0.070000 0.106000 0.140000
2 0.453000 0.910000 0.146000 0.148000
2 0.102000 0.805000 0.156000 0.130000
2 0.469000 0.654000 0.126000 0.124000
11 0.877000 0.805000 0.042000 0.038000
11 0.864000 0.729000 0.056000 0.042000
2 0.587000 0.195000 0.130000 0.118000
2 0.756000 0.508000 0.116000 0.112000
3 0.438000 0.511000 0.048000 0.098000
11 0.786000 0.682000 0.048000 0.040000
2 0.093000 0.675000 0.174000 0.122000
11 0.754000 0.728000 0.036000 0.032000
11 0.580000 0.679000 0.032000 0.046000
2 0.875000 0.962000 0.130000 0.072000
11 0.943000 0.776000 0.046000 0.036000
11 0.332000 0.504000 0.028000 0.044000
11 0.514000 0.582000 0.044000 0.036000
11 0.555000 0.610000 0.046000 0.036000
2 0.968000 0.097000 0.060000 0.166000
11 0.710000 0.636000 0.052000 0.040000
2 0.872000 0.550000 0.164000 0.204000
2 0.971000 0.427000 0.054000 0.134000
2 0.975000 0.691000 0.046000 0.182000
