11 0.137000 0.895000 0.050000 0.034000
11 0.701000 0.480000 0.042000 0.032000
11 0.888000 0.378000 0.056000 0.040000
11 0.913000 0.559000 0.042000 0.038000
11 0.506000 0.542000 0.052000 0.032000
11 0.472000 0.948000 0.044000 0.028000
11 0.913000 0.942000 0.042000 0.032000
11 0.774000 0.876000 0.040000 0.024000
3 0.427000 0.520000 0.046000 0.096000
11 0.859000 0.838000 0.046000 0.028000
11 0.333000 0.569000 0.042000 0.046000
11 0.179000 0.860000 0.046000 0.028000
11 0.105000 0.968000 0.046000 0.032000
11 0.973000 0.904000 0.042000 0.032000
11 0.991000 0.524000 0.014000 0.040000
3 0.392750 0.627370 0.077500 0.098740
