2 0.938000 0.671000 0.120000 0.130000
2 0.383000 0.317000 0.194000 0.286000
3 0.757000 0.545000 0.134000 0.074000
2 0.438000 0.710000 0.148000 0.144000
2 0.162000 0.467000 0.124000 0.158000
2 0.754000 0.095000 0.120000 0.138000
2 0.114000 0.865000 0.228000 0.242000
11 0.708000 0.262000 0.036000 0.048000
11 0.832000 0.742000 0.036000 0.052000
11 0.675000 0.170000 0.030000 0.044000
3 0.796000 0.398000 0.056000 0.088000
2 0.830000 0.255000 0.088000 0.094000
11 0.827000 0.619000 0.038000 0.054000
2 0.190000 0.028000 0.124000 0.056000
11 0.534000 0.051000 0.032000 0.046000
11 0.844000 0.668000 0.032000 0.040000
11 0.689000 0.212000 0.030000 0.036000
7 0.094370 0.252870 0.028740 0.053740
11 0.160000 0.237000 0.024000 0.042000
2 0.976000 0.925000 0.044000 0.146000
2 0.978000 0.518000 0.040000 0.120000
11 0.858000 0.709000 0.032000 0.042000
11 0.215000 0.982000 0.030000 0.032000
11 0.854000 0.908000 0.024000 0.032000
11 0.628000 0.020000 0.028000 0.040000
11 0.014000 0.568000 0.028000 0.048000
11 0.467000 0.989000 0.042000 0.018000
7 0.089000 0.168000 0.030000 0.052000
11 0.548000 0.101000 0.032000 0.054000
11 0.434000 0.251000 0.028000 0.042000
11 0.073000 0.271000 0.026000 0.050000
11 0.112000 0.248000 0.032000 0.048000
11 0.640000 0.065000 0.024000 0.034000
11 0.388000 0.556000 0.036000 0.032000
2 0.322000 0.687000 0.100000 0.134000
2 0.950000 0.026000 0.096000 0.052000
7 0.456130 0.541000 0.076260 0.050000
2 0.900000 0.231630 0.120000 0.151260
