2 0.869000 0.801000 0.258000 0.306000
2 0.692000 0.536000 0.144000 0.140000
2 0.420000 0.869000 0.232000 0.258000
2 0.908000 0.327000 0.180000 0.242000
2 0.582000 0.267000 0.176000 0.174000
11 0.893000 0.434000 0.038000 0.036000
2 0.477000 0.465000 0.118000 0.106000
11 0.786000 0.900000 0.048000 0.052000
2 0.657000 0.093000 0.306000 0.186000
11 0.453000 0.103000 0.038000 0.050000
2 0.523330 0.709330 0.142660 0.146660
11 0.465000 0.607000 0.034000 0.042000
11 0.927000 0.467000 0.034000 0.042000
11 0.823000 0.153000 0.038000 0.038000
11 0.946000 0.074000 0.040000 0.036000
11 0.415000 0.073000 0.026000 0.038000
11 0.276000 0.885000 0.028000 0.050000
11 0.603000 0.148000 0.034000 0.036000
7 0.134000 0.975000 0.032000 0.046000
11 0.370000 0.033000 0.028000 0.042000
11 0.964000 0.502000 0.032000 0.040000
11 0.569000 0.116000 0.038000 0.040000
11 0.536000 0.086000 0.036000 0.036000
3 0.649000 0.223000 0.050000 0.062000
11 0.636000 0.179000 0.040000 0.042000
11 0.446000 0.013000 0.044000 0.026000
3 0.775000 0.351000 0.050000 0.066000
3 0.714000 0.345000 0.080000 0.082000
11 0.989000 0.539000 0.018000 0.042000
3 0.271000 0.987000 0.082000 0.022000
11 0.693000 0.218000 0.038000 0.044000
11 0.733000 0.204000 0.034000 0.040000
2 0.941000 0.017000 0.114000 0.034000
6 0.213000 0.952000 0.082000 0.064000
