2 0.678690 0.250470 0.225380 0.212940
2 0.636000 0.136000 0.116000 0.100000
11 0.930000 0.297000 0.036000 0.042000
11 0.814000 0.122000 0.036000 0.044000
11 0.142000 0.311000 0.048000 0.038000
11 0.197000 0.287000 0.038000 0.030000
2 0.895000 0.571000 0.142000 0.126000
11 0.811000 0.220000 0.042000 0.052000
11 0.126000 0.384000 0.044000 0.032000
11 0.921000 0.392000 0.046000 0.056000
11 0.356000 0.019000 0.032000 0.038000
2 0.392940 0.512950 0.285880 0.341900
11 0.310000 0.290000 0.040000 0.032000
2 0.158000 0.179000 0.316000 0.246000
11 0.263000 0.313000 0.046000 0.034000
11 0.017000 0.378000 0.034000 0.040000
11 0.703000 0.057000 0.038000 0.042000
2 0.879000 0.466000 0.110000 0.076000
11 0.063000 0.353000 0.046000 0.038000
11 0.666000 0.010000 0.036000 0.020000
11 0.044000 0.578000 0.032000 0.028000
2 0.832000 0.939000 0.092000 0.102000
2 0.747000 0.700000 0.154000 0.180000
11 0.157000 0.672000 0.050000 0.036000
2 0.532020 0.811050 0.272040 0.354100
11 0.422000 0.860000 0.044000 0.036000
11 0.100000 0.987000 0.044000 0.022000
11 0.980000 0.488000 0.036000 0.040000
11 0.157000 0.013000 0.034000 0.026000
2 0.980000 0.241000 0.036000 0.154000
11 0.811000 0.021000 0.042000 0.042000
11 0.012000 0.552000 0.024000 0.024000
11 0.992000 0.524000 0.012000 0.040000
11 0.380000 0.064000 0.036000 0.044000
11 0.731000 0.096000 0.038000 0.044000
11 0.925000 0.992000 0.046000 0.012000
2 0.733290 0.407510 0.202580 0.195020
2 0.596530 0.058070 0.121060 0.116140
