2 0.206000 0.821000 0.248000 0.274000
2 0.802000 0.911000 0.292000 0.174000
11 0.816000 0.645000 0.032000 0.050000
11 0.957000 0.548000 0.038000 0.060000
3 0.220000 0.628000 0.052000 0.092000
11 0.779000 0.698000 0.030000 0.048000
11 0.872000 0.559000 0.032000 0.046000
2 0.468000 0.925000 0.236000 0.146000
11 0.738000 0.765000 0.024000 0.050000
11 0.374000 0.680000 0.028000 0.056000
11 0.401000 0.698000 0.026000 0.048000
11 0.702000 0.818000 0.028000 0.048000
11 0.985000 0.497000 0.026000 0.050000
11 0.534000 0.790000 0.024000 0.028000
11 0.966000 0.406000 0.028000 0.044000
11 0.019000 0.647000 0.030000 0.038000
11 0.323000 0.641000 0.026000 0.050000
3 0.607000 0.885000 0.050000 0.098000
11 0.290000 0.615000 0.032000 0.046000
11 0.348000 0.659000 0.024000 0.042000
2 0.903000 0.741000 0.190000 0.218000
4 0.490000 0.378000 0.980000 0.752000
11 0.950000 0.443000 0.024000 0.038000
11 0.006000 0.779000 0.012000 0.050000
