2 0.456000 0.864000 0.168000 0.268000
2 0.090000 0.395000 0.180000 0.226000
2 0.732000 0.098000 0.172000 0.196000
2 0.901000 0.549000 0.194000 0.234000
11 0.223000 0.241000 0.030000 0.050000
11 0.411000 0.661000 0.054000 0.038000
2 0.714000 0.922000 0.348000 0.152000
3 0.536000 0.728000 0.056000 0.080000
11 0.195000 0.576000 0.030000 0.032000
11 0.288000 0.217000 0.024000 0.042000
11 0.201000 0.468000 0.030000 0.040000
11 0.722000 0.455000 0.028000 0.042000
11 0.302000 0.175000 0.028000 0.038000
2 0.494000 0.045000 0.212000 0.090000
11 0.530000 0.982000 0.032000 0.032000
2 0.159000 0.148000 0.282000 0.296000
2 0.455000 0.365000 0.478000 0.594000
11 0.228000 0.377000 0.024000 0.034000
2 0.870460 0.369690 0.236920 0.255380
11 0.800000 0.243000 0.028000 0.038000
3 0.860000 0.012000 0.072000 0.024000
2 0.168000 0.735000 0.264000 0.222000
2 0.911000 0.172000 0.174000 0.292000
2 0.766920 0.815230 0.233840 0.158460
