2 0.071000 0.056000 0.142000 0.112000
2 0.816000 0.816000 0.264000 0.264000
11 0.325000 0.578000 0.042000 0.036000
11 0.446000 0.571000 0.052000 0.042000
11 0.450000 0.366000 0.044000 0.036000
11 0.246000 0.721000 0.044000 0.038000
11 0.278000 0.661000 0.044000 0.038000
11 0.136000 0.913000 0.044000 0.042000
11 0.500000 0.603000 0.044000 0.034000
11 0.303000 0.615000 0.042000 0.038000
11 0.426000 0.410000 0.040000 0.036000
11 0.967000 0.629000 0.038000 0.038000
11 0.470000 0.525000 0.044000 0.042000
11 0.505000 0.819000 0.054000 0.046000
11 0.562000 0.713000 0.052000 0.046000
11 0.383000 0.679000 0.042000 0.038000
11 0.223000 0.763000 0.042000 0.038000
11 0.320000 0.920000 0.044000 0.036000
11 0.470000 0.886000 0.044000 0.032000
11 0.413000 0.753000 0.046000 0.038000
11 0.823000 0.295000 0.038000 0.038000
11 0.881000 0.649000 0.022000 0.042000
11 0.527000 0.562000 0.046000 0.032000
11 0.164000 0.869000 0.044000 0.038000
11 0.185000 0.825000 0.046000 0.042000
11 0.361000 0.718000 0.034000 0.032000
11 0.479000 0.649000 0.034000 0.034000
11 0.114000 0.948000 0.044000 0.036000
11 0.908000 0.651000 0.024000 0.046000
11 0.776000 0.349000 0.036000 0.030000
11 0.978000 0.102000 0.032000 0.032000
11 0.410000 0.985000 0.044000 0.026000
11 0.922000 0.178000 0.032000 0.032000
11 0.092000 0.987000 0.044000 0.022000
2 0.021000 0.325000 0.042000 0.214000
11 0.802000 0.653000 0.024000 0.042000
