2 0.804000 0.772000 0.176000 0.140000
2 0.315000 0.865000 0.262000 0.150000
2 0.098000 0.228000 0.104000 0.112000
2 0.097000 0.619000 0.138000 0.222000
2 0.603000 0.196000 0.422000 0.228000
2 0.111000 0.808000 0.182000 0.176000
2 0.817000 0.650000 0.162000 0.116000
2 0.671000 0.765000 0.102000 0.106000
2 0.535000 0.857000 0.206000 0.282000
11 0.190000 0.129000 0.052000 0.042000
11 0.930000 0.325000 0.028000 0.050000
2 0.302000 0.200000 0.156000 0.172000
11 0.657000 0.358000 0.046000 0.028000
11 0.661000 0.330000 0.046000 0.028000
11 0.010000 0.651000 0.020000 0.046000
11 0.989000 0.899000 0.018000 0.042000
11 0.008000 0.701000 0.016000 0.042000
2 0.892000 0.936000 0.148000 0.124000
11 0.982000 0.338000 0.024000 0.044000
11 0.017000 0.504000 0.022000 0.044000
11 0.017000 0.456000 0.022000 0.044000
2 0.918000 0.187000 0.160000 0.194000
11 0.909000 0.585000 0.022000 0.042000
7 0.008000 0.796000 0.016000 0.056000
3 0.088000 0.014000 0.048000 0.028000
2 0.703000 0.971000 0.094000 0.054000
3 0.031000 0.216000 0.050000 0.044000
2 0.258000 0.596000 0.088000 0.176000
11 0.617000 0.675000 0.022000 0.026000
11 0.470000 0.049000 0.044000 0.022000
