2 0.430000 0.648000 0.192000 0.260000
2 0.780000 0.575000 0.152000 0.226000
2 0.109000 0.663000 0.210000 0.182000
2 0.834000 0.249000 0.116000 0.110000
2 0.404000 0.878000 0.112000 0.092000
2 0.832000 0.043000 0.112000 0.086000
2 0.707000 0.263000 0.158000 0.138000
2 0.950000 0.382000 0.096000 0.128000
2 0.307000 0.066000 0.078000 0.104000
2 0.943000 0.239000 0.110000 0.130000
11 0.749000 0.876000 0.046000 0.024000
11 0.248000 0.206000 0.048000 0.024000
2 0.705000 0.050000 0.162000 0.100000
7 0.572000 0.874000 0.028000 0.056000
7 0.099000 0.216000 0.058000 0.028000
2 0.788000 0.943000 0.144000 0.102000
2 0.061000 0.079000 0.122000 0.126000
2 0.837000 0.749000 0.222000 0.146000
2 0.037000 0.295000 0.074000 0.098000
11 0.615000 0.455000 0.026000 0.046000
11 0.044000 0.222000 0.052000 0.028000
11 0.788000 0.171000 0.052000 0.026000
11 0.562000 0.551000 0.024000 0.046000
11 0.953000 0.867000 0.046000 0.022000
2 0.472000 0.369000 0.128000 0.262000
11 0.610000 0.350000 0.028000 0.048000
11 0.626000 0.803000 0.024000 0.050000
11 0.629000 0.934000 0.018000 0.036000
11 0.891000 0.162000 0.042000 0.024000
11 0.559000 0.409000 0.026000 0.030000
2 0.467000 0.968000 0.118000 0.060000
7 0.235000 0.154000 0.054000 0.024000
11 0.570000 0.827000 0.024000 0.038000
11 0.300000 0.152000 0.048000 0.020000
2 0.026000 0.966000 0.052000 0.064000
11 0.575000 0.969000 0.022000 0.042000
11 0.547000 0.017000 0.022000 0.034000
7 0.012000 0.224000 0.024000 0.028000
11 0.566000 0.703000 0.024000 0.054000
2 0.992000 0.039000 0.012000 0.078000
2 0.172000 0.306000 0.204000 0.112000
2 0.428000 0.061000 0.196000 0.122000
