2 0.395000 0.426000 0.194000 0.164000
11 0.740000 0.619000 0.028000 0.046000
2 0.276000 0.224000 0.192000 0.320000
11 0.641000 0.633000 0.042000 0.054000
11 0.948000 0.160000 0.048000 0.048000
11 0.934000 0.573000 0.036000 0.046000
11 0.833000 0.094000 0.046000 0.040000
11 0.058000 0.596000 0.040000 0.048000
11 0.904000 0.320000 0.040000 0.048000
11 0.897000 0.575000 0.038000 0.050000
11 0.939000 0.216000 0.038000 0.044000
11 0.244000 0.680000 0.028000 0.036000
2 0.043000 0.052000 0.086000 0.104000
11 0.982000 0.193000 0.032000 0.046000
11 0.543000 0.654000 0.042000 0.052000
2 0.215000 0.573000 0.050000 0.070000
