2 0.899000 0.438000 0.154000 0.152000
2 0.440000 0.380000 0.120000 0.128000
2 0.472000 0.516000 0.120000 0.112000
2 0.574000 0.198000 0.148000 0.152000
2 0.394000 0.695000 0.116000 0.106000
2 0.874000 0.943000 0.156000 0.110000
2 0.080000 0.888000 0.108000 0.100000
2 0.555000 0.802000 0.118000 0.116000
2 0.276000 0.928000 0.148000 0.124000
2 0.128000 0.652000 0.148000 0.100000
2 0.938000 0.112000 0.120000 0.224000
2 0.077000 0.765000 0.090000 0.098000
2 0.682000 0.500000 0.124000 0.144000
2 0.057000 0.060000 0.114000 0.088000
2 0.054000 0.144000 0.108000 0.088000
11 0.770000 0.052000 0.040000 0.052000
11 0.393000 0.941000 0.030000 0.042000
11 0.670000 0.284000 0.036000 0.044000
11 0.576000 0.520000 0.024000 0.032000
11 0.687000 0.768000 0.050000 0.036000
11 0.536000 0.608000 0.036000 0.052000
11 0.898000 0.273000 0.028000 0.038000
2 0.020000 0.270000 0.040000 0.092000
11 0.121000 0.464000 0.026000 0.044000
11 0.647000 0.749000 0.038000 0.026000
2 0.310000 0.121000 0.188000 0.114000
2 0.530000 0.955000 0.140000 0.086000
2 0.061000 0.350000 0.122000 0.116000
2 0.984000 0.647000 0.028000 0.102000
11 0.168000 0.454000 0.024000 0.044000
2 0.678000 0.985000 0.144000 0.026000
