2 0.941000 0.863000 0.114000 0.106000
2 0.440000 0.363000 0.268000 0.238000
2 0.590000 0.857000 0.336000 0.282000
11 0.698000 0.561000 0.036000 0.042000
11 0.575000 0.691000 0.042000 0.042000
11 0.355000 0.874000 0.038000 0.036000
2 0.222000 0.552000 0.188000 0.180000
2 0.303000 0.159000 0.118000 0.126000
11 0.679000 0.661000 0.046000 0.038000
11 0.043000 0.162000 0.030000 0.036000
11 0.890000 0.440000 0.032000 0.040000
2 0.961000 0.733000 0.074000 0.106000
11 0.575000 0.768000 0.042000 0.036000
2 0.035000 0.475000 0.070000 0.114000
11 0.969000 0.244000 0.042000 0.044000
11 0.743000 0.587000 0.042000 0.046000
2 0.046000 0.032000 0.092000 0.064000
2 0.526000 0.063000 0.176000 0.126000
11 0.749000 0.458000 0.038000 0.044000
11 0.542000 0.802000 0.032000 0.032000
2 0.709080 0.306920 0.426160 0.513840
11 0.712000 0.497000 0.036000 0.042000
11 0.043000 0.989000 0.054000 0.018000
2 0.242000 0.763000 0.480000 0.406000
2 0.955000 0.043000 0.086000 0.086000
2 0.131000 0.273000 0.210000 0.262000
11 0.008000 0.982000 0.016000 0.032000
11 0.007000 0.941000 0.014000 0.042000
11 0.870000 0.013000 0.028000 0.026000
