2 0.541000 0.281000 0.122000 0.098000
2 0.959000 0.067000 0.078000 0.134000
2 0.854000 0.536000 0.152000 0.148000
2 0.080000 0.458000 0.076000 0.108000
2 0.336000 0.338000 0.096000 0.100000
2 0.345000 0.959000 0.122000 0.078000
2 0.116000 0.573000 0.128000 0.158000
2 0.462000 0.671000 0.140000 0.102000
2 0.428000 0.766000 0.136000 0.088000
2 0.597000 0.558000 0.194000 0.152000
2 0.112000 0.201000 0.120000 0.118000
2 0.400000 0.874000 0.152000 0.128000
2 0.260000 0.495000 0.088000 0.118000
2 0.950000 0.869000 0.096000 0.102000
2 0.342000 0.223000 0.144000 0.146000
2 0.645000 0.360000 0.142000 0.168000
11 0.172000 0.387000 0.044000 0.034000
2 0.819000 0.068000 0.130000 0.088000
11 0.432000 0.335000 0.028000 0.042000
11 0.296000 0.025000 0.048000 0.042000
2 0.638000 0.146000 0.176000 0.152000
3 0.498000 0.117000 0.068000 0.062000
11 0.447000 0.285000 0.030000 0.038000
11 0.139000 0.816000 0.050000 0.032000
3 0.440000 0.132000 0.044000 0.064000
2 0.460000 0.050000 0.144000 0.100000
11 0.263000 0.771000 0.026000 0.046000
11 0.089000 0.357000 0.038000 0.034000
11 0.049000 0.342000 0.042000 0.032000
3 0.338000 0.426000 0.044000 0.076000
11 0.532000 0.076000 0.028000 0.040000
11 0.901000 0.389000 0.038000 0.034000
11 0.941000 0.411000 0.042000 0.038000
11 0.863000 0.362000 0.042000 0.036000
11 0.363000 0.066000 0.046000 0.040000
11 0.599000 0.205000 0.042000 0.038000
2 0.085000 0.899000 0.130000 0.098000
2 0.019000 0.163000 0.038000 0.146000
11 0.317000 0.626000 0.030000 0.052000
11 0.299000 0.429000 0.038000 0.030000
11 0.209000 0.915000 0.030000 0.046000
7 0.014000 0.328000 0.028000 0.032000
2 0.225000 0.662000 0.082000 0.092000
2 0.812000 0.249000 0.124000 0.142000
11 0.710000 0.274000 0.040000 0.036000
11 0.984000 0.441000 0.028000 0.038000
7 0.415000 0.096000 0.058000 0.044000
3 0.518000 0.187000 0.044000 0.074000
2 0.017000 0.026000 0.034000 0.052000
2 0.695000 0.751000 0.078000 0.134000
2 0.019000 0.796000 0.038000 0.084000
