2 0.608000 0.534000 0.116000 0.108000
2 0.818000 0.621000 0.168000 0.190000
2 0.176000 0.446000 0.172000 0.136000
2 0.072000 0.719000 0.128000 0.126000
2 0.218000 0.099000 0.108000 0.126000
2 0.562000 0.245000 0.132000 0.102000
2 0.889000 0.149000 0.190000 0.266000
2 0.186000 0.276000 0.104000 0.120000
2 0.179000 0.883000 0.158000 0.130000
11 0.054000 0.906000 0.040000 0.056000
11 0.110000 0.955000 0.036000 0.050000
11 0.624000 0.177000 0.028000 0.038000
11 0.668000 0.028000 0.044000 0.040000
11 0.381000 0.610000 0.046000 0.036000
11 0.073000 0.033000 0.038000 0.034000
11 0.704000 0.305000 0.032000 0.046000
2 0.089000 0.180000 0.178000 0.144000
11 0.340000 0.587000 0.040000 0.054000
11 0.748000 0.289000 0.028000 0.042000
11 0.128000 0.010000 0.040000 0.020000
11 0.175000 0.034000 0.050000 0.036000
11 0.984000 0.023000 0.028000 0.034000
2 0.530000 0.030000 0.196000 0.060000
2 0.973000 0.398000 0.050000 0.100000
2 0.518000 0.968000 0.192000 0.060000
11 0.452000 0.587000 0.060000 0.038000
2 0.367000 0.902000 0.210000 0.156000
11 0.735000 0.182000 0.038000 0.036000
7 0.279000 0.617000 0.042000 0.062000
2 0.490000 0.358000 0.136000 0.112000
11 0.190000 0.645000 0.036000 0.050000
11 0.756000 0.091000 0.032000 0.046000
11 0.821000 0.263000 0.022000 0.034000
11 0.385000 0.561000 0.034000 0.050000
2 0.193000 0.982000 0.150000 0.032000
