2 0.387000 0.784000 0.210000 0.208000
2 0.816000 0.166000 0.108000 0.124000
2 0.546000 0.165000 0.312000 0.214000
2 0.691000 0.612000 0.190000 0.144000
2 0.916000 0.126000 0.112000 0.124000
2 0.728000 0.418000 0.132000 0.096000
11 0.366000 0.067000 0.044000 0.038000
7 0.069000 0.899000 0.054000 0.038000
11 0.029000 0.357000 0.042000 0.030000
11 0.928000 0.265000 0.024000 0.050000
2 0.229000 0.403000 0.458000 0.414000
11 0.895000 0.357000 0.034000 0.054000
11 0.067000 0.160000 0.058000 0.048000
2 0.975000 0.414000 0.046000 0.092000
7 0.315000 0.980000 0.058000 0.040000
2 0.705000 0.321000 0.114000 0.098000
2 0.041000 0.048000 0.082000 0.096000
2 0.616830 0.736110 0.185660 0.168220
2 0.569000 0.867360 0.238000 0.170720
