2 0.137000 0.090000 0.274000 0.180000
3 0.111000 0.762000 0.074000 0.176000
11 0.228000 0.350000 0.036000 0.040000
11 0.100000 0.370000 0.036000 0.044000
11 0.268000 0.158000 0.036000 0.044000
11 0.184000 0.266000 0.036000 0.040000
11 0.371000 0.031000 0.034000 0.038000
11 0.468000 0.754000 0.040000 0.028000
11 0.961000 0.848000 0.046000 0.032000
11 0.042000 0.239000 0.044000 0.030000
2 0.020000 0.304000 0.040000 0.120000
2 0.614000 0.408000 0.768000 0.764000
2 0.529000 0.927000 0.886000 0.142000
11 0.447000 0.121000 0.038000 0.042000
3 0.053000 0.509000 0.078000 0.074000
11 0.008000 0.230000 0.016000 0.028000
11 0.156000 0.301000 0.028000 0.030000
7 0.862000 0.970000 0.052000 0.032000
11 0.341000 0.253000 0.026000 0.030000
2 0.016000 0.925000 0.032000 0.146000
