3 0.499000 0.133000 0.122000 0.058000
3 0.592000 0.032000 0.056000 0.064000
11 0.856000 0.583000 0.036000 0.046000
11 0.149000 0.607000 0.026000 0.050000
11 0.545000 0.364000 0.026000 0.060000
3 0.800000 0.024000 0.048000 0.048000
11 0.874000 0.216000 0.028000 0.060000
11 0.543000 0.277000 0.022000 0.050000
3 0.892000 0.126000 0.112000 0.052000
7 0.167000 0.705000 0.034000 0.070000
11 0.557000 0.816000 0.022000 0.052000
11 0.557000 0.945000 0.022000 0.050000
11 0.550000 0.666000 0.020000 0.048000
2 0.054000 0.844000 0.108000 0.312000
11 0.100000 0.688000 0.028000 0.028000
11 0.548000 0.605000 0.024000 0.046000
11 0.529000 0.965000 0.022000 0.050000
7 0.104000 0.526000 0.036000 0.064000
11 0.557000 0.886000 0.022000 0.052000
11 0.102000 0.794000 0.032000 0.032000
11 0.846000 0.178000 0.020000 0.056000
11 0.428000 0.575000 0.020000 0.042000
11 0.545000 0.538000 0.018000 0.052000
6 0.526000 0.904000 0.028000 0.068000
11 0.181000 0.818000 0.022000 0.056000
7 0.552000 0.749000 0.024000 0.058000
11 0.169000 0.765000 0.022000 0.050000
11 0.747000 0.987000 0.022000 0.022000
11 0.136000 0.527000 0.028000 0.046000
6 0.550490 0.464260 0.040980 0.096520
