11 0.314000 0.197000 0.036000 0.050000
2 0.565000 0.768000 0.146000 0.120000
11 0.403000 0.086000 0.038000 0.044000
11 0.163000 0.319000 0.046000 0.058000
2 0.360000 0.348000 0.228000 0.236000
2 0.613000 0.638000 0.154000 0.128000
2 0.936000 0.796000 0.124000 0.232000
2 0.101000 0.836000 0.202000 0.324000
2 0.837000 0.223000 0.158000 0.178000
11 0.825000 0.562000 0.050000 0.024000
11 0.284000 0.253000 0.032000 0.046000
11 0.132000 0.030000 0.036000 0.044000
11 0.891000 0.511000 0.050000 0.022000
11 0.345000 0.154000 0.030000 0.036000
2 0.502000 0.908000 0.512000 0.180000
2 0.880000 0.070000 0.236000 0.140000
2 0.767000 0.402000 0.462000 0.172000
2 0.341000 0.696000 0.410000 0.256000
2 0.647000 0.083000 0.242000 0.166000
