2 0.530000 0.565000 0.168000 0.166000
2 0.156000 0.907000 0.148000 0.130000
2 0.621000 0.924000 0.218000 0.148000
11 0.577000 0.809000 0.046000 0.038000
11 0.607000 0.763000 0.042000 0.038000
2 0.171000 0.708000 0.338000 0.360000
11 0.759000 0.855000 0.046000 0.038000
2 0.501000 0.072000 0.254000 0.144000
2 0.754000 0.582000 0.360000 0.408000
11 0.621000 0.837000 0.042000 0.038000
11 0.352000 0.937000 0.036000 0.050000
11 0.164000 0.484000 0.044000 0.040000
11 0.405000 0.799000 0.026000 0.046000
11 0.911000 0.952000 0.038000 0.036000
11 0.359000 0.547000 0.030000 0.042000
11 0.877000 0.158000 0.042000 0.056000
11 0.775000 0.932000 0.042000 0.040000
2 0.656000 0.234000 0.336000 0.268000
11 0.121000 0.457000 0.042000 0.038000
11 0.927000 0.238000 0.034000 0.044000
11 0.815000 0.962000 0.042000 0.036000
11 0.830000 0.256000 0.040000 0.052000
11 0.890000 0.340000 0.032000 0.040000
11 0.420000 0.645000 0.028000 0.034000
11 0.795000 0.197000 0.038000 0.050000
11 0.260000 0.544000 0.044000 0.032000
11 0.719000 0.078000 0.034000 0.044000
11 0.865000 0.303000 0.038000 0.046000
11 0.953000 0.978000 0.038000 0.032000
11 0.982000 0.323000 0.032000 0.050000
11 0.335000 0.980000 0.030000 0.036000
11 0.719000 0.897000 0.034000 0.038000
11 0.835000 0.906000 0.042000 0.036000
7 0.693000 0.819000 0.054000 0.046000
11 0.698000 0.044000 0.028000 0.040000
11 0.453000 0.666000 0.042000 0.036000
11 0.013000 0.383000 0.026000 0.038000
11 0.982000 0.210000 0.032000 0.044000
11 0.766000 0.155000 0.032000 0.038000
3 0.411000 0.739000 0.094000 0.074000
11 0.744000 0.118000 0.036000 0.044000
11 0.566000 0.733000 0.040000 0.034000
2 0.407000 0.982000 0.114000 0.032000
11 0.212000 0.516000 0.052000 0.048000
6 0.683000 0.851000 0.074000 0.054000
2 0.048000 0.330000 0.096000 0.116000
11 0.392000 0.580000 0.024000 0.040000
2 0.101000 0.984000 0.146000 0.028000
2 0.987000 0.749000 0.022000 0.122000
