2 0.862000 0.604000 0.272000 0.336000
7 0.124000 0.543000 0.048000 0.062000
11 0.254000 0.805000 0.036000 0.054000
11 0.585000 0.158000 0.042000 0.032000
11 0.413000 0.971000 0.030000 0.038000
2 0.104000 0.880000 0.208000 0.236000
2 0.955000 0.906000 0.086000 0.184000
7 0.052590 0.499910 0.057180 0.063820
11 0.763000 0.060000 0.046000 0.028000
2 0.399980 0.230590 0.203960 0.153180
2 0.479340 0.565590 0.294680 0.239180
2 0.718790 0.863790 0.345580 0.271580
2 0.698460 0.430330 0.200920 0.232660
2 0.539570 0.352240 0.187140 0.240480
11 0.859090 0.022400 0.034180 0.024800
2 0.297000 0.473970 0.234000 0.283940
2 0.153780 0.198820 0.299560 0.389640
