2 0.659000 0.774000 0.098000 0.116000
2 0.434000 0.425000 0.132000 0.186000
2 0.716000 0.121000 0.084000 0.102000
2 0.948000 0.195000 0.100000 0.386000
3 0.804000 0.809000 0.120000 0.082000
3 0.768000 0.899000 0.056000 0.098000
2 0.950000 0.785000 0.096000 0.102000
2 0.307000 0.312000 0.122000 0.120000
3 0.898000 0.885000 0.056000 0.078000
11 0.447000 0.844000 0.058000 0.032000
2 0.023000 0.688000 0.046000 0.148000
11 0.292000 0.837000 0.044000 0.026000
11 0.713000 0.866000 0.046000 0.032000
11 0.190000 0.818000 0.052000 0.028000
11 0.559000 0.852000 0.046000 0.028000
11 0.067000 0.809000 0.050000 0.030000
2 0.449000 0.179000 0.086000 0.122000
2 0.056000 0.164000 0.112000 0.100000
11 0.243000 0.830000 0.050000 0.032000
11 0.605000 0.856000 0.046000 0.028000
11 0.952000 0.409000 0.028000 0.046000
11 0.663000 0.870000 0.050000 0.028000
3 0.851000 0.958000 0.082000 0.056000
2 0.402000 0.702000 0.092000 0.140000
2 0.735000 0.039000 0.082000 0.078000
11 0.508000 0.852000 0.056000 0.028000
11 0.607000 0.046000 0.042000 0.036000
11 0.952000 0.892000 0.028000 0.028000
2 0.190000 0.693000 0.288000 0.194000
2 0.254000 0.075000 0.124000 0.066000
2 0.197000 0.964000 0.098000 0.068000
2 0.821000 0.155000 0.126000 0.162000
2 0.834000 0.385000 0.096000 0.134000
2 0.487000 0.989000 0.118000 0.018000
2 0.968000 0.628000 0.060000 0.232000
2 0.638000 0.019000 0.120000 0.038000
2 0.717000 0.973000 0.138000 0.050000
2 0.329000 0.989000 0.138000 0.018000
2 0.016000 0.312000 0.032000 0.132000
2 0.099000 0.964000 0.114000 0.068000
