2 0.827000 0.705000 0.130000 0.114000
2 0.538000 0.911000 0.128000 0.110000
2 0.811000 0.892000 0.098000 0.112000
2 0.549000 0.342000 0.114000 0.140000
2 0.320000 0.164000 0.104000 0.136000
2 0.099000 0.913000 0.130000 0.134000
2 0.733000 0.358000 0.154000 0.156000
2 0.612000 0.589000 0.096000 0.090000
2 0.900000 0.603000 0.116000 0.106000
2 0.445000 0.352000 0.110000 0.104000
2 0.322000 0.885000 0.136000 0.162000
2 0.934000 0.500000 0.112000 0.136000
2 0.207000 0.406000 0.130000 0.132000
2 0.430000 0.458000 0.088000 0.120000
2 0.913000 0.398000 0.098000 0.076000
2 0.934000 0.936000 0.128000 0.124000
2 0.367000 0.675000 0.114000 0.094000
2 0.373000 0.057000 0.110000 0.114000
2 0.589000 0.791000 0.134000 0.122000
2 0.067000 0.075000 0.134000 0.150000
2 0.612000 0.675000 0.216000 0.130000
11 0.648000 0.923000 0.028000 0.034000
11 0.758000 0.564000 0.028000 0.048000
2 0.253000 0.274000 0.182000 0.136000
2 0.132000 0.668000 0.152000 0.172000
2 0.959000 0.318000 0.078000 0.084000
11 0.860000 0.229000 0.028000 0.042000
2 0.482000 0.554000 0.100000 0.084000
11 0.013000 0.172000 0.026000 0.044000
11 0.874000 0.186000 0.028000 0.044000
11 0.925000 0.017000 0.026000 0.034000
2 0.980000 0.160000 0.036000 0.128000
11 0.702000 0.744000 0.028000 0.048000
2 0.777000 0.135000 0.094000 0.150000
2 0.744000 0.975000 0.112000 0.046000
2 0.529000 0.108000 0.126000 0.216000
2 0.987000 0.781000 0.022000 0.110000
2 0.014000 0.433000 0.028000 0.170000
2 0.331000 0.989000 0.186000 0.018000
