3 0.714000 0.693000 0.096000 0.054000
3 0.710000 0.146000 0.052000 0.152000
2 0.601000 0.503000 0.278000 0.278000
7 0.816000 0.151000 0.040000 0.074000
2 0.917000 0.199000 0.162000 0.142000
2 0.473880 0.195780 0.203760 0.175560
11 0.566000 0.083000 0.040000 0.026000
2 0.647310 0.279800 0.198620 0.207600
11 0.655000 0.151000 0.042000 0.030000
2 0.137000 0.587000 0.274000 0.166000
3 0.603000 0.810000 0.042000 0.148000
11 0.154000 0.798000 0.048000 0.032000
2 0.341000 0.606000 0.134000 0.084000
3 0.800000 0.767000 0.056000 0.094000
11 0.708000 0.912000 0.028000 0.056000
2 0.251000 0.148000 0.278000 0.220000
11 0.823000 0.055000 0.026000 0.046000
11 0.294000 0.009000 0.044000 0.018000
3 0.781000 0.232000 0.082000 0.052000
11 0.751000 0.036000 0.022000 0.044000
11 0.661000 0.112000 0.046000 0.032000
11 0.612000 0.102000 0.060000 0.040000
2 0.982000 0.528000 0.032000 0.120000
2 0.072000 0.113720 0.132000 0.211440
