2 0.131000 0.057000 0.166000 0.114000
2 0.874000 0.356000 0.184000 0.164000
2 0.627000 0.842000 0.134000 0.120000
2 0.057000 0.936000 0.114000 0.124000
2 0.488000 0.818000 0.132000 0.148000
2 0.971000 0.296000 0.054000 0.116000
2 0.790000 0.074000 0.288000 0.136000
2 0.440000 0.536000 0.120000 0.156000
2 0.373000 0.774000 0.122000 0.172000
2 0.037000 0.495000 0.074000 0.146000
2 0.097000 0.389850 0.130000 0.111700
11 0.007000 0.333000 0.014000 0.034000
2 0.289000 0.855000 0.134000 0.174000
2 0.169000 0.928500 0.158000 0.133000
2 0.149000 0.540500 0.130000 0.161000
2 0.060000 0.146500 0.116000 0.141000
11 0.013500 0.266000 0.027000 0.028000
2 0.752000 0.812500 0.140000 0.137000
2 0.487000 0.238500 0.266000 0.221000
2 0.290500 0.294000 0.197000 0.268000
2 0.897000 0.729500 0.134000 0.163000
2 0.467500 0.025500 0.127000 0.051000
