2 0.472000 0.666000 0.136000 0.112000
2 0.776000 0.157000 0.148000 0.178000
2 0.657000 0.915000 0.110000 0.130000
2 0.721000 0.485000 0.166000 0.202000
2 0.906000 0.187000 0.120000 0.150000
2 0.165000 0.805000 0.130000 0.130000
2 0.507000 0.918000 0.178000 0.160000
11 0.341000 0.893000 0.042000 0.038000
11 0.501000 0.816000 0.050000 0.040000
2 0.904000 0.806000 0.116000 0.152000
2 0.543000 0.048000 0.162000 0.096000
2 0.339000 0.417000 0.170000 0.150000
2 0.224000 0.537000 0.076000 0.090000
2 0.027000 0.254000 0.054000 0.120000
11 0.225000 0.296000 0.030000 0.040000
11 0.647000 0.682000 0.046000 0.040000
11 0.240000 0.946000 0.032000 0.032000
2 0.024000 0.438000 0.048000 0.188000
11 0.025000 0.759000 0.026000 0.046000
2 0.793000 0.872000 0.126000 0.152000
2 0.982000 0.736000 0.032000 0.120000
11 0.359000 0.014000 0.030000 0.028000
2 0.984000 0.175000 0.028000 0.142000
2 0.545000 0.444000 0.174000 0.192000
2 0.221000 0.980000 0.126000 0.036000
11 0.365000 0.818000 0.030000 0.028000
3 0.012000 0.888000 0.024000 0.064000
2 0.032000 0.054000 0.064000 0.108000
2 0.936000 0.498000 0.124000 0.124000
