11 0.240000 0.812000 0.032000 0.032000
11 0.834000 0.934000 0.024000 0.048000
2 0.588310 0.799310 0.228620 0.170620
11 0.499000 0.634000 0.046000 0.036000
11 0.911000 0.917000 0.026000 0.042000
11 0.802000 0.515000 0.032000 0.022000
11 0.970000 0.901000 0.032000 0.046000
2 0.453000 0.984000 0.150000 0.028000
2 0.210000 0.969000 0.164000 0.058000
11 0.028000 0.985000 0.040000 0.026000
11 0.461000 0.890000 0.030000 0.032000
11 0.528310 0.648460 0.044620 0.036920
2 0.801380 0.752150 0.250760 0.172300
2 0.948770 0.716310 0.101540 0.164620
