2 0.452000 0.580000 0.132000 0.152000
7 0.091000 0.661000 0.066000 0.046000
2 0.160000 0.461000 0.320000 0.310000
11 0.888000 0.900000 0.048000 0.032000
3 0.455000 0.758000 0.054000 0.084000
11 0.745000 0.825000 0.046000 0.034000
11 0.096000 0.700000 0.044000 0.032000
11 0.624330 0.719330 0.044660 0.034660
11 0.865000 0.736000 0.046000 0.028000
11 0.523000 0.790000 0.046000 0.036000
11 0.849000 0.826000 0.042000 0.032000
11 0.860000 0.675000 0.044000 0.026000
11 0.141000 0.712000 0.046000 0.036000
11 0.226000 0.735000 0.048000 0.038000
11 0.048000 0.684000 0.044000 0.036000
7 0.804000 0.263000 0.032000 0.054000
11 0.861000 0.584000 0.046000 0.032000
11 0.273000 0.744000 0.046000 0.036000
11 0.147000 0.612000 0.050000 0.032000
11 0.385000 0.489000 0.026000 0.046000
11 0.371000 0.547000 0.034000 0.042000
11 0.865000 0.642000 0.046000 0.028000
11 0.184000 0.722000 0.044000 0.036000
11 0.589000 0.469000 0.022000 0.046000
11 0.489230 0.365110 0.022460 0.050220
11 0.538000 0.370300 0.024000 0.052600
11 0.464000 0.356000 0.024000 0.048000
7 0.540000 0.464000 0.028000 0.056000
11 0.878000 0.388000 0.056000 0.028000
7 0.661000 0.319000 0.026000 0.054000
11 0.865000 0.494000 0.046000 0.028000
7 0.870000 0.434000 0.056000 0.032000
11 0.664000 0.468000 0.024000 0.048000
11 0.471000 0.295000 0.022000 0.046000
11 0.520000 0.314000 0.024000 0.044000
7 0.638000 0.464000 0.028000 0.052000
7 0.687850 0.326000 0.027700 0.060000
7 0.711080 0.331230 0.026160 0.058460
11 0.733000 0.335000 0.022000 0.046000
7 0.800000 0.392000 0.028000 0.056000
7 0.661000 0.374980 0.026000 0.061960
11 0.438000 0.350000 0.028000 0.048000
11 0.511000 0.370300 0.022000 0.052600
11 0.612000 0.469000 0.024000 0.046000
11 0.612000 0.321000 0.024000 0.046000
11 0.492000 0.459000 0.024000 0.042000
11 0.707000 0.380000 0.026000 0.048000
11 0.733000 0.382000 0.022000 0.044000
7 0.445000 0.299000 0.034000 0.058000
11 0.444000 0.459000 0.024000 0.046000
7 0.636000 0.373980 0.024000 0.059960
7 0.564000 0.370000 0.028000 0.056000
11 0.589000 0.318000 0.022000 0.044000
2 0.068000 0.170000 0.136000 0.264000
11 0.636000 0.321000 0.024000 0.046000
7 0.098000 0.599000 0.056000 0.042000
7 0.012000 0.663000 0.024000 0.042000
7 0.784670 0.031000 0.049340 0.062000
11 0.865000 0.464000 0.046000 0.028000
11 0.515000 0.462000 0.022000 0.048000
7 0.992000 0.241000 0.012000 0.034000
7 0.873690 0.205380 0.055380 0.030760
7 0.890620 0.328310 0.029240 0.064620
7 0.892920 0.268460 0.033840 0.056920
6 0.758920 0.520920 0.033840 0.093840
7 0.362460 0.624430 0.044920 0.052860
7 0.806500 0.183000 0.037000 0.074000
11 0.521050 0.219160 0.062100 0.038320
