11 0.308000 0.014000 0.044000 0.028000
11 0.254000 0.065000 0.044000 0.034000
11 0.212000 0.107000 0.052000 0.042000
11 0.156000 0.013000 0.056000 0.026000
11 0.013820 0.202310 0.027640 0.028620
11 0.012760 0.178730 0.025520 0.029460
11 0.123340 0.129220 0.042680 0.034440
11 0.087460 0.146060 0.034920 0.028120
11 0.210910 0.038550 0.037820 0.029100
11 0.298060 0.047760 0.044120 0.031520
11 0.205400 0.016550 0.038800 0.029100
11 0.049220 0.160790 0.034440 0.029580
5 0.194760 0.886810 0.389520 0.225620
5 0.694600 0.569120 0.445200 0.502240
5 0.861900 0.452900 0.275800 0.525800
5 0.819000 0.858000 0.362000 0.284000
