11 0.135000 0.684000 0.042000 0.056000
11 0.902000 0.062000 0.028000 0.048000
11 0.529000 0.133000 0.042000 0.038000
3 0.786000 0.334000 0.048000 0.132000
3 0.487000 0.128000 0.062000 0.116000
11 0.362000 0.251000 0.028000 0.042000
11 0.812000 0.707000 0.024000 0.038000
11 0.906000 0.172000 0.028000 0.044000
11 0.825000 0.608000 0.022000 0.052000
11 0.833000 0.297000 0.038000 0.042000
3 0.911000 0.398000 0.066000 0.096000
2 0.925000 0.745000 0.146000 0.498000
2 0.372000 0.779000 0.208000 0.262000
11 0.948000 0.444000 0.056000 0.040000
2 0.971000 0.177000 0.054000 0.354000
3 0.843000 0.451000 0.070000 0.042000
11 0.067000 0.978000 0.030000 0.032000
11 0.989000 0.462000 0.018000 0.032000
