2 0.396000 0.048000 0.192000 0.096000
2 0.957000 0.800000 0.082000 0.148000
3 0.607000 0.200000 0.106000 0.060000
11 0.232000 0.885000 0.048000 0.042000
2 0.092000 0.793000 0.184000 0.266000
2 0.257000 0.976000 0.186000 0.044000
11 0.548000 0.153000 0.052000 0.034000
2 0.423000 0.775000 0.130000 0.246000
11 0.989000 0.100000 0.018000 0.052000
11 0.497000 0.971000 0.022000 0.046000
11 0.952000 0.093000 0.036000 0.058000
2 0.785990 0.688330 0.247980 0.536660
2 0.294000 0.472000 0.288000 0.136000
7 0.285000 0.832000 0.030000 0.048000
2 0.571000 0.606000 0.106000 0.340000
7 0.907000 0.111000 0.046000 0.050000
2 0.151000 0.010000 0.302000 0.020000
2 0.687000 0.007000 0.134000 0.014000
