2 0.181000 0.703000 0.234000 0.202000
2 0.391140 0.554210 0.338280 0.248420
11 0.251000 0.489000 0.042000 0.030000
11 0.756000 0.904000 0.040000 0.032000
2 0.921000 0.918000 0.130000 0.132000
11 0.651000 0.964000 0.038000 0.032000
7 0.254430 0.108390 0.052860 0.060780
11 0.268000 0.084000 0.036000 0.040000
2 0.846000 0.183000 0.304000 0.334000
2 0.065000 0.389000 0.130000 0.194000
7 0.048000 0.019000 0.040000 0.038000
2 0.039000 0.863000 0.078000 0.254000
2 0.707000 0.504000 0.342000 0.380000
2 0.426910 0.155000 0.377820 0.310000
11 0.089000 0.006000 0.030000 0.012000
11 0.010000 0.724000 0.020000 0.032000
2 0.539000 0.874000 0.330000 0.240000
2 0.934000 0.698000 0.128000 0.156000
2 0.218000 0.933000 0.236000 0.134000
