2 0.888000 0.090000 0.220000 0.180000
11 0.575000 0.047000 0.050000 0.054000
11 0.430000 0.386000 0.024000 0.044000
11 0.400000 0.688000 0.028000 0.056000
11 0.367000 0.428000 0.022000 0.048000
11 0.369000 0.633000 0.022000 0.038000
11 0.402000 0.763000 0.028000 0.054000
11 0.374000 0.861000 0.024000 0.046000
11 0.398000 0.899000 0.020000 0.042000
11 0.431000 0.801000 0.022000 0.046000
3 0.876000 0.907000 0.080000 0.138000
3 0.437000 0.975000 0.098000 0.046000
11 0.653000 0.122000 0.042000 0.044000
11 0.372000 0.793000 0.024000 0.042000
11 0.386000 0.250000 0.028000 0.044000
11 0.383000 0.156000 0.022000 0.044000
11 0.369000 0.927000 0.018000 0.042000
11 0.401000 0.833000 0.026000 0.046000
11 0.365000 0.562000 0.022000 0.032000
11 0.614000 0.088000 0.036000 0.040000
2 0.684000 0.007000 0.204000 0.014000
