2 0.578000 0.638000 0.128000 0.156000
2 0.351000 0.167000 0.222000 0.178000
2 0.638000 0.374000 0.148000 0.140000
2 0.327000 0.578000 0.142000 0.128000
2 0.074000 0.478000 0.148000 0.336000
11 0.578000 0.334000 0.036000 0.032000
2 0.783000 0.816000 0.162000 0.164000
11 0.350000 0.851000 0.040000 0.046000
3 0.915000 0.536000 0.074000 0.084000
11 0.886000 0.614000 0.032000 0.036000
2 0.355000 0.950000 0.098000 0.096000
2 0.631000 0.918000 0.238000 0.160000
3 0.800000 0.220000 0.072000 0.052000
11 0.929000 0.454000 0.046000 0.052000
2 0.961000 0.887000 0.074000 0.222000
3 0.973000 0.575000 0.050000 0.070000
2 0.477000 0.487000 0.238000 0.198000
2 0.210660 0.655830 0.205320 0.179660
11 0.147000 0.604000 0.038000 0.032000
11 0.826000 0.324000 0.032000 0.044000
2 0.568580 0.132190 0.285160 0.252380
11 0.680000 0.201000 0.048000 0.034000
11 0.012000 0.626000 0.024000 0.032000
2 0.090000 0.783000 0.180000 0.218000
11 0.920000 0.382000 0.036000 0.044000
3 0.980000 0.497000 0.036000 0.098000
3 0.733000 0.197000 0.062000 0.066000
11 0.217000 0.493000 0.030000 0.030000
2 0.952000 0.138000 0.092000 0.156000
11 0.989000 0.653000 0.018000 0.042000
2 0.909000 0.693000 0.154000 0.158000
11 0.329000 0.423000 0.038000 0.030000
2 0.959000 0.361000 0.078000 0.174000
2 0.401000 0.021000 0.190000 0.042000
2 0.753510 0.549530 0.255020 0.211060
2 0.505970 0.763250 0.183940 0.182500
