7 0.936000 0.641000 0.052000 0.050000
11 0.467000 0.971000 0.046000 0.046000
11 0.510000 0.943000 0.044000 0.046000
11 0.809000 0.855000 0.046000 0.038000
11 0.553000 0.920000 0.050000 0.048000
11 0.672000 0.842000 0.032000 0.028000
2 0.133000 0.880000 0.266000 0.236000
11 0.899000 0.789000 0.042000 0.042000
11 0.846000 0.421000 0.056000 0.054000
11 0.888000 0.925000 0.036000 0.026000
11 0.940000 0.978000 0.028000 0.040000
11 0.028000 0.745000 0.052000 0.046000
11 0.989000 0.583000 0.018000 0.046000
11 0.426000 0.989000 0.044000 0.018000
11 0.989000 0.712000 0.018000 0.036000
11 0.890000 0.677000 0.040000 0.042000
11 0.014000 0.705000 0.028000 0.042000
11 0.987000 0.973000 0.022000 0.042000
2 0.950000 0.287000 0.060000 0.062000
11 0.014000 0.950000 0.028000 0.052000
