2 0.870000 0.312000 0.148000 0.152000
11 0.685000 0.652000 0.046000 0.048000
11 0.761000 0.729000 0.042000 0.042000
7 0.335000 0.330000 0.066000 0.056000
2 0.489000 0.661000 0.194000 0.166000
11 0.715000 0.605000 0.042000 0.046000
11 0.638000 0.527000 0.044000 0.046000
3 0.550000 0.482000 0.076000 0.092000
2 0.943000 0.597000 0.110000 0.130000
3 0.552000 0.368000 0.068000 0.104000
2 0.650000 0.812000 0.180000 0.200000
3 0.405000 0.342000 0.082000 0.100000
2 0.101000 0.864000 0.202000 0.268000
11 0.944000 0.768000 0.036000 0.036000
2 0.344000 0.883000 0.188000 0.230000
2 0.406000 0.754000 0.092000 0.064000
2 0.172000 0.504000 0.344000 0.432000
11 0.322000 0.254000 0.040000 0.036000
2 0.978000 0.272000 0.040000 0.124000
3 0.435000 0.473000 0.094000 0.098000
11 0.770000 0.143000 0.032000 0.030000
11 0.577000 0.545000 0.038000 0.046000
11 0.395000 0.301000 0.042000 0.038000
11 0.907000 0.877000 0.038000 0.042000
2 0.749000 0.070000 0.130000 0.140000
2 0.832000 0.901000 0.332000 0.194000
11 0.302000 0.723000 0.028000 0.042000
11 0.700000 0.488000 0.040000 0.032000
2 0.249000 0.057000 0.186000 0.114000
2 0.355000 0.192000 0.178000 0.160000
11 0.004000 0.023000 0.008000 0.030000
11 0.816000 0.848000 0.024000 0.024000
11 0.131000 0.111000 0.038000 0.038000
2 0.303000 0.016000 0.162000 0.032000
2 0.975000 0.681000 0.046000 0.162000
2 0.525350 0.250870 0.222700 0.141740
2 0.515160 0.140730 0.078320 0.089460
2 0.612830 0.122300 0.125660 0.112600
