6 0.316000 0.700000 0.096000 0.068000
11 0.092000 0.895000 0.044000 0.034000
11 0.144000 0.948000 0.044000 0.044000
11 0.219000 0.728000 0.050000 0.040000
7 0.783000 0.934000 0.070000 0.056000
11 0.297000 0.728000 0.046000 0.032000
11 0.726000 0.867000 0.048000 0.042000
11 0.078000 0.566000 0.052000 0.040000
7 0.016000 0.821000 0.032000 0.046000
11 0.006000 0.879000 0.012000 0.046000
6 0.966000 0.967000 0.068000 0.066000
11 0.302000 0.991000 0.056000 0.018000
11 0.436000 0.962000 0.032000 0.036000
