2 0.351000 0.509000 0.138000 0.130000
2 0.150000 0.920000 0.160000 0.156000
2 0.272000 0.633000 0.140000 0.166000
2 0.284000 0.164000 0.112000 0.120000
11 0.775000 0.891000 0.042000 0.050000
2 0.203000 0.246000 0.110000 0.108000
11 0.862000 0.301000 0.024000 0.050000
11 0.818000 0.453000 0.028000 0.058000
11 0.938000 0.358000 0.028000 0.044000
2 0.463000 0.430000 0.118000 0.104000
2 0.695000 0.737000 0.198000 0.430000
11 0.739000 0.299000 0.038000 0.030000
2 0.430000 0.016000 0.120000 0.032000
2 0.700000 0.016000 0.124000 0.032000
2 0.050000 0.365000 0.100000 0.134000
2 0.045000 0.475000 0.090000 0.102000
2 0.012000 0.594000 0.024000 0.152000
2 0.602340 0.122820 0.104680 0.101640
2 0.474030 0.315960 0.128060 0.119920
2 0.707580 0.411240 0.135160 0.154480
2 0.562260 0.235990 0.156520 0.123980
2 0.147010 0.316410 0.126020 0.112820
2 0.202600 0.747110 0.137200 0.138220
2 0.565000 0.953000 0.214000 0.094000
2 0.710240 0.125570 0.092480 0.071140
2 0.706310 0.254750 0.100620 0.093500
