2 0.837000 0.210000 0.326000 0.232000
2 0.512670 0.412830 0.489340 0.281660
7 0.772000 0.633000 0.036000 0.058000
11 0.533000 0.968000 0.030000 0.048000
11 0.778000 0.328000 0.064000 0.044000
11 0.143000 0.019000 0.046000 0.038000
11 0.718000 0.957000 0.028000 0.046000
7 0.806000 0.531000 0.032000 0.050000
11 0.830000 0.459000 0.028000 0.038000
11 0.712000 0.307000 0.040000 0.030000
11 0.694000 0.712000 0.036000 0.032000
11 0.737000 0.731000 0.030000 0.042000
11 0.424000 0.934000 0.028000 0.048000
11 0.574000 0.262000 0.048000 0.036000
11 0.478000 0.231000 0.052000 0.038000
11 0.373000 0.986000 0.038000 0.024000
11 0.619000 0.275000 0.046000 0.034000
11 0.277000 0.536000 0.026000 0.036000
11 0.469000 0.599000 0.034000 0.050000
11 0.593000 0.552000 0.050000 0.040000
11 0.380000 0.202000 0.060000 0.036000
11 0.663000 0.296000 0.058000 0.036000
11 0.314000 0.899000 0.024000 0.038000
11 0.528000 0.249000 0.044000 0.034000
3 0.884500 0.414500 0.085000 0.057000
2 0.610500 0.746000 0.125000 0.100000
11 0.895500 0.659000 0.055000 0.046000
11 0.274500 0.442500 0.029000 0.041000
11 0.440500 0.587000 0.029000 0.042000
11 0.387000 0.571000 0.038000 0.046000
11 0.421500 0.582000 0.027000 0.040000
11 0.311500 0.550000 0.027000 0.044000
11 0.243500 0.527500 0.031000 0.043000
7 0.658000 0.610500 0.072000 0.041000
11 0.442000 0.220500 0.044000 0.029000
11 0.225000 0.524500 0.030000 0.045000
11 0.345000 0.468000 0.038000 0.048000
11 0.305500 0.453500 0.031000 0.043000
11 0.634500 0.902000 0.045000 0.040000
11 0.344000 0.563000 0.040000 0.050000
11 0.784500 0.585500 0.037000 0.047000
2 0.866000 0.862500 0.116000 0.093000
2 0.543500 0.895500 0.155000 0.119000
11 0.469500 0.946500 0.035000 0.041000
2 0.892500 0.775000 0.101000 0.118000
11 0.722500 0.768000 0.037000 0.040000
11 0.756000 0.685500 0.040000 0.051000
2 0.134000 0.751500 0.076000 0.091000
2 0.971000 0.768500 0.058000 0.109000
11 0.328500 0.462500 0.029000 0.041000
11 0.675000 0.581000 0.058000 0.038000
2 0.076500 0.757000 0.057000 0.046000
2 0.080000 0.297000 0.160000 0.314000
2 0.954700 0.535350 0.089400 0.158700
2 0.154000 0.952000 0.308000 0.096000
