2 0.759410 0.660310 0.242820 0.216620
2 0.302000 0.092000 0.344000 0.184000
11 0.531000 0.169000 0.046000 0.034000
11 0.031000 0.476000 0.046000 0.036000
11 0.048000 0.874000 0.032000 0.036000
2 0.208080 0.966000 0.152160 0.064000
2 0.941000 0.869000 0.114000 0.250000
2 0.482000 0.856000 0.184000 0.240000
11 0.068000 0.449000 0.044000 0.034000
2 0.057690 0.198770 0.115380 0.281540
2 0.061000 0.041000 0.122000 0.082000
11 0.125000 0.814000 0.034000 0.028000
2 0.916000 0.575000 0.168000 0.226000
2 0.670620 0.830000 0.269240 0.320000
2 0.146310 0.167380 0.184620 0.170760
2 0.375380 0.888460 0.150760 0.136920
