2 0.046000 0.626000 0.092000 0.136000
11 0.939000 0.722000 0.038000 0.028000
11 0.633000 0.051000 0.046000 0.034000
11 0.890000 0.061000 0.032000 0.050000
11 0.549000 0.074000 0.046000 0.036000
11 0.557000 0.119000 0.042000 0.030000
7 0.964000 0.825000 0.052000 0.034000
11 0.948000 0.752000 0.048000 0.032000
2 0.651000 0.980000 0.130000 0.036000
2 0.466000 0.522000 0.444000 0.632000
2 0.017000 0.867000 0.034000 0.134000
11 0.619000 0.007000 0.046000 0.014000
11 0.667000 0.191000 0.014000 0.022000
11 0.947000 0.779000 0.046000 0.030000
2 0.976000 0.320000 0.044000 0.088000
