2 0.770000 0.455000 0.200000 0.190000
2 0.501000 0.071000 0.106000 0.110000
2 0.440000 0.300000 0.144000 0.140000
2 0.844000 0.142000 0.164000 0.268000
2 0.655000 0.904000 0.650000 0.188000
2 0.185000 0.156000 0.162000 0.148000
11 0.679000 0.131000 0.046000 0.026000
11 0.685000 0.064000 0.046000 0.028000
2 0.168000 0.039000 0.296000 0.078000
11 0.118000 0.185000 0.052000 0.042000
11 0.175000 0.214000 0.038000 0.036000
11 0.459000 0.431000 0.034000 0.034000
11 0.677000 0.093000 0.050000 0.030000
11 0.610000 0.065000 0.048000 0.034000
11 0.675000 0.028000 0.046000 0.028000
3 0.427000 0.378000 0.046000 0.076000
2 0.158000 0.382000 0.316000 0.252000
11 0.982000 0.193000 0.032000 0.026000
11 0.985000 0.041000 0.026000 0.046000
11 0.234000 0.247000 0.048000 0.038000
11 0.982000 0.148000 0.032000 0.028000
2 0.365000 0.530000 0.166000 0.236000
2 0.251000 0.864000 0.158000 0.268000
2 0.962000 0.016000 0.072000 0.032000
2 0.593330 0.378670 0.234660 0.181340
2 0.351330 0.189330 0.186660 0.174660
