2 0.860000 0.199000 0.276000 0.326000
2 0.097000 0.575000 0.194000 0.430000
2 0.365000 0.779000 0.298000 0.338000
2 0.181000 0.115000 0.126000 0.102000
2 0.544000 0.310000 0.104000 0.128000
7 0.906920 0.857000 0.049840 0.074000
2 0.281000 0.050000 0.146000 0.100000
2 0.407000 0.363000 0.090000 0.106000
11 0.749000 0.633000 0.038000 0.054000
11 0.281000 0.187000 0.042000 0.030000
11 0.288000 0.139000 0.044000 0.034000
11 0.659000 0.314000 0.034000 0.044000
3 0.600000 0.230000 0.120000 0.072000
11 0.956000 0.857000 0.032000 0.042000
2 0.411000 0.261000 0.194000 0.130000
11 0.797000 0.675000 0.042000 0.054000
11 0.932000 0.009000 0.032000 0.018000
3 0.936000 0.922000 0.080000 0.060000
7 0.860000 0.871000 0.036000 0.042000
3 0.369000 0.133000 0.070000 0.102000
7 0.783000 0.707000 0.042000 0.054000
7 0.232000 0.212000 0.048000 0.036000
2 0.962000 0.617000 0.072000 0.246000
11 0.689000 0.522000 0.030000 0.028000
2 0.700000 0.774000 0.264000 0.300000
11 0.941000 0.818000 0.034000 0.036000
7 0.408000 0.562000 0.048000 0.068000
7 0.395080 0.519080 0.066160 0.066160
