2 0.794000 0.732000 0.116000 0.116000
2 0.688000 0.707000 0.112000 0.138000
2 0.500000 0.633000 0.116000 0.110000
2 0.255000 0.240000 0.122000 0.092000
2 0.233000 0.399000 0.106000 0.118000
2 0.192000 0.814000 0.168000 0.092000
2 0.142000 0.959000 0.120000 0.078000
2 0.056000 0.895000 0.096000 0.126000
2 0.751000 0.333000 0.106000 0.118000
2 0.379000 0.611000 0.098000 0.102000
2 0.862000 0.853000 0.124000 0.118000
2 0.540000 0.425000 0.120000 0.122000
2 0.041000 0.335000 0.082000 0.106000
2 0.105000 0.589000 0.094000 0.106000
2 0.469000 0.282000 0.098000 0.100000
2 0.850000 0.337000 0.112000 0.102000
2 0.190880 0.576710 0.077760 0.097420
11 0.218000 0.516000 0.044000 0.032000
11 0.594000 0.524000 0.052000 0.032000
11 0.292000 0.475000 0.048000 0.026000
2 0.299000 0.864000 0.074000 0.084000
11 0.398000 0.489000 0.044000 0.030000
2 0.366000 0.414000 0.124000 0.132000
2 0.633000 0.879000 0.102000 0.066000
11 0.691000 0.538000 0.050000 0.032000
2 0.707000 0.980000 0.110000 0.036000
11 0.174000 0.456000 0.044000 0.036000
11 0.889000 0.575000 0.046000 0.034000
2 0.918000 0.498000 0.096000 0.112000
11 0.427000 0.550000 0.046000 0.028000
11 0.945000 0.582000 0.050000 0.028000
11 0.025000 0.481000 0.046000 0.030000
11 0.725000 0.603000 0.046000 0.034000
11 0.950000 0.728000 0.024000 0.052000
2 0.027000 0.610000 0.054000 0.148000
11 0.739000 0.546000 0.046000 0.028000
11 0.538000 0.512000 0.052000 0.032000
11 0.168000 0.515000 0.036000 0.022000
11 0.927000 0.859000 0.022000 0.046000
11 0.978000 0.893000 0.024000 0.038000
11 0.966000 0.941000 0.028000 0.042000
11 0.041000 0.432000 0.046000 0.032000
11 0.100000 0.445000 0.044000 0.030000
11 0.379000 0.545000 0.042000 0.026000
11 0.823000 0.562000 0.046000 0.024000
2 0.361000 0.961000 0.062000 0.074000
11 0.916000 0.904000 0.028000 0.040000
11 0.985000 0.590000 0.026000 0.032000
7 0.985000 0.837000 0.026000 0.054000
11 0.325000 0.536000 0.050000 0.028000
11 0.909000 0.971000 0.022000 0.046000
2 0.606000 0.987000 0.084000 0.022000
11 0.679000 0.592000 0.046000 0.028000
11 0.231000 0.465000 0.046000 0.030000
2 0.140000 0.203000 0.088000 0.058000
2 0.812000 0.985000 0.068000 0.026000
7 0.596000 0.580000 0.056000 0.032000
11 0.991000 0.767000 0.014000 0.038000
11 0.781000 0.552000 0.046000 0.032000
2 0.115000 0.326000 0.074000 0.144000
11 0.877000 0.628000 0.050000 0.028000
2 0.486000 0.863000 0.184000 0.162000
11 0.812000 0.610000 0.060000 0.036000
2 0.258000 0.628000 0.060000 0.092000
2 0.800000 0.023000 0.388000 0.046000
11 0.008000 0.425000 0.016000 0.034000
11 0.955000 0.987000 0.022000 0.022000
2 0.621210 0.459950 0.074420 0.107900
2 0.275720 0.745340 0.103440 0.062680
