2 0.265000 0.534000 0.118000 0.116000
2 0.168000 0.288000 0.120000 0.112000
2 0.362100 0.193010 0.160200 0.150020
2 0.404000 0.108000 0.124000 0.112000
2 0.311000 0.446000 0.130000 0.088000
2 0.068000 0.043000 0.124000 0.086000
2 0.195000 0.037000 0.122000 0.074000
11 0.033000 0.534000 0.038000 0.032000
2 0.025260 0.661040 0.050520 0.102080
11 0.084000 0.555000 0.048000 0.038000
11 0.202000 0.596000 0.044000 0.036000
11 0.965000 0.231000 0.042000 0.058000
3 0.561000 0.082000 0.078000 0.060000
11 0.552000 0.131000 0.024000 0.054000
2 0.334000 0.368000 0.088000 0.072000
11 0.349000 0.284000 0.038000 0.032000
2 0.133000 0.802000 0.194000 0.116000
7 0.316000 0.233000 0.056000 0.046000
2 0.039000 0.211000 0.078000 0.122000
11 0.014000 0.109000 0.028000 0.034000
7 0.051000 0.132000 0.046000 0.036000
7 0.992000 0.976000 0.012000 0.044000
2 0.098000 0.702000 0.084000 0.084000
2 0.004000 0.346000 0.008000 0.108000
6 0.422000 0.965000 0.044000 0.070000
2 0.189210 0.726650 0.082420 0.081300
2 0.440860 0.040370 0.129720 0.080740
