2 0.894000 0.063000 0.144000 0.126000
2 0.076000 0.079000 0.152000 0.158000
2 0.357000 0.412000 0.214000 0.424000
2 0.819000 0.188000 0.138000 0.104000
11 0.624000 0.413000 0.048000 0.030000
11 0.685000 0.894000 0.046000 0.032000
11 0.502000 0.557000 0.048000 0.034000
11 0.724000 0.414000 0.032000 0.056000
11 0.714000 0.580000 0.032000 0.060000
11 0.754000 0.837000 0.028000 0.054000
11 0.500000 0.610000 0.044000 0.028000
11 0.638000 0.077000 0.028000 0.054000
11 0.744000 0.769000 0.028000 0.050000
11 0.688000 0.205000 0.028000 0.050000
11 0.737000 0.719000 0.022000 0.042000
11 0.763000 0.888000 0.026000 0.048000
11 0.722000 0.629000 0.028000 0.046000
11 0.587000 0.985000 0.046000 0.026000
11 0.694000 0.426000 0.028000 0.044000
11 0.696000 0.474000 0.024000 0.044000
11 0.437000 0.019000 0.038000 0.038000
11 0.683000 0.837000 0.042000 0.026000
2 0.911000 0.564000 0.122000 0.104000
11 0.728000 0.675000 0.024000 0.046000
11 0.658000 0.008000 0.024000 0.016000
2 0.924250 0.780880 0.148500 0.137760
11 0.645000 0.132000 0.022000 0.048000
11 0.626000 0.017000 0.024000 0.034000
11 0.780000 0.987000 0.032000 0.022000
11 0.550000 0.872000 0.048000 0.032000
11 0.635000 0.494000 0.042000 0.028000
2 0.889000 0.703000 0.102000 0.074000
2 0.913000 0.411000 0.170000 0.102000
11 0.653000 0.638000 0.042000 0.036000
11 0.651000 0.606000 0.046000 0.028000
2 0.982000 0.911000 0.032000 0.138000
11 0.645000 0.576000 0.050000 0.032000
2 0.897380 0.346000 0.158760 0.100000
2 0.882000 0.261000 0.180000 0.130000
