2 0.471000 0.781000 0.426000 0.278000
11 0.883000 0.631000 0.046000 0.042000
11 0.308000 0.049000 0.044000 0.042000
11 0.631000 0.498000 0.058000 0.048000
11 0.907000 0.783000 0.046000 0.042000
2 0.168000 0.071000 0.336000 0.142000
6 0.249000 0.388000 0.110000 0.080000
11 0.498000 0.405000 0.048000 0.038000
11 0.559000 0.924000 0.054000 0.028000
11 0.431000 0.974000 0.054000 0.032000
11 0.638000 0.878000 0.056000 0.028000
3 0.690000 0.522000 0.060000 0.092000
3 0.969000 0.571000 0.058000 0.078000
2 0.068000 0.522000 0.136000 0.188000
3 0.024000 0.187000 0.048000 0.074000
3 0.950000 0.968000 0.096000 0.060000
11 0.561000 0.894000 0.042000 0.024000
2 0.172000 0.679000 0.240000 0.250000
2 0.593000 0.240000 0.350000 0.480000
7 0.752000 0.774000 0.032000 0.060000
11 0.294000 0.470000 0.044000 0.040000
11 0.366000 0.008000 0.044000 0.016000
11 0.992000 0.766000 0.012000 0.032000
11 0.177000 0.969000 0.050000 0.034000
2 0.619000 0.976000 0.490000 0.044000
11 0.747000 0.538000 0.050000 0.040000
2 0.143000 0.897000 0.286000 0.178000
