2 0.367000 0.140000 0.134000 0.140000
2 0.229000 0.388000 0.170000 0.204000
2 0.683000 0.660000 0.138000 0.152000
2 0.121000 0.650000 0.150000 0.168000
2 0.445000 0.559000 0.154000 0.194000
2 0.607240 0.551430 0.134480 0.134860
11 0.642000 0.460000 0.060000 0.036000
7 0.488000 0.391000 0.056000 0.038000
11 0.529000 0.155000 0.042000 0.046000
11 0.569000 0.425000 0.046000 0.038000
11 0.776500 0.520500 0.045000 0.033000
11 0.289000 0.612000 0.034000 0.040000
11 0.354000 0.486000 0.036000 0.044000
11 0.708000 0.488000 0.064000 0.048000
11 0.600000 0.017000 0.044000 0.034000
11 0.103000 0.905000 0.046000 0.054000
11 0.813000 0.534000 0.046000 0.032000
2 0.316500 0.842000 0.141000 0.084000
2 0.350500 0.771500 0.113000 0.095000
2 0.385500 0.697000 0.115000 0.094000
2 0.743000 0.259000 0.146000 0.122000
2 0.951500 0.495500 0.095000 0.111000
6 0.163000 0.793000 0.062000 0.098000
2 0.064500 0.739500 0.125000 0.155000
2 0.418500 0.050500 0.213000 0.101000
2 0.308000 0.261500 0.140000 0.123000
2 0.974000 0.830000 0.052000 0.104000
2 0.973000 0.951000 0.054000 0.098000
2 0.905000 0.410000 0.126000 0.080000
2 0.849000 0.066500 0.198000 0.133000
12 0.188610 0.135030 0.109220 0.094060
2 0.277940 0.905980 0.115880 0.079960
2 0.815890 0.154040 0.159780 0.100080
2 0.791730 0.377900 0.111460 0.103800
