11 0.657710 0.031000 0.031420 0.050000
7 0.707000 0.027000 0.038000 0.054000
7 0.599000 0.019000 0.034000 0.038000
11 0.630000 0.023000 0.032000 0.046000
11 0.210430 0.148570 0.028860 0.053140
3 0.374000 0.928310 0.100000 0.064620
11 0.380000 0.869000 0.044000 0.046000
2 0.509920 0.338380 0.411840 0.428760
2 0.532000 0.904000 0.284000 0.192000
2 0.683220 0.693230 0.198440 0.178460
2 0.074620 0.421690 0.149240 0.115380
6 0.925380 0.293850 0.070760 0.087700
7 0.804570 0.147140 0.037140 0.054280
11 0.531430 0.764860 0.042860 0.045720
