11 0.608000 0.134000 0.052000 0.044000
11 0.555000 0.176000 0.046000 0.036000
11 0.355000 0.237000 0.046000 0.042000
11 0.555000 0.087000 0.038000 0.034000
11 0.257000 0.396000 0.038000 0.036000
11 0.195000 0.354000 0.042000 0.040000
11 0.502000 0.208000 0.040000 0.032000
11 0.113000 0.499000 0.042000 0.038000
7 0.107000 0.846000 0.058000 0.028000
11 0.293000 0.371000 0.038000 0.030000
11 0.442000 0.173000 0.036000 0.030000
2 0.569000 0.380000 0.822000 0.504000
11 0.848000 0.690000 0.060000 0.028000
11 0.008000 0.510000 0.016000 0.044000
2 0.016000 0.102000 0.032000 0.156000
11 0.204000 0.840000 0.040000 0.024000
