2 0.642000 0.174000 0.204000 0.344000
2 0.522000 0.566000 0.196000 0.308000
13 0.070000 0.940000 0.104000 0.116000
3 0.870000 0.109000 0.084000 0.070000
2 0.372000 0.948000 0.272000 0.100000
11 0.531000 0.208000 0.046000 0.040000
11 0.680000 0.874000 0.028000 0.048000
2 0.187000 0.209000 0.374000 0.414000
11 0.664000 0.923000 0.032000 0.050000
11 0.279000 0.682000 0.046000 0.032000
11 0.886000 0.197000 0.032000 0.050000
11 0.694000 0.831000 0.028000 0.042000
11 0.517000 0.262000 0.046000 0.036000
11 0.870000 0.249000 0.028000 0.050000
11 0.853000 0.308000 0.034000 0.052000
11 0.748000 0.649000 0.028000 0.050000
11 0.733000 0.703000 0.034000 0.054000
11 0.719000 0.751000 0.034000 0.050000
11 0.765000 0.597000 0.034000 0.046000
11 0.650000 0.973000 0.024000 0.050000
11 0.284000 0.584000 0.052000 0.032000
11 0.810000 0.449000 0.028000 0.050000
11 0.793000 0.499000 0.030000 0.054000
11 0.546000 0.157000 0.036000 0.030000
11 0.838000 0.354000 0.028000 0.044000
11 0.934000 0.038000 0.036000 0.052000
11 0.822000 0.402000 0.028000 0.056000
2 0.878720 0.860700 0.237440 0.273400
11 0.708000 0.793000 0.028000 0.034000
11 0.230000 0.749000 0.044000 0.018000
11 0.781000 0.545000 0.026000 0.046000
13 0.073670 0.639290 0.115340 0.254580
