2 0.078000 0.603000 0.100000 0.182000
2 0.079000 0.030000 0.102000 0.060000
3 0.128000 0.802000 0.072000 0.040000
2 0.060000 0.213000 0.116000 0.174000
11 0.191000 0.169000 0.022000 0.038000
2 0.612000 0.687000 0.708000 0.614000
2 0.025000 0.379000 0.050000 0.102000
11 0.153000 0.698000 0.022000 0.048000
11 0.967000 0.040000 0.046000 0.028000
11 0.161000 0.563000 0.026000 0.046000
11 0.969000 0.014000 0.058000 0.028000
11 0.165000 0.520000 0.026000 0.040000
11 0.987000 0.093000 0.022000 0.030000
11 0.183000 0.266000 0.022000 0.040000
11 0.976000 0.122000 0.036000 0.028000
2 0.019000 0.987000 0.038000 0.022000
2 0.985000 0.416000 0.026000 0.416000
