2 0.451000 0.459000 0.178000 0.254000
2 0.819000 0.166000 0.138000 0.080000
2 0.816000 0.071000 0.356000 0.142000
11 0.872000 0.664000 0.052000 0.032000
11 0.073000 0.120000 0.046000 0.032000
11 0.667000 0.492000 0.042000 0.032000
11 0.212000 0.376000 0.052000 0.032000
11 0.821000 0.821000 0.042000 0.034000
11 0.654000 0.543000 0.040000 0.034000
11 0.777000 0.569000 0.038000 0.038000
11 0.542000 0.777000 0.032000 0.046000
11 0.468000 0.780000 0.048000 0.032000
11 0.680000 0.879000 0.036000 0.038000
2 0.631000 0.407000 0.126000 0.102000
11 0.617000 0.577000 0.042000 0.046000
11 0.504000 0.663000 0.036000 0.042000
11 0.893000 0.614000 0.046000 0.028000
11 0.249000 0.316000 0.050000 0.032000
11 0.756000 0.621000 0.040000 0.042000
11 0.643000 0.711000 0.038000 0.046000
11 0.582000 0.751000 0.036000 0.042000
2 0.945000 0.221000 0.106000 0.130000
11 0.869000 0.692000 0.046000 0.024000
11 0.748000 0.453000 0.028000 0.046000
11 0.622000 0.816000 0.032000 0.032000
11 0.559000 0.615000 0.038000 0.038000
11 0.590000 0.951000 0.024000 0.042000
11 0.638000 0.971000 0.028000 0.046000
11 0.471000 0.834000 0.042000 0.024000
11 0.311000 0.236000 0.030000 0.044000
11 0.648000 0.804000 0.028000 0.036000
11 0.925000 0.507000 0.046000 0.030000
11 0.020000 0.111000 0.040000 0.030000
11 0.899000 0.586000 0.050000 0.028000
11 0.206000 0.217000 0.036000 0.046000
11 0.076000 0.197000 0.032000 0.038000
11 0.476000 0.858000 0.040000 0.024000
2 0.030000 0.037000 0.060000 0.074000
11 0.921000 0.534000 0.046000 0.024000
2 0.973000 0.647000 0.050000 0.158000
11 0.331000 0.450000 0.050000 0.036000
11 0.189000 0.419000 0.050000 0.026000
11 0.700000 0.760000 0.032000 0.024000
2 0.068000 0.707000 0.136000 0.270000
2 0.980000 0.954000 0.036000 0.088000
11 0.264000 0.224000 0.036000 0.044000
11 0.007000 0.178000 0.014000 0.032000
11 0.134000 0.209000 0.032000 0.042000
2 0.450000 0.079000 0.188000 0.158000
2 0.161000 0.054000 0.098000 0.108000
7 0.720240 0.973590 0.068480 0.047180
11 0.837000 0.772000 0.038000 0.028000
