2 0.867000 0.521000 0.262000 0.270000
2 0.119000 0.851000 0.238000 0.294000
2 0.874000 0.850000 0.248000 0.268000
2 0.481000 0.474000 0.130000 0.188000
11 0.564000 0.361000 0.036000 0.030000
11 0.018000 0.330000 0.036000 0.028000
3 0.691000 0.953000 0.070000 0.046000
11 0.691000 0.138000 0.034000 0.052000
11 0.647000 0.729000 0.026000 0.050000
11 0.594000 0.638000 0.024000 0.048000
11 0.719000 0.714000 0.022000 0.032000
11 0.352000 0.344000 0.044000 0.028000
11 0.648000 0.802000 0.028000 0.052000
11 0.715000 0.490000 0.022000 0.044000
11 0.640000 0.495000 0.024000 0.046000
11 0.647000 0.899000 0.026000 0.050000
11 0.487000 0.356000 0.050000 0.024000
3 0.666000 0.445000 0.056000 0.042000
11 0.719000 0.647000 0.022000 0.038000
11 0.645000 0.645000 0.022000 0.050000
11 0.726000 0.115000 0.028000 0.038000
11 0.644000 0.594000 0.032000 0.052000
2 0.215000 0.461000 0.206000 0.206000
11 0.649000 0.849000 0.022000 0.050000
11 0.640000 0.543000 0.024000 0.042000
3 0.799000 0.332000 0.046000 0.056000
2 0.454000 0.673000 0.208000 0.106000
11 0.440000 0.356000 0.032000 0.032000
8 0.414000 0.911000 0.244000 0.178000
