2 0.124000 0.573000 0.168000 0.166000
2 0.693000 0.358000 0.130000 0.132000
2 0.306000 0.784000 0.196000 0.200000
2 0.733000 0.810000 0.142000 0.148000
2 0.314000 0.346000 0.152000 0.152000
2 0.412000 0.238000 0.128000 0.108000
2 0.948000 0.100000 0.100000 0.200000
2 0.885000 0.705000 0.126000 0.162000
2 0.547000 0.548000 0.182000 0.208000
11 0.102000 0.312000 0.040000 0.040000
11 0.693000 0.682000 0.046000 0.040000
11 0.226000 0.191000 0.036000 0.038000
11 0.298000 0.124000 0.036000 0.040000
11 0.062000 0.360000 0.040000 0.040000
11 0.338000 0.094000 0.040000 0.040000
2 0.830000 0.045000 0.160000 0.090000
2 0.625000 0.955000 0.102000 0.086000
3 0.960000 0.334000 0.060000 0.068000
11 0.697000 0.100000 0.046000 0.044000
11 0.031000 0.400000 0.038000 0.044000
11 0.581000 0.014000 0.042000 0.028000
2 0.473000 0.966000 0.174000 0.064000
3 0.450000 0.025000 0.064000 0.050000
11 0.368000 0.064000 0.040000 0.036000
2 0.057000 0.752000 0.114000 0.144000
2 0.546000 0.140000 0.128000 0.096000
2 0.286000 0.045000 0.212000 0.090000
2 0.943000 0.955000 0.110000 0.086000
2 0.973000 0.661000 0.050000 0.110000
2 0.054000 0.096000 0.108000 0.192000
