2 0.701000 0.689000 0.126000 0.130000
2 0.218000 0.511000 0.108000 0.126000
2 0.343000 0.562000 0.122000 0.160000
2 0.475000 0.940000 0.222000 0.116000
2 0.922000 0.918000 0.152000 0.144000
2 0.050000 0.945000 0.100000 0.106000
2 0.067000 0.779000 0.134000 0.070000
11 0.176000 0.377000 0.052000 0.034000
2 0.767000 0.971000 0.138000 0.054000
11 0.973000 0.561000 0.050000 0.034000
11 0.066000 0.366000 0.040000 0.024000
2 0.052000 0.455000 0.080000 0.106000
11 0.235000 0.361000 0.042000 0.034000
2 0.287000 0.952000 0.114000 0.092000
11 0.025000 0.364000 0.042000 0.032000
2 0.008000 0.624000 0.016000 0.140000
