7 0.590000 0.530000 0.060000 0.060000
2 0.564060 0.367250 0.216120 0.246500
2 0.387710 0.160670 0.299420 0.273340
11 0.504000 0.291000 0.036000 0.038000
11 0.163000 0.950000 0.046000 0.052000
2 0.711000 0.078000 0.306000 0.156000
2 0.125000 0.817000 0.166000 0.134000
2 0.576000 0.664000 0.224000 0.208000
2 0.056000 0.157000 0.112000 0.122000
2 0.028000 0.764000 0.056000 0.204000
2 0.244000 0.723000 0.164000 0.170000
6 0.239140 0.869470 0.086280 0.102940
2 0.403000 0.867000 0.282000 0.266000
6 0.961710 0.070210 0.075420 0.096420
2 0.743210 0.522690 0.222420 0.197380
2 0.068160 0.907620 0.132320 0.151240
2 0.236500 0.389010 0.177000 0.218020
11 0.283660 0.789190 0.031320 0.030380
2 0.642210 0.949990 0.180420 0.099980
2 0.126930 0.644600 0.161860 0.189200
2 0.684780 0.235020 0.137560 0.106040
11 0.743090 0.164490 0.038180 0.040980
2 0.877730 0.347030 0.243460 0.258060
2 0.437200 0.489710 0.150400 0.151420
