2 0.192000 0.505000 0.148000 0.138000
3 0.265000 0.068000 0.094000 0.108000
11 0.070000 0.344000 0.032000 0.036000
2 0.042200 0.089100 0.084400 0.142200
11 0.116000 0.144000 0.040000 0.044000
11 0.696000 0.402000 0.032000 0.044000
7 0.343000 0.057000 0.054000 0.058000
2 0.503000 0.805000 0.298000 0.270000
11 0.928000 0.867000 0.032000 0.050000
11 0.680000 0.354000 0.028000 0.048000
11 0.598000 0.120000 0.032000 0.048000
2 0.753000 0.847000 0.222000 0.166000
11 0.390000 0.017000 0.044000 0.034000
11 0.586000 0.068000 0.028000 0.056000
3 0.336000 0.149000 0.044000 0.070000
11 0.686000 0.155000 0.032000 0.038000
11 0.732000 0.508000 0.032000 0.056000
11 0.371000 0.096000 0.034000 0.036000
2 0.874000 0.395000 0.248000 0.782000
11 0.782000 0.659000 0.028000 0.042000
11 0.765000 0.605000 0.022000 0.038000
11 0.862000 0.881000 0.024000 0.042000
11 0.749000 0.559000 0.026000 0.046000
2 0.502990 0.446120 0.573980 0.608240
2 0.055330 0.728500 0.110660 0.217000
2 0.081330 0.034730 0.150660 0.069460
2 0.143520 0.867670 0.167040 0.171340
2 0.126320 0.620140 0.156640 0.180280
