2 0.418000 0.180000 0.228000 0.220000
2 0.195230 0.740770 0.378460 0.341540
11 0.136000 0.668000 0.044000 0.040000
11 0.520000 0.788000 0.052000 0.052000
11 0.876000 0.143000 0.040000 0.042000
3 0.227000 0.430000 0.106000 0.092000
3 0.244000 0.528000 0.076000 0.072000
7 0.431000 0.692000 0.058000 0.060000
11 0.300000 0.531000 0.036000 0.038000
11 0.909000 0.177000 0.042000 0.050000
2 0.270000 0.057230 0.180000 0.114460
2 0.589000 0.497000 0.198000 0.178000
2 0.092000 0.605000 0.184000 0.258000
2 0.651000 0.064000 0.278000 0.128000
11 0.881000 0.359000 0.034000 0.034000
2 0.884000 0.545620 0.232000 0.275240
11 0.844000 0.111000 0.040000 0.038000
3 0.193000 0.231000 0.058000 0.070000
2 0.420770 0.398000 0.181540 0.180000
3 0.514000 0.664310 0.060000 0.064620
2 0.952000 0.795000 0.096000 0.194000
2 0.621540 0.681850 0.163080 0.167700
