2 0.124000 0.817000 0.156000 0.134000
2 0.070000 0.092000 0.140000 0.156000
2 0.721000 0.840000 0.138000 0.144000
2 0.584000 0.848000 0.116000 0.144000
2 0.461000 0.801000 0.142000 0.130000
2 0.414000 0.539000 0.160000 0.142000
2 0.250000 0.924000 0.132000 0.120000
2 0.118000 0.438000 0.120000 0.140000
2 0.853000 0.553000 0.126000 0.142000
2 0.326000 0.163000 0.160000 0.198000
2 0.445000 0.279000 0.110000 0.098000
2 0.654000 0.338000 0.116000 0.104000
11 0.162000 0.719000 0.052000 0.050000
11 0.138000 0.300000 0.052000 0.040000
11 0.298000 0.819000 0.044000 0.046000
11 0.413000 0.907000 0.042000 0.046000
11 0.261000 0.342000 0.050000 0.036000
7 0.957000 0.806000 0.054000 0.052000
2 0.028000 0.729000 0.056000 0.134000
9 0.036880 0.303000 0.073760 0.230000
11 0.032000 0.205000 0.036000 0.038000
11 0.522000 0.479000 0.044000 0.042000
2 0.190000 0.171000 0.112000 0.118000
11 0.208000 0.327000 0.044000 0.034000
11 0.034000 0.618000 0.036000 0.032000
11 0.108000 0.677000 0.036000 0.034000
11 0.008000 0.178000 0.016000 0.032000
11 0.869000 0.737000 0.046000 0.042000
11 0.548000 0.991000 0.052000 0.014000
2 0.902000 0.913000 0.112000 0.114000
2 0.308000 0.675000 0.092000 0.102000
2 0.982000 0.712000 0.032000 0.168000
2 0.322000 0.027000 0.136000 0.054000
11 0.989000 0.835000 0.018000 0.042000
11 0.529000 0.585000 0.042000 0.042000
2 0.218000 0.496500 0.180000 0.165000
2 0.507250 0.329750 0.102500 0.127500
2 0.928630 0.598880 0.141260 0.133760
