7 0.312000 0.104230 0.028000 0.060460
2 0.536000 0.411000 0.268000 0.482000
2 0.862000 0.680000 0.272000 0.636000
3 0.395000 0.864500 0.098000 0.153000
11 0.424000 0.843000 0.040000 0.050000
11 0.317000 0.044000 0.022000 0.028000
11 0.471000 0.914000 0.038000 0.048000
11 0.299000 0.303000 0.026000 0.054000
11 0.300000 0.253000 0.024000 0.030000
11 0.297000 0.354500 0.026000 0.037000
3 0.322000 0.557000 0.112000 0.058000
3 0.199000 0.605000 0.034000 0.094000
2 0.122500 0.118000 0.237000 0.236000
2 0.110370 0.341650 0.172740 0.179300
2 0.040000 0.306000 0.080000 0.096000
2 0.076500 0.637000 0.125000 0.138000
7 0.418500 0.166500 0.037000 0.057000
2 0.946000 0.196500 0.108000 0.189000
2 0.102720 0.832900 0.205440 0.245800
2 0.129500 0.701500 0.111000 0.099000
2 0.058500 0.956500 0.081000 0.085000
2 0.040980 0.543470 0.081960 0.122940
