11 0.261000 0.235000 0.050000 0.038000
11 0.286000 0.148000 0.052000 0.036000
11 0.232000 0.475000 0.048000 0.034000
11 0.300000 0.198000 0.056000 0.036000
11 0.246000 0.189000 0.044000 0.034000
11 0.066000 0.118000 0.040000 0.036000
11 0.165000 0.265000 0.046000 0.038000
11 0.383000 0.102000 0.046000 0.032000
11 0.313000 0.391000 0.046000 0.034000
11 0.278000 0.280000 0.044000 0.036000
11 0.149000 0.222000 0.046000 0.032000
11 0.125000 0.308000 0.050000 0.040000
11 0.418000 0.237000 0.048000 0.038000
11 0.194630 0.366380 0.041260 0.028760
11 0.186000 0.338000 0.044000 0.040000
11 0.145000 0.377000 0.038000 0.034000
11 0.225380 0.131380 0.038760 0.038760
11 0.231000 0.145000 0.046000 0.034000
11 0.341880 0.316750 0.043760 0.037500
11 0.351000 0.332000 0.046000 0.032000
11 0.205000 0.050000 0.050000 0.036000
11 0.434000 0.284000 0.036000 0.036000
11 0.206000 0.406000 0.052000 0.036000
11 0.367000 0.406000 0.042000 0.028000
11 0.341000 0.468250 0.050000 0.032500
11 0.325000 0.443000 0.050000 0.038000
11 0.251000 0.033000 0.042000 0.034000
11 0.103000 0.082000 0.050000 0.036000
11 0.186000 0.492000 0.044000 0.032000
11 0.384000 0.450000 0.040000 0.028000
11 0.570000 0.987000 0.024000 0.022000
11 0.019000 0.008000 0.030000 0.016000
11 0.460000 0.374000 0.016000 0.028000
11 0.500000 0.992000 0.036000 0.012000
11 0.448000 0.325000 0.024000 0.030000
7 0.395000 0.149000 0.054000 0.042000
11 0.332500 0.295380 0.045000 0.038760
11 0.320500 0.248500 0.045000 0.025000
11 0.314370 0.222500 0.048740 0.025000
11 0.221750 0.437380 0.047500 0.038760
11 0.096500 0.062130 0.045000 0.036260
11 0.411000 0.176130 0.050000 0.036260
