7 0.583000 0.656000 0.074000 0.048000
11 0.624000 0.879000 0.048000 0.038000
11 0.439000 0.823000 0.050000 0.038000
11 0.348000 0.832000 0.048000 0.036000
11 0.781000 0.336000 0.046000 0.052000
11 0.837000 0.874000 0.046000 0.036000
2 0.793000 0.140000 0.290000 0.280000
11 0.839000 0.945000 0.050000 0.042000
11 0.547000 0.714000 0.050000 0.040000
11 0.501000 0.770000 0.042000 0.032000
11 0.518000 0.807000 0.052000 0.034000
11 0.745000 0.287000 0.038000 0.050000
11 0.828000 0.396000 0.036000 0.044000
11 0.904000 0.394000 0.032000 0.040000
11 0.637000 0.810000 0.046000 0.028000
11 0.710000 0.245000 0.040000 0.046000
11 0.693000 0.180000 0.054000 0.056000
11 0.971000 0.989000 0.054000 0.018000
