11 0.254000 0.703000 0.044000 0.046000
11 0.243000 0.615000 0.054000 0.046000
11 0.165000 0.603000 0.042000 0.042000
11 0.675000 0.927000 0.046000 0.042000
11 0.468000 0.799000 0.048000 0.046000
11 0.784000 0.959000 0.052000 0.042000
11 0.583000 0.907000 0.046000 0.046000
2 0.847540 0.703080 0.303080 0.326160
11 0.742000 0.813000 0.052000 0.046000
11 0.393000 0.705000 0.050000 0.050000
11 0.545000 0.689000 0.054000 0.046000
11 0.409000 0.597000 0.046000 0.046000
11 0.182000 0.455000 0.040000 0.042000
11 0.078000 0.387000 0.044000 0.038000
11 0.420000 0.803000 0.044000 0.042000
11 0.545000 0.802000 0.038000 0.040000
11 0.357000 0.529000 0.046000 0.042000
11 0.465000 0.673000 0.046000 0.042000
11 0.685000 0.887000 0.046000 0.046000
11 0.107000 0.856000 0.042000 0.036000
11 0.842000 0.833000 0.048000 0.046000
11 0.017000 0.469000 0.034000 0.038000
6 0.660150 0.730620 0.152300 0.109240
2 0.838460 0.380150 0.256920 0.272300
2 0.673380 0.510000 0.270760 0.260000
