2 0.596000 0.678000 0.140000 0.144000
2 0.793000 0.507000 0.134000 0.150000
2 0.612000 0.258000 0.172000 0.132000
2 0.268000 0.934000 0.252000 0.128000
2 0.176000 0.534000 0.172000 0.172000
2 0.941000 0.343000 0.114000 0.150000
2 0.398000 0.613000 0.160000 0.182000
2 0.154000 0.309000 0.136000 0.142000
11 0.274000 0.302000 0.032000 0.036000
11 0.454000 0.768000 0.044000 0.028000
11 0.180000 0.702000 0.044000 0.028000
3 0.657000 0.918000 0.046000 0.052000
2 0.093000 0.084000 0.110000 0.104000
11 0.132000 0.786000 0.048000 0.028000
2 0.899000 0.936000 0.198000 0.124000
2 0.035000 0.606000 0.070000 0.084000
7 0.099000 0.749000 0.058000 0.046000
11 0.254000 0.352000 0.032000 0.044000
2 0.052000 0.865000 0.104000 0.158000
2 0.987000 0.640000 0.022000 0.116000
11 0.823000 0.862000 0.046000 0.032000
11 0.023000 0.074000 0.030000 0.036000
11 0.710000 0.994000 0.040000 0.008000
2 0.041000 0.190000 0.082000 0.164000
2 0.934000 0.477000 0.104000 0.138000
2 0.025000 0.477000 0.050000 0.202000
