2 0.320000 0.941000 0.136000 0.114000
2 0.054000 0.462000 0.108000 0.148000
2 0.886000 0.752000 0.116000 0.124000
2 0.950000 0.644000 0.096000 0.116000
2 0.052000 0.184000 0.104000 0.228000
11 0.225000 0.698000 0.030000 0.056000
11 0.110000 0.980000 0.036000 0.036000
11 0.243000 0.536000 0.026000 0.048000
2 0.030000 0.676000 0.060000 0.204000
2 0.767000 0.964000 0.138000 0.068000
11 0.937000 0.858000 0.050000 0.040000
11 0.257000 0.371000 0.026000 0.046000
6 0.186000 0.400000 0.044000 0.104000
11 0.423000 0.476000 0.046000 0.036000
2 0.413380 0.812500 0.118760 0.105000
2 0.450880 0.754630 0.113760 0.101260
2 0.487370 0.693630 0.118740 0.111260
2 0.529750 0.634500 0.127500 0.105000
2 0.562500 0.575880 0.125000 0.103760
2 0.605500 0.520500 0.135000 0.105000
2 0.828750 0.914630 0.117500 0.121260
