2 0.146000 0.325000 0.128000 0.118000
2 0.591000 0.488000 0.158000 0.140000
2 0.783000 0.485000 0.106000 0.130000
2 0.237000 0.934000 0.130000 0.128000
2 0.714000 0.766000 0.160000 0.144000
2 0.855000 0.075000 0.138000 0.122000
2 0.864000 0.211000 0.148000 0.118000
2 0.922000 0.472000 0.152000 0.192000
2 0.931000 0.863000 0.098000 0.098000
2 0.123000 0.100000 0.230000 0.144000
2 0.354000 0.513000 0.164000 0.102000
2 0.252000 0.631000 0.072000 0.106000
3 0.943000 0.603000 0.038000 0.058000
2 0.461000 0.041000 0.178000 0.082000
3 0.029000 0.682000 0.058000 0.052000
2 0.419000 0.915000 0.226000 0.166000
2 0.111000 0.492000 0.150000 0.208000
2 0.874000 0.952000 0.128000 0.092000
11 0.992000 0.819000 0.012000 0.046000
