11 0.321000 0.582000 0.050000 0.048000
11 0.847000 0.237000 0.046000 0.038000
11 0.904000 0.154000 0.040000 0.036000
11 0.626000 0.712000 0.040000 0.036000
11 0.401000 0.832000 0.034000 0.028000
2 0.496570 0.221710 0.265140 0.259420
11 0.599000 0.149000 0.042000 0.046000
11 0.286000 0.906000 0.048000 0.036000
11 0.522000 0.781000 0.056000 0.046000
11 0.638000 0.668000 0.048000 0.040000
11 0.807000 0.575000 0.042000 0.034000
11 0.349000 0.893000 0.042000 0.038000
3 0.656000 0.264000 0.064000 0.068000
11 0.215000 0.946000 0.042000 0.032000
11 0.332000 0.932000 0.044000 0.032000
11 0.442000 0.800000 0.048000 0.044000
11 0.173000 0.972000 0.042000 0.036000
3 0.025000 0.851000 0.050000 0.094000
7 0.951000 0.117000 0.050000 0.050000
2 0.745000 0.109000 0.482000 0.218000
2 0.257680 0.415660 0.515360 0.559320
2 0.729000 0.881000 0.538000 0.234000
3 0.978000 0.067000 0.040000 0.066000
11 0.980000 0.468000 0.036000 0.040000
2 0.191000 0.039000 0.366000 0.078000
