3 0.499000 0.763000 0.158000 0.166000
3 0.811000 0.831000 0.078000 0.162000
2 0.335000 0.925000 0.226000 0.146000
11 0.862000 0.311000 0.052000 0.050000
7 0.934000 0.729000 0.064000 0.042000
2 0.189000 0.037000 0.126000 0.074000
11 0.627000 0.081000 0.042000 0.046000
2 0.422000 0.226000 0.144000 0.156000
2 0.131000 0.480000 0.262000 0.160000
11 0.551000 0.055000 0.046000 0.046000
11 0.703000 0.056000 0.046000 0.044000
11 0.715000 0.175000 0.042000 0.050000
7 0.345000 0.664000 0.058000 0.032000
2 0.143000 0.315000 0.286000 0.154000
2 0.337000 0.386000 0.134000 0.104000
2 0.175000 0.174000 0.126000 0.112000
2 0.879000 0.023000 0.230000 0.046000
2 0.050000 0.061000 0.100000 0.122000
11 0.980000 0.439000 0.036000 0.070000
11 0.840000 0.540000 0.032000 0.028000
