2 0.326000 0.054000 0.176000 0.108000
2 0.678000 0.057000 0.292000 0.114000
2 0.917000 0.479000 0.134000 0.158000
2 0.131000 0.910000 0.262000 0.176000
2 0.627000 0.541000 0.226000 0.390000
2 0.100000 0.363000 0.200000 0.146000
2 0.474000 0.920000 0.132000 0.156000
2 0.382000 0.323000 0.084000 0.110000
11 0.531000 0.271000 0.046000 0.030000
11 0.241000 0.217000 0.050000 0.030000
2 0.885000 0.842000 0.198000 0.184000
11 0.162000 0.296000 0.044000 0.032000
11 0.244000 0.749000 0.028000 0.038000
11 0.937000 0.124000 0.050000 0.032000
11 0.770000 0.314000 0.052000 0.032000
11 0.244000 0.369000 0.024000 0.042000
11 0.379000 0.209000 0.046000 0.030000
11 0.953000 0.347000 0.038000 0.026000
11 0.927000 0.175000 0.050000 0.034000
2 0.104000 0.028000 0.168000 0.056000
11 0.182000 0.208000 0.040000 0.028000
11 0.020000 0.710000 0.024000 0.040000
11 0.202000 0.733000 0.016000 0.034000
2 0.982000 0.155000 0.032000 0.182000
11 0.270000 0.865000 0.024000 0.046000
