2 0.196000 0.229000 0.392000 0.458000
11 0.474000 0.953000 0.052000 0.046000
2 0.486220 0.434390 0.296440 0.360780
11 0.389000 0.245000 0.030000 0.034000
11 0.055000 0.703000 0.046000 0.038000
11 0.445000 0.279000 0.034000 0.042000
11 0.446000 0.899000 0.052000 0.042000
11 0.336000 0.849000 0.048000 0.042000
11 0.568000 0.960000 0.048000 0.040000
11 0.229000 0.793000 0.054000 0.042000
11 0.313000 0.927000 0.046000 0.034000
2 0.931000 0.758000 0.134000 0.184000
11 0.020000 0.813000 0.040000 0.046000
2 0.969000 0.200000 0.058000 0.144000
7 0.218000 0.918000 0.068000 0.052000
3 0.175000 0.876000 0.066000 0.080000
2 0.860000 0.115000 0.260000 0.230000
11 0.985000 0.931000 0.026000 0.042000
2 0.893790 0.395640 0.211580 0.223280
2 0.928000 0.590000 0.144000 0.204000
2 0.672320 0.496640 0.316640 0.305280
2 0.814300 0.655240 0.176600 0.190480
2 0.680460 0.174590 0.264920 0.349180
