2 0.753000 0.652000 0.490000 0.576000
11 0.300000 0.767000 0.032000 0.046000
6 0.874000 0.223000 0.048000 0.090000
11 0.737000 0.190000 0.042000 0.036000
11 0.751000 0.335000 0.034000 0.050000
11 0.071000 0.937000 0.038000 0.034000
11 0.532000 0.645000 0.056000 0.042000
7 0.846000 0.066000 0.056000 0.048000
11 0.789000 0.057000 0.050000 0.042000
7 0.499000 0.597000 0.046000 0.046000
11 0.901000 0.309000 0.046000 0.046000
11 0.649000 0.150000 0.042000 0.028000
11 0.756000 0.143000 0.052000 0.042000
7 0.822920 0.145230 0.053840 0.038460
7 0.832000 0.112000 0.048000 0.044000
7 0.546000 0.975000 0.056000 0.046000
11 0.715000 0.006000 0.042000 0.012000
2 0.329080 0.333310 0.658160 0.666620
