2 0.531000 0.700000 0.142000 0.136000
2 0.201000 0.552000 0.118000 0.116000
2 0.586000 0.114000 0.120000 0.144000
2 0.403000 0.869000 0.110000 0.102000
2 0.054000 0.072000 0.108000 0.112000
2 0.367000 0.507000 0.122000 0.114000
2 0.088000 0.705000 0.136000 0.106000
2 0.881000 0.817000 0.142000 0.134000
2 0.480000 0.243000 0.112000 0.098000
11 0.190000 0.126000 0.036000 0.036000
2 0.837000 0.269000 0.150000 0.122000
2 0.745000 0.162000 0.102000 0.096000
2 0.032000 0.945000 0.064000 0.106000
2 0.099000 0.844000 0.118000 0.124000
2 0.795000 0.950000 0.110000 0.096000
11 0.037000 0.163000 0.046000 0.046000
2 0.950000 0.458000 0.096000 0.100000
11 0.082000 0.128000 0.036000 0.040000
2 0.592000 0.241000 0.112000 0.110000
2 0.520000 0.899000 0.124000 0.126000
11 0.155000 0.050000 0.050000 0.048000
2 0.633000 0.522000 0.178000 0.120000
2 0.719380 0.396150 0.190760 0.132300
11 0.802000 0.424000 0.032000 0.036000
11 0.720000 0.265000 0.032000 0.038000
2 0.404000 0.057000 0.144000 0.114000
2 0.388000 0.376000 0.112000 0.096000
11 0.008000 0.328000 0.016000 0.036000
11 0.010000 0.202000 0.020000 0.044000
2 0.971000 0.703000 0.054000 0.110000
2 0.763000 0.856000 0.082000 0.064000
2 0.229000 0.682000 0.102000 0.096000
2 0.187000 0.295000 0.174000 0.158000
2 0.219000 0.989000 0.122000 0.018000
2 0.301000 0.169000 0.146000 0.138000
2 0.613000 0.987000 0.162000 0.022000
2 0.940000 0.107000 0.116000 0.214000
2 0.295380 0.593690 0.130760 0.115380
2 0.351690 0.933850 0.135380 0.087700
