2 0.542000 0.755000 0.432000 0.486000
2 0.871000 0.651000 0.254000 0.318000
2 0.307000 0.241000 0.422000 0.238000
11 0.144000 0.395000 0.044000 0.034000
11 0.432000 0.307000 0.048000 0.034000
2 0.777000 0.117000 0.130000 0.122000
11 0.514000 0.276000 0.044000 0.032000
11 0.705000 0.284000 0.050000 0.032000
11 0.180000 0.446000 0.044000 0.028000
11 0.190000 0.379000 0.036000 0.030000
11 0.798000 0.187000 0.040000 0.030000
2 0.955000 0.063000 0.086000 0.102000
11 0.841000 0.175000 0.038000 0.034000
11 0.651000 0.235000 0.046000 0.034000
11 0.932000 0.149000 0.052000 0.030000
11 0.146000 0.919000 0.036000 0.042000
11 0.377000 0.389000 0.046000 0.030000
11 0.054000 0.775000 0.032000 0.042000
2 0.763000 0.030000 0.130000 0.060000
11 0.696000 0.223000 0.040000 0.034000
11 0.242000 0.364000 0.040000 0.032000
11 0.178000 0.964000 0.032000 0.032000
2 0.098000 0.966000 0.148000 0.064000
11 0.130000 0.886000 0.024000 0.032000
11 0.749000 0.202000 0.046000 0.032000
11 0.386000 0.317000 0.044000 0.030000
2 0.035000 0.855000 0.070000 0.122000
11 0.198000 0.987000 0.036000 0.022000
2 0.947000 0.006000 0.102000 0.012000
