2 0.325000 0.317000 0.414000 0.266000
3 0.073000 0.300000 0.098000 0.064000
11 0.164000 0.426000 0.044000 0.044000
3 0.365000 0.826000 0.074000 0.088000
2 0.938000 0.448000 0.120000 0.156000
11 0.433000 0.742000 0.038000 0.044000
3 0.501000 0.844000 0.078000 0.080000
11 0.125000 0.359000 0.050000 0.058000
6 0.037000 0.375000 0.074000 0.062000
11 0.113000 0.063000 0.042000 0.030000
2 0.920000 0.822000 0.156000 0.352000
11 0.477000 0.786000 0.038000 0.048000
11 0.018000 0.138000 0.036000 0.040000
11 0.539000 0.860000 0.042000 0.048000
2 0.773000 0.574000 0.370000 0.292000
11 0.509000 0.048000 0.046000 0.032000
3 0.198000 0.045000 0.052000 0.082000
11 0.514000 0.915000 0.044000 0.046000
2 0.081000 0.572000 0.162000 0.280000
11 0.547000 0.955000 0.042000 0.042000
2 0.381000 0.964000 0.394000 0.068000
11 0.580000 0.987000 0.032000 0.022000
2 0.760000 0.298000 0.356000 0.268000
11 0.236000 0.500000 0.040000 0.044000
2 0.373000 0.609000 0.402000 0.382000
