2 0.445000 0.041000 0.174000 0.082000
11 0.086000 0.911000 0.044000 0.046000
11 0.915000 0.328000 0.046000 0.036000
2 0.245000 0.412000 0.262000 0.312000
2 0.957000 0.116000 0.082000 0.112000
2 0.354000 0.745000 0.132000 0.166000
2 0.379000 0.359000 0.146000 0.142000
3 0.789000 0.301000 0.070000 0.058000
11 0.629000 0.010000 0.038000 0.020000
2 0.691000 0.319000 0.134000 0.130000
2 0.278000 0.140000 0.152000 0.152000
2 0.902000 0.017000 0.128000 0.034000
2 0.635000 0.626000 0.190000 0.196000
11 0.648000 0.146000 0.028000 0.036000
2 0.842500 0.530000 0.217000 0.236000
2 0.399500 0.928000 0.147000 0.144000
2 0.909000 0.796000 0.154000 0.124000
2 0.829000 0.195000 0.146000 0.186000
2 0.412500 0.150000 0.077000 0.076000
