2 0.096000 0.167000 0.140000 0.126000
2 0.816000 0.284000 0.164000 0.152000
2 0.063000 0.064000 0.110000 0.100000
2 0.640000 0.312000 0.124000 0.124000
3 0.426000 0.901000 0.052000 0.138000
3 0.293000 0.779000 0.130000 0.050000
3 0.095000 0.556000 0.078000 0.060000
11 0.183000 0.569000 0.050000 0.038000
11 0.019000 0.514000 0.038000 0.044000
11 0.273000 0.924000 0.046000 0.028000
11 0.219000 0.192000 0.022000 0.036000
11 0.577000 0.447000 0.046000 0.030000
2 0.656000 0.043000 0.128000 0.086000
3 0.053000 0.677000 0.050000 0.070000
11 0.264000 0.729000 0.024000 0.050000
3 0.384000 0.980000 0.060000 0.036000
2 0.357000 0.046000 0.182000 0.092000
2 0.442000 0.270000 0.280000 0.348000
2 0.160000 0.432000 0.180000 0.216000
2 0.056070 0.347180 0.112140 0.154360
