2 0.772000 0.571000 0.128000 0.106000
2 0.695000 0.078000 0.126000 0.156000
2 0.505000 0.269000 0.162000 0.134000
2 0.519000 0.458000 0.078000 0.092000
2 0.151000 0.395000 0.302000 0.246000
11 0.529000 0.400000 0.042000 0.028000
11 0.677000 0.433000 0.034000 0.030000
2 0.947000 0.030000 0.102000 0.060000
2 0.784000 0.350000 0.088000 0.088000
11 0.629000 0.424000 0.046000 0.024000
2 0.170000 0.122000 0.256000 0.244000
11 0.899000 0.487000 0.042000 0.026000
2 0.950000 0.901000 0.096000 0.194000
2 0.652000 0.493000 0.120000 0.102000
11 0.393000 0.056000 0.026000 0.044000
11 0.763000 0.455000 0.030000 0.026000
2 0.920000 0.591000 0.148000 0.166000
2 0.017000 0.708000 0.034000 0.240000
11 0.369000 0.048000 0.030000 0.044000
2 0.902000 0.364000 0.156000 0.128000
2 0.495000 0.030000 0.202000 0.060000
11 0.434000 0.377000 0.056000 0.034000
2 0.991000 0.369000 0.014000 0.138000
2 0.961000 0.142000 0.074000 0.148000
2 0.668000 0.303000 0.180000 0.146000
2 0.401000 0.964000 0.686000 0.068000
2 0.292000 0.775000 0.192000 0.338000
