6 0.485000 0.118000 0.074000 0.044000
11 0.348000 0.078000 0.044000 0.036000
11 0.405000 0.058000 0.054000 0.040000
7 0.841000 0.161000 0.066000 0.038000
2 0.820000 0.046000 0.356000 0.092000
11 0.656000 0.132000 0.048000 0.036000
11 0.579000 0.143000 0.042000 0.030000
11 0.312000 0.040000 0.048000 0.032000
11 0.772000 0.164000 0.048000 0.032000
11 0.712000 0.145000 0.056000 0.038000
7 0.235000 0.019000 0.070000 0.038000
11 0.466000 0.078000 0.044000 0.036000
2 0.435000 0.347000 0.250000 0.142000
11 0.534000 0.094000 0.052000 0.040000
11 0.096000 0.010000 0.036000 0.020000
2 0.119000 0.910000 0.238000 0.176000
2 0.190000 0.345000 0.272000 0.262000
11 0.412000 0.098000 0.052000 0.040000
2 0.566000 0.962000 0.440000 0.072000
2 0.649750 0.401380 0.207500 0.158760
2 0.826000 0.542000 0.348000 0.288000
2 0.797880 0.831250 0.403760 0.242500
2 0.509250 0.747000 0.222500 0.190000
2 0.150380 0.533500 0.268760 0.195000
2 0.205250 0.707000 0.382500 0.190000
