2 0.869000 0.640000 0.258000 0.392000
2 0.623000 0.112000 0.194000 0.192000
2 0.421000 0.215000 0.302000 0.258000
7 0.175000 0.368000 0.066000 0.052000
11 0.304000 0.339000 0.044000 0.038000
3 0.113000 0.451000 0.086000 0.070000
3 0.085000 0.564000 0.058000 0.084000
3 0.221000 0.487000 0.058000 0.098000
11 0.109000 0.068000 0.038000 0.036000
11 0.893000 0.232000 0.038000 0.048000
11 0.251000 0.262000 0.042000 0.036000
11 0.934000 0.314000 0.036000 0.036000
11 0.958000 0.350000 0.028000 0.040000
11 0.201000 0.405000 0.046000 0.038000
3 0.038000 0.159000 0.052000 0.082000
2 0.104000 0.922000 0.208000 0.152000
11 0.912000 0.274000 0.028000 0.044000
11 0.980000 0.396000 0.028000 0.044000
4 0.608000 0.836000 0.440000 0.328000
11 0.009000 0.309000 0.018000 0.046000
11 0.033000 0.396000 0.034000 0.032000
2 0.150000 0.039000 0.300000 0.078000
2 0.973000 0.189000 0.050000 0.206000
11 0.985000 0.008000 0.026000 0.016000
11 0.025000 0.165000 0.026000 0.070000
11 0.017000 0.351000 0.034000 0.034000
11 0.154000 0.277000 0.020000 0.018000
2 0.744650 0.369610 0.225300 0.175220
2 0.583330 0.475200 0.226660 0.178400
2 0.412990 0.571090 0.233980 0.166180
2 0.811530 0.056400 0.283060 0.112800
