2 0.221000 0.606000 0.270000 0.312000
2 0.858000 0.678000 0.216000 0.264000
2 0.700000 0.438000 0.284000 0.300000
2 0.737000 0.943000 0.106000 0.110000
11 0.821000 0.945000 0.034000 0.042000
11 0.817000 0.315000 0.042000 0.038000
11 0.277000 0.731000 0.038000 0.046000
2 0.615000 0.870000 0.122000 0.112000
11 0.709000 0.073000 0.042000 0.038000
11 0.172000 0.492000 0.044000 0.040000
11 0.522000 0.292000 0.028000 0.040000
2 0.278000 0.959000 0.144000 0.078000
2 0.410000 0.298000 0.188000 0.164000
3 0.522000 0.431000 0.056000 0.062000
11 0.883000 0.337000 0.038000 0.038000
2 0.278000 0.119000 0.364000 0.238000
2 0.479000 0.943000 0.122000 0.110000
2 0.068000 0.931000 0.136000 0.134000
11 0.987000 0.728000 0.022000 0.052000
11 0.137000 0.982000 0.038000 0.032000
7 0.647000 0.166000 0.066000 0.056000
11 0.425000 0.461000 0.026000 0.038000
2 0.369000 0.804000 0.106000 0.084000
2 0.922000 0.969000 0.152000 0.058000
2 0.018000 0.772000 0.036000 0.156000
2 0.100000 0.336000 0.200000 0.164000
7 0.551710 0.351960 0.047420 0.067920
2 0.533100 0.634300 0.242200 0.248600
2 0.146250 0.830750 0.152500 0.193500
