11 0.172000 0.691000 0.028000 0.042000
11 0.290000 0.661000 0.028000 0.046000
11 0.072000 0.305000 0.048000 0.030000
9 0.368430 0.883000 0.172860 0.150000
11 0.333000 0.832000 0.042000 0.048000
11 0.302000 0.740000 0.028000 0.036000
2 0.968000 0.076000 0.060000 0.076000
2 0.964000 0.175000 0.068000 0.082000
2 0.035000 0.569000 0.070000 0.074000
7 0.968000 0.675000 0.032000 0.074000
11 0.290000 0.779000 0.020000 0.034000
2 0.980000 0.591000 0.036000 0.046000
2 0.684430 0.201570 0.072860 0.107140
2 0.628290 0.391140 0.048580 0.094280
2 0.719710 0.390430 0.071420 0.052860
2 0.854860 0.189860 0.065720 0.095720
2 0.868140 0.084430 0.104280 0.072860
2 0.773140 0.071140 0.074280 0.094280
2 0.769570 0.195290 0.067140 0.098580
2 0.129570 0.535140 0.067140 0.094280
2 0.192290 0.416290 0.048580 0.088580
2 0.066000 0.462000 0.100000 0.060000
2 0.196140 0.516290 0.064280 0.088580
2 0.639860 0.493860 0.055720 0.095720
2 0.928860 0.368570 0.065720 0.057140
2 0.946140 0.447140 0.064280 0.054280
2 0.826140 0.381290 0.064280 0.058580
2 0.731290 0.474290 0.078580 0.048580
7 0.689140 0.622860 0.034280 0.065720
