2 0.765000 0.106000 0.126000 0.136000
2 0.065000 0.262000 0.126000 0.136000
2 0.227000 0.419000 0.182000 0.178000
2 0.328000 0.922000 0.112000 0.116000
2 0.603000 0.440000 0.154000 0.144000
2 0.610000 0.961000 0.128000 0.074000
2 0.311000 0.769000 0.190000 0.190000
2 0.847000 0.742000 0.074000 0.096000
2 0.156000 0.149000 0.132000 0.134000
7 0.784000 0.944000 0.024000 0.056000
11 0.420000 0.622000 0.056000 0.040000
3 0.456000 0.687000 0.096000 0.050000
2 0.375000 0.433000 0.098000 0.106000
11 0.059000 0.638000 0.054000 0.028000
2 0.594000 0.786000 0.164000 0.196000
11 0.962000 0.675000 0.036000 0.026000
11 0.613000 0.572000 0.042000 0.028000
2 0.032000 0.843000 0.064000 0.310000
11 0.749000 0.666000 0.038000 0.028000
11 0.322000 0.217000 0.040000 0.030000
11 0.783000 0.578000 0.042000 0.028000
2 0.961000 0.849000 0.074000 0.170000
2 0.045000 0.414000 0.090000 0.180000
3 0.367000 0.608000 0.046000 0.068000
2 0.908000 0.510000 0.180000 0.144000
2 0.351000 0.024000 0.222000 0.048000
11 0.010000 0.070000 0.020000 0.044000
2 0.732000 0.774000 0.116000 0.180000
11 0.157000 0.585000 0.030000 0.022000
11 0.012000 0.642000 0.024000 0.028000
11 0.675000 0.570000 0.046000 0.032000
2 0.791000 0.316000 0.094000 0.116000
2 0.706000 0.012000 0.144000 0.024000
11 0.006000 0.550000 0.012000 0.028000
11 0.004000 0.189000 0.008000 0.038000
11 0.907000 0.582000 0.038000 0.028000
11 0.274000 0.194000 0.024000 0.028000
