2 0.368000 0.370000 0.220000 0.192000
2 0.529000 0.135000 0.234000 0.186000
2 0.240000 0.647000 0.140000 0.150000
2 0.922000 0.531000 0.152000 0.214000
2 0.894000 0.125000 0.208000 0.250000
2 0.542000 0.615000 0.268000 0.230000
2 0.105000 0.819000 0.134000 0.138000
2 0.146000 0.207000 0.152000 0.130000
2 0.263000 0.871000 0.230000 0.254000
2 0.118000 0.068000 0.108000 0.100000
11 0.008000 0.881000 0.016000 0.042000
2 0.068000 0.469000 0.136000 0.338000
2 0.771000 0.841000 0.454000 0.314000
2 0.702160 0.437820 0.308320 0.339640
