11 0.266000 0.217000 0.040000 0.046000
11 0.811000 0.679000 0.042000 0.046000
11 0.793000 0.921000 0.050000 0.046000
11 0.975000 0.925000 0.046000 0.054000
6 0.897000 0.540000 0.066000 0.064000
6 0.975000 0.475000 0.046000 0.078000
11 0.751000 0.684000 0.050000 0.036000
2 0.957000 0.784000 0.082000 0.152000
11 0.898000 0.991000 0.028000 0.014000
11 0.081000 0.779000 0.046000 0.058000
6 0.554000 0.982000 0.064000 0.032000
11 0.236000 0.267000 0.040000 0.046000
6 0.776060 0.828110 0.120120 0.036220
6 0.764660 0.309610 0.097320 0.111220
