2 0.037000 0.888000 0.074000 0.128000
2 0.604000 0.379000 0.208000 0.234000
2 0.795000 0.573000 0.150000 0.102000
11 0.338000 0.840000 0.036000 0.032000
2 0.079000 0.089000 0.142000 0.138000
11 0.625000 0.539000 0.046000 0.042000
3 0.693000 0.518000 0.074000 0.092000
2 0.182000 0.715000 0.216000 0.226000
2 0.406000 0.137000 0.212000 0.238000
11 0.408000 0.716000 0.040000 0.036000
11 0.536000 0.610000 0.036000 0.036000
11 0.869000 0.553000 0.038000 0.050000
2 0.904000 0.445000 0.108000 0.110000
2 0.911000 0.684000 0.174000 0.196000
2 0.968000 0.342000 0.060000 0.132000
2 0.405380 0.542000 0.274760 0.240000
3 0.721000 0.377000 0.054000 0.054000
11 0.906000 0.597000 0.036000 0.046000
11 0.165000 0.177000 0.030000 0.030000
11 0.925000 0.541000 0.038000 0.046000
11 0.982000 0.125000 0.032000 0.050000
2 0.184000 0.255000 0.124000 0.122000
2 0.826000 0.250000 0.088000 0.096000
11 0.984000 0.619000 0.028000 0.046000
2 0.017000 0.445000 0.034000 0.118000
2 0.971000 0.867000 0.054000 0.106000
5 0.655850 0.874620 0.427700 0.249240
2 0.124310 0.337690 0.144620 0.135380
