2 0.910000 0.154000 0.176000 0.304000
2 0.545000 0.339000 0.158000 0.186000
7 0.731000 0.073000 0.046000 0.070000
2 0.612000 0.890000 0.124000 0.144000
2 0.896000 0.539000 0.204000 0.214000
2 0.728000 0.342000 0.152000 0.140000
11 0.098000 0.749000 0.040000 0.046000
11 0.456000 0.916000 0.044000 0.036000
11 0.476000 0.509000 0.040000 0.034000
2 0.247000 0.186000 0.166000 0.172000
2 0.050000 0.971000 0.100000 0.054000
2 0.406000 0.054000 0.252000 0.108000
11 0.569000 0.972000 0.038000 0.036000
11 0.536000 0.952000 0.036000 0.036000
2 0.301000 0.731000 0.174000 0.158000
2 0.611000 0.696000 0.102000 0.096000
11 0.419000 0.898000 0.034000 0.028000
2 0.471000 0.577000 0.110000 0.110000
2 0.048000 0.046000 0.096000 0.092000
2 0.081000 0.578000 0.162000 0.332000
2 0.219000 0.975000 0.202000 0.046000
2 0.737190 0.898910 0.166380 0.169820
