2 0.226000 0.837000 0.120000 0.122000
2 0.220000 0.093000 0.188000 0.186000
2 0.267000 0.604000 0.162000 0.116000
2 0.755000 0.157000 0.190000 0.246000
2 0.760000 0.884670 0.164000 0.225340
2 0.155000 0.438000 0.126000 0.148000
11 0.930000 0.247000 0.028000 0.050000
2 0.811000 0.386000 0.190000 0.100000
2 0.303000 0.980000 0.114000 0.036000
11 0.925000 0.477000 0.026000 0.054000
11 0.911000 0.903000 0.026000 0.042000
11 0.429000 0.114000 0.058000 0.028000
11 0.425000 0.179000 0.046000 0.030000
11 0.069000 0.798000 0.026000 0.052000
11 0.934000 0.187000 0.020000 0.042000
11 0.939000 0.904000 0.018000 0.040000
11 0.922000 0.525000 0.024000 0.042000
11 0.913000 0.855000 0.022000 0.038000
11 0.081000 0.460000 0.022000 0.044000
11 0.081000 0.507000 0.022000 0.042000
11 0.936000 0.141000 0.024000 0.046000
11 0.913000 0.759000 0.022000 0.046000
11 0.936000 0.082000 0.024000 0.052000
11 0.532000 0.249000 0.036000 0.022000
11 0.087000 0.168000 0.018000 0.036000
11 0.938000 0.032000 0.028000 0.048000
11 0.529000 0.121000 0.042000 0.026000
11 0.914000 0.699000 0.024000 0.046000
11 0.435000 0.271000 0.046000 0.026000
11 0.913000 0.809000 0.022000 0.046000
11 0.067000 0.847000 0.022000 0.038000
2 0.020000 0.043000 0.040000 0.086000
2 0.008000 0.231000 0.016000 0.062000
2 0.010000 0.377000 0.020000 0.118000
2 0.017000 0.143000 0.034000 0.114000
2 0.764670 0.659330 0.161340 0.242660
