2 0.602000 0.600000 0.376000 0.324000
2 0.264000 0.825000 0.128000 0.134000
2 0.261000 0.136000 0.174000 0.272000
2 0.496000 0.948000 0.116000 0.100000
11 0.789000 0.165000 0.042000 0.030000
11 0.726000 0.352000 0.036000 0.044000
11 0.747000 0.294000 0.042000 0.036000
11 0.074000 0.473000 0.036000 0.046000
11 0.768000 0.236000 0.056000 0.040000
11 0.816000 0.453000 0.052000 0.042000
11 0.368000 0.098000 0.044000 0.040000
11 0.362000 0.146000 0.044000 0.036000
11 0.901000 0.201000 0.046000 0.030000
7 0.661000 0.449000 0.038000 0.054000
11 0.561000 0.325000 0.034000 0.030000
3 0.075000 0.566000 0.058000 0.116000
11 0.712000 0.493000 0.036000 0.042000
2 0.213000 0.409000 0.154000 0.218000
11 0.825000 0.410000 0.050000 0.044000
11 0.860000 0.327000 0.048000 0.042000
11 0.293090 0.978540 0.046180 0.025080
11 0.327000 0.945000 0.026000 0.042000
2 0.895000 0.096000 0.154000 0.176000
11 0.846000 0.367000 0.048000 0.042000
2 0.677000 0.048000 0.170000 0.096000
2 0.062500 0.902380 0.125000 0.132760
11 0.044000 0.300000 0.024000 0.056000
2 0.120000 0.777000 0.204000 0.222000
11 0.379000 0.052000 0.042000 0.036000
2 0.989000 0.502000 0.018000 0.132000
2 0.813810 0.771390 0.223620 0.214780
2 0.343530 0.510180 0.191060 0.172360
