3 0.417000 0.423000 0.122000 0.118000
3 0.393000 0.574000 0.126000 0.164000
11 0.879000 0.262000 0.046000 0.048000
11 0.365000 0.823000 0.046000 0.046000
11 0.427000 0.751000 0.042000 0.042000
3 0.229000 0.651000 0.114000 0.102000
11 0.298000 0.897000 0.036000 0.038000
11 0.751000 0.398000 0.042000 0.048000
11 0.682000 0.472000 0.044000 0.048000
11 0.823000 0.317000 0.046000 0.050000
3 0.267000 0.441000 0.086000 0.094000
11 0.607000 0.552000 0.050000 0.052000
11 0.932000 0.197000 0.052000 0.050000
11 0.326000 0.735000 0.040000 0.046000
11 0.208000 0.345000 0.044000 0.050000
11 0.550000 0.619000 0.048000 0.046000
3 0.188000 0.521000 0.072000 0.086000
11 0.535000 0.489000 0.046000 0.046000
11 0.222000 0.975000 0.044000 0.046000
11 0.290000 0.786000 0.044000 0.048000
11 0.165000 0.307000 0.042000 0.042000
11 0.650000 0.358000 0.052000 0.060000
3 0.089000 0.278000 0.066000 0.068000
3 0.089000 0.645000 0.066000 0.050000
2 0.321000 0.195000 0.374000 0.386000
11 0.978000 0.147000 0.040000 0.050000
11 0.006000 0.215000 0.012000 0.046000
2 0.013000 0.332000 0.026000 0.200000
11 0.366000 0.691000 0.044000 0.042000
