2 0.155000 0.936000 0.214000 0.124000
2 0.181000 0.554000 0.362000 0.512000
3 0.337000 0.958000 0.074000 0.056000
3 0.360000 0.828000 0.080000 0.056000
3 0.285000 0.885000 0.050000 0.078000
11 0.440000 0.060000 0.020000 0.052000
11 0.439000 0.277000 0.022000 0.046000
11 0.463000 0.265000 0.026000 0.054000
11 0.434000 0.114000 0.024000 0.056000
2 0.743000 0.142000 0.502000 0.284000
11 0.989000 0.019000 0.018000 0.026000
2 0.587000 0.899000 0.158000 0.198000
2 0.657000 0.618000 0.682000 0.760000
11 0.113000 0.848000 0.042000 0.024000
