2 0.350000 0.131000 0.116000 0.098000
2 0.512000 0.801000 0.120000 0.102000
2 0.418000 0.678000 0.120000 0.144000
2 0.618000 0.199000 0.172000 0.182000
2 0.392000 0.365000 0.120000 0.098000
2 0.369000 0.232000 0.126000 0.104000
2 0.892000 0.232000 0.212000 0.460000
2 0.093000 0.396000 0.186000 0.144000
2 0.330000 0.032000 0.116000 0.064000
7 0.294000 0.610000 0.036000 0.064000
11 0.863000 0.809000 0.050000 0.030000
11 0.909000 0.796000 0.042000 0.028000
3 0.351000 0.827000 0.074000 0.046000
11 0.667000 0.878000 0.042000 0.036000
2 0.547000 0.064000 0.078000 0.072000
11 0.561000 0.953000 0.050000 0.038000
11 0.242000 0.234000 0.024000 0.040000
3 0.231000 0.964000 0.046000 0.068000
11 0.259000 0.352000 0.026000 0.044000
11 0.791000 0.749000 0.046000 0.026000
3 0.467000 0.929000 0.046000 0.066000
11 0.212000 0.032000 0.024000 0.048000
11 0.220000 0.086000 0.024000 0.044000
7 0.698000 0.928000 0.076000 0.032000
7 0.848000 0.902000 0.052000 0.028000
2 0.638000 0.046000 0.092000 0.092000
11 0.307000 0.674000 0.018000 0.028000
11 0.921000 0.892000 0.038000 0.020000
11 0.789000 0.724000 0.042000 0.024000
11 0.275000 0.497000 0.030000 0.042000
11 0.245000 0.299000 0.030000 0.054000
