2 0.504000 0.392000 0.220000 0.324000
2 0.737000 0.437000 0.226000 0.366000
2 0.957000 0.494000 0.082000 0.184000
3 0.932000 0.927000 0.060000 0.078000
11 0.148000 0.337000 0.028000 0.042000
11 0.353000 0.746000 0.042000 0.032000
2 0.721000 0.122000 0.418000 0.160000
2 0.725000 0.773000 0.546000 0.222000
2 0.280000 0.327000 0.220000 0.398000
11 0.356000 0.439000 0.044000 0.022000
11 0.629000 0.143000 0.026000 0.042000
2 0.070000 0.037000 0.140000 0.074000
11 0.688000 0.163000 0.028000 0.046000
11 0.883000 0.374000 0.046000 0.028000
11 0.855000 0.480000 0.046000 0.032000
11 0.032000 0.658000 0.040000 0.024000
2 0.696000 0.936000 0.476000 0.124000
11 0.368000 0.416000 0.040000 0.024000
2 0.975000 0.343000 0.046000 0.142000
2 0.384000 0.892000 0.204000 0.148000
11 0.141000 0.383000 0.022000 0.038000
11 0.869000 0.431000 0.046000 0.034000
11 0.175000 0.243000 0.022000 0.038000
2 0.075000 0.873000 0.150000 0.250000
2 0.026000 0.571000 0.052000 0.134000
2 0.240000 0.024000 0.180000 0.048000
2 0.094000 0.271000 0.188000 0.386000
2 0.269000 0.635000 0.446000 0.218000
