11 0.384000 0.923000 0.048000 0.042000
11 0.330000 0.897000 0.048000 0.038000
11 0.116000 0.800000 0.040000 0.036000
11 0.285000 0.876000 0.038000 0.032000
11 0.026000 0.754000 0.040000 0.036000
11 0.240000 0.855000 0.044000 0.038000
7 0.232000 0.980000 0.060000 0.036000
11 0.469000 0.964000 0.046000 0.040000
11 0.021000 0.911000 0.042000 0.030000
7 0.383000 0.980000 0.050000 0.036000
11 0.065000 0.774000 0.050000 0.040000
11 0.514000 0.982000 0.044000 0.032000
11 0.109000 0.953000 0.038000 0.026000
11 0.213000 0.935000 0.050000 0.038000
11 0.559000 0.994000 0.038000 0.008000
11 0.429000 0.944000 0.034000 0.028000
