2 0.129000 0.102000 0.190000 0.188000
2 0.075000 0.583000 0.150000 0.158000
2 0.258000 0.283000 0.184000 0.194000
2 0.536000 0.605000 0.112000 0.138000
2 0.356000 0.467000 0.160000 0.186000
2 0.906000 0.656000 0.184000 0.204000
2 0.705000 0.458000 0.234000 0.200000
2 0.719000 0.079000 0.134000 0.158000
2 0.705000 0.938000 0.226000 0.120000
11 0.129000 0.365000 0.030000 0.042000
11 0.270000 0.576000 0.032000 0.032000
11 0.240000 0.534000 0.032000 0.040000
2 0.443000 0.307000 0.142000 0.142000
11 0.091000 0.305000 0.026000 0.026000
2 0.911000 0.402000 0.174000 0.196000
11 0.012000 0.175000 0.024000 0.038000
2 0.342000 0.032000 0.132000 0.064000
2 0.324000 0.934000 0.216000 0.128000
2 0.128000 0.918000 0.160000 0.160000
11 0.216000 0.496000 0.032000 0.036000
2 0.027000 0.377000 0.054000 0.234000
2 0.640000 0.754000 0.096000 0.112000
2 0.477850 0.181080 0.107700 0.126160
12 0.882620 0.907540 0.109240 0.143080
