2 0.689000 0.256000 0.258000 0.196000
11 0.835000 0.833000 0.050000 0.046000
3 0.661380 0.703080 0.150760 0.146160
11 0.719000 0.753000 0.042000 0.046000
11 0.550000 0.559000 0.056000 0.046000
3 0.205000 0.305000 0.066000 0.098000
11 0.247000 0.837000 0.038000 0.038000
11 0.973000 0.930000 0.050000 0.056000
2 0.536000 0.924000 0.400000 0.148000
2 0.130000 0.553000 0.112000 0.150000
2 0.888000 0.153000 0.168000 0.166000
3 0.448000 0.703000 0.096000 0.102000
2 0.039000 0.498000 0.078000 0.188000
2 0.446000 0.085000 0.208000 0.170000
2 0.750000 0.487080 0.380000 0.306160
2 0.689850 0.097690 0.307700 0.195380
2 0.247080 0.647850 0.186160 0.207700
2 0.094620 0.820000 0.189240 0.220000
3 0.653850 0.544310 0.147700 0.124620
6 0.898920 0.507690 0.093840 0.095380
