2 0.335000 0.763000 0.118000 0.110000
11 0.603000 0.507000 0.042000 0.042000
7 0.742000 0.397000 0.040000 0.054000
7 0.728000 0.263000 0.060000 0.046000
2 0.140000 0.447000 0.080000 0.086000
11 0.895000 0.327000 0.034000 0.042000
11 0.268000 0.719000 0.036000 0.034000
11 0.826000 0.237000 0.032000 0.042000
11 0.533000 0.132000 0.042000 0.036000
3 0.041000 0.900000 0.082000 0.068000
7 0.878000 0.716000 0.064000 0.036000
11 0.914000 0.364000 0.032000 0.040000
2 0.610000 0.834000 0.528000 0.328000
11 0.913630 0.316500 0.031260 0.045000
11 0.935750 0.358630 0.027500 0.041260
11 0.934000 0.305000 0.036000 0.050000
2 0.804000 0.059000 0.388000 0.118000
11 0.956250 0.342000 0.032500 0.040000
11 0.976130 0.330000 0.036260 0.040000
11 0.955630 0.287880 0.031260 0.043760
11 0.980000 0.281000 0.036000 0.050000
11 0.912000 0.935000 0.028000 0.046000
11 0.863000 0.837000 0.022000 0.030000
11 0.120000 0.982000 0.032000 0.032000
7 0.113000 0.659000 0.046000 0.062000
11 0.559000 0.171000 0.046000 0.030000
11 0.840000 0.814000 0.024000 0.036000
11 0.636000 0.132000 0.032000 0.036000
11 0.425000 0.989000 0.042000 0.018000
11 0.582000 0.030000 0.028000 0.036000
11 0.994000 0.421000 0.008000 0.034000
11 0.992640 0.263770 0.013280 0.031540
11 0.992000 0.321000 0.016000 0.034000
