2 0.740000 0.147000 0.316000 0.278000
2 0.740000 0.899000 0.212000 0.198000
11 0.428000 0.931000 0.048000 0.042000
2 0.925000 0.842000 0.146000 0.140000
2 0.105000 0.234000 0.210000 0.468000
11 0.518000 0.913000 0.056000 0.042000
2 0.348000 0.095000 0.164000 0.158000
11 0.693000 0.770000 0.038000 0.032000
3 0.318000 0.948000 0.100000 0.064000
2 0.696000 0.579000 0.340000 0.274000
11 0.958000 0.598000 0.036000 0.032000
11 0.425000 0.976000 0.038000 0.036000
11 0.333000 0.991000 0.046000 0.014000
2 0.924000 0.373000 0.148000 0.374000
2 0.285000 0.669000 0.566000 0.390000
2 0.477550 0.354790 0.355100 0.333580
