2 0.883000 0.143000 0.230000 0.286000
2 0.717000 0.911000 0.378000 0.174000
2 0.892000 0.488000 0.212000 0.280000
11 0.341000 0.923000 0.030000 0.050000
7 0.484000 0.079000 0.040000 0.066000
11 0.285000 0.862000 0.030000 0.052000
11 0.540000 0.156000 0.036000 0.056000
7 0.367000 0.830000 0.042000 0.072000
11 0.286000 0.982000 0.036000 0.032000
10 0.233000 0.034000 0.126000 0.068000
11 0.727000 0.686000 0.046000 0.024000
10 0.170000 0.224500 0.064000 0.221000
10 0.124000 0.221500 0.032000 0.059000
10 0.044000 0.540500 0.036000 0.073000
10 0.014500 0.884000 0.029000 0.080000
3 0.480000 0.655000 0.048000 0.090000
3 0.511000 0.549000 0.058000 0.066000
3 0.351500 0.717000 0.143000 0.086000
11 0.777500 0.693500 0.055000 0.023000
