2 0.569000 0.273000 0.102000 0.230000
2 0.844000 0.548000 0.124000 0.132000
2 0.779000 0.059000 0.098000 0.118000
2 0.277000 0.821000 0.118000 0.090000
2 0.842000 0.842000 0.120000 0.120000
2 0.548000 0.441000 0.104000 0.126000
2 0.345000 0.378000 0.106000 0.092000
2 0.821000 0.219000 0.310000 0.122000
2 0.576000 0.661000 0.116000 0.158000
2 0.222000 0.432000 0.128000 0.092000
2 0.258000 0.278000 0.156000 0.108000
2 0.337000 0.922000 0.142000 0.088000
2 0.561000 0.061000 0.098000 0.122000
11 0.624000 0.937000 0.036000 0.042000
11 0.885000 0.625000 0.042000 0.046000
11 0.682000 0.867000 0.032000 0.042000
2 0.069000 0.936000 0.134000 0.124000
11 0.851000 0.663000 0.038000 0.042000
2 0.948000 0.796000 0.100000 0.092000
2 0.326000 0.177000 0.108000 0.094000
11 0.914000 0.592000 0.032000 0.036000
2 0.601000 0.807000 0.130000 0.142000
11 0.499000 0.733000 0.018000 0.050000
11 0.455000 0.426000 0.022000 0.048000
11 0.498000 0.685000 0.020000 0.046000
11 0.492000 0.637000 0.024000 0.046000
11 0.565000 0.985000 0.042000 0.026000
11 0.487000 0.438000 0.018000 0.040000
11 0.490000 0.587000 0.020000 0.046000
7 0.754470 0.843040 0.056940 0.062080
11 0.487000 0.475000 0.018000 0.034000
7 0.691000 0.445000 0.050000 0.034000
7 0.618430 0.459900 0.032860 0.063800
7 0.504000 0.895000 0.028000 0.050000
2 0.319000 0.092000 0.114000 0.088000
2 0.125000 0.710000 0.110000 0.116000
2 0.978000 0.338000 0.040000 0.100000
11 0.819000 0.703000 0.038000 0.046000
11 0.409000 0.126000 0.018000 0.044000
2 0.734000 0.687000 0.088000 0.078000
2 0.357000 0.537000 0.082000 0.074000
2 0.251000 0.028000 0.098000 0.056000
2 0.992000 0.073000 0.012000 0.114000
