2 0.414000 0.381000 0.148000 0.134000
2 0.708000 0.841000 0.120000 0.110000
2 0.305000 0.045000 0.130000 0.090000
2 0.701000 0.513000 0.162000 0.138000
2 0.917000 0.909000 0.106000 0.162000
2 0.234000 0.284000 0.108000 0.152000
11 0.372000 0.512000 0.052000 0.040000
2 0.475000 0.089000 0.086000 0.094000
2 0.655000 0.416000 0.098000 0.064000
3 0.091000 0.332000 0.070000 0.056000
2 0.691000 0.155000 0.106000 0.094000
11 0.591000 0.612000 0.046000 0.040000
11 0.322000 0.493000 0.044000 0.038000
2 0.966000 0.666000 0.064000 0.120000
11 0.025000 0.348000 0.050000 0.032000
2 0.737000 0.313000 0.126000 0.118000
11 0.892000 0.269000 0.028000 0.038000
11 0.541000 0.585000 0.046000 0.042000
3 0.806850 0.673100 0.033700 0.074200
7 0.844000 0.666000 0.028000 0.064000
3 0.844000 0.124000 0.040000 0.084000
11 0.885000 0.012000 0.022000 0.024000
2 0.289000 0.745000 0.118000 0.102000
11 0.881000 0.044000 0.022000 0.040000
3 0.935140 0.180920 0.046280 0.069840
11 0.987000 0.175000 0.022000 0.034000
3 0.897000 0.109000 0.066000 0.062000
2 0.555000 0.103000 0.102000 0.126000
2 0.975000 0.082000 0.046000 0.108000
2 0.308000 0.596000 0.144000 0.120000
2 0.806000 0.041000 0.116000 0.082000
2 0.026000 0.039000 0.052000 0.078000
2 0.961000 0.307000 0.074000 0.110000
2 0.116000 0.514000 0.112000 0.092000
11 0.179000 0.435000 0.030000 0.026000
11 0.844000 0.008000 0.032000 0.016000
11 0.744000 0.104000 0.048000 0.036000
2 0.542110 0.726270 0.144220 0.116540
2 0.676880 0.926000 0.105760 0.104000
2 0.632160 0.118620 0.088320 0.109240
3 0.885990 0.227740 0.055980 0.039480
2 0.100030 0.697220 0.120060 0.150440
2 0.443560 0.681660 0.127120 0.175320
2 0.030040 0.231040 0.060080 0.094080
2 0.402250 0.056290 0.104500 0.108580
