2 0.807000 0.180000 0.098000 0.116000
2 0.327000 0.090000 0.206000 0.180000
2 0.654000 0.700000 0.180000 0.244000
2 0.928000 0.195000 0.088000 0.102000
2 0.136000 0.714000 0.116000 0.080000
2 0.307500 0.357500 0.087000 0.119000
11 0.362000 0.232000 0.052000 0.036000
11 0.091000 0.414000 0.034000 0.060000
2 0.546000 0.142000 0.108000 0.192000
11 0.083000 0.469000 0.026000 0.042000
11 0.569000 0.290000 0.046000 0.032000
11 0.493000 0.274000 0.042000 0.032000
11 0.052000 0.617000 0.024000 0.042000
2 0.467000 0.360000 0.102000 0.136000
2 0.017000 0.476000 0.034000 0.164000
11 0.010000 0.839000 0.020000 0.042000
11 0.444000 0.261000 0.048000 0.030000
2 0.166000 0.814000 0.140000 0.128000
2 0.980000 0.200000 0.036000 0.072000
2 0.381000 0.365000 0.074000 0.138000
2 0.611000 0.975000 0.194000 0.046000
11 0.069000 0.507000 0.026000 0.038000
3 0.231000 0.144000 0.042000 0.072000
2 0.940000 0.841000 0.116000 0.158000
11 0.008000 0.885000 0.016000 0.050000
2 0.258000 0.489000 0.112000 0.102000
2 0.111000 0.975000 0.166000 0.046000
2 0.803500 0.570000 0.311000 0.292000
2 0.159000 0.453000 0.114000 0.310000
