2 0.339000 0.955000 0.130000 0.086000
11 0.379000 0.198000 0.046000 0.036000
11 0.898000 0.230000 0.028000 0.048000
7 0.657000 0.441000 0.046000 0.066000
3 0.673000 0.505000 0.098000 0.082000
11 0.450000 0.253000 0.052000 0.042000
11 0.899000 0.610000 0.050000 0.036000
11 0.846000 0.207000 0.028000 0.042000
2 0.760000 0.830000 0.476000 0.336000
2 0.035000 0.318000 0.070000 0.200000
2 0.447710 0.627710 0.271420 0.343420
11 0.904140 0.677570 0.048280 0.043140
11 0.091000 0.360000 0.026000 0.032000
11 0.976000 0.642000 0.044000 0.036000
2 0.132000 0.961000 0.080000 0.074000
2 0.110710 0.621290 0.221420 0.258580
2 0.342140 0.459570 0.164280 0.147140
2 0.344430 0.861570 0.172860 0.107140
