2 0.591000 0.749000 0.158000 0.186000
2 0.141000 0.297000 0.174000 0.158000
2 0.274000 0.328000 0.092000 0.112000
2 0.431000 0.271000 0.154000 0.114000
2 0.803000 0.467000 0.106000 0.122000
2 0.173000 0.895000 0.154000 0.134000
2 0.679000 0.413000 0.138000 0.174000
11 0.921000 0.598000 0.046000 0.032000
2 0.210000 0.037000 0.176000 0.074000
11 0.753000 0.559000 0.046000 0.030000
11 0.797000 0.570000 0.042000 0.032000
7 0.456000 0.640000 0.040000 0.052000
2 0.971000 0.941000 0.054000 0.106000
2 0.923000 0.462000 0.078000 0.120000
11 0.027000 0.477000 0.042000 0.026000
2 0.980000 0.470000 0.036000 0.160000
2 0.904000 0.014000 0.132000 0.028000
2 0.686000 0.259000 0.080000 0.114000
2 0.399000 0.940000 0.086000 0.116000
2 0.985000 0.205000 0.026000 0.066000
7 0.304000 0.937000 0.040000 0.070000
2 0.982000 0.278000 0.032000 0.096000
2 0.014000 0.324000 0.028000 0.156000
2 0.819000 0.858000 0.158000 0.136000
7 0.237000 0.403000 0.026000 0.058000
2 0.025000 0.601000 0.050000 0.102000
