2 0.594000 0.792000 0.136000 0.116000
2 0.253000 0.324000 0.106000 0.100000
2 0.560000 0.589000 0.204000 0.162000
2 0.878000 0.164000 0.240000 0.324000
2 0.614000 0.904000 0.112000 0.108000
2 0.531000 0.273000 0.130000 0.114000
2 0.213000 0.161000 0.114000 0.106000
2 0.182000 0.844000 0.092000 0.108000
2 0.248000 0.570000 0.152000 0.116000
2 0.404000 0.903000 0.088000 0.102000
2 0.124000 0.249000 0.136000 0.082000
2 0.932000 0.952000 0.124000 0.092000
2 0.175000 0.387000 0.066000 0.110000
2 0.906000 0.796000 0.184000 0.204000
11 0.641000 0.257000 0.042000 0.026000
11 0.637000 0.037000 0.046000 0.034000
2 0.842000 0.581000 0.112000 0.178000
11 0.639000 0.181000 0.046000 0.030000
11 0.847000 0.383000 0.046000 0.022000
11 0.637000 0.091000 0.046000 0.026000
2 0.148000 0.020000 0.184000 0.040000
2 0.370000 0.265000 0.156000 0.110000
11 0.009000 0.186000 0.018000 0.044000
11 0.943000 0.371000 0.046000 0.026000
2 0.984000 0.511000 0.028000 0.126000
2 0.446000 0.028000 0.116000 0.056000
11 0.641000 0.209000 0.042000 0.026000
3 0.013000 0.522000 0.026000 0.064000
2 0.695000 0.989000 0.098000 0.018000
2 0.021000 0.814000 0.042000 0.344000
2 0.322000 0.911000 0.080000 0.094000
