11 0.712000 0.268000 0.048000 0.044000
11 0.525000 0.901000 0.050000 0.038000
11 0.617000 0.573000 0.050000 0.038000
11 0.061000 0.337000 0.058000 0.046000
11 0.920000 0.738000 0.036000 0.060000
11 0.624000 0.705000 0.048000 0.042000
11 0.404000 0.384000 0.028000 0.048000
11 0.899000 0.802000 0.042000 0.052000
11 0.945000 0.566000 0.050000 0.060000
7 0.622000 0.784000 0.060000 0.040000
11 0.563000 0.679000 0.046000 0.038000
11 0.028000 0.506000 0.056000 0.052000
7 0.549000 0.717000 0.074000 0.046000
11 0.454000 0.670000 0.044000 0.036000
3 0.404000 0.009000 0.112000 0.018000
11 0.481000 0.640000 0.038000 0.040000
3 0.916000 0.984000 0.100000 0.028000
11 0.226000 0.194000 0.048000 0.044000
