11 0.080000 0.577000 0.028000 0.038000
11 0.071000 0.057000 0.034000 0.046000
11 0.145000 0.025000 0.038000 0.038000
11 0.546000 0.725000 0.044000 0.026000
11 0.392000 0.665000 0.036000 0.026000
11 0.362000 0.652000 0.032000 0.028000
2 0.491000 0.458000 0.210000 0.180000
2 0.757000 0.107000 0.122000 0.158000
2 0.241000 0.182000 0.194000 0.160000
2 0.487000 0.831000 0.166000 0.142000
2 0.887000 0.682000 0.214000 0.188000
2 0.208000 0.785000 0.188000 0.222000
2 0.244000 0.446000 0.168000 0.192000
2 0.360000 0.697000 0.084000 0.086000
2 0.693000 0.941000 0.190000 0.114000
2 0.046000 0.658000 0.092000 0.136000
2 0.599000 0.144000 0.130000 0.084000
2 0.726000 0.253000 0.064000 0.074000
2 0.871000 0.971000 0.090000 0.054000
2 0.018000 0.931000 0.036000 0.134000
2 0.029000 0.796000 0.058000 0.136000
2 0.325000 0.071000 0.186000 0.142000
