2 0.424000 0.533000 0.132000 0.134000
2 0.093000 0.807000 0.186000 0.294000
2 0.479000 0.897000 0.150000 0.146000
2 0.691000 0.626000 0.114000 0.108000
7 0.183000 0.804000 0.038000 0.056000
11 0.830000 0.421000 0.052000 0.042000
2 0.864000 0.600000 0.176000 0.216000
11 0.948000 0.478000 0.048000 0.036000
3 0.044000 0.596000 0.084000 0.064000
11 0.723000 0.364000 0.042000 0.040000
11 0.091000 0.687000 0.034000 0.042000
11 0.271000 0.920000 0.030000 0.036000
11 0.213000 0.847000 0.034000 0.038000
11 0.332000 0.987000 0.036000 0.022000
11 0.061000 0.645000 0.042000 0.042000
2 0.236000 0.592000 0.248000 0.168000
11 0.955000 0.617000 0.042000 0.042000
11 0.245000 0.885000 0.030000 0.042000
11 0.763000 0.383000 0.038000 0.038000
11 0.210000 0.982000 0.044000 0.032000
11 0.150000 0.761000 0.040000 0.042000
2 0.966000 0.767000 0.064000 0.242000
2 0.606000 0.433000 0.120000 0.098000
