2 0.306000 0.464000 0.100000 0.116000
2 0.254470 0.665930 0.224940 0.111860
2 0.313000 0.601000 0.114000 0.122000
2 0.673000 0.256000 0.098000 0.108000
2 0.642000 0.539000 0.196000 0.134000
2 0.349000 0.203000 0.138000 0.106000
2 0.934000 0.319000 0.128000 0.102000
2 0.793000 0.304000 0.146000 0.100000
2 0.545000 0.752000 0.194000 0.200000
2 0.824000 0.837000 0.260000 0.174000
2 0.150000 0.412000 0.116000 0.128000
2 0.503000 0.235000 0.110000 0.110000
2 0.177000 0.158000 0.094000 0.100000
11 0.380000 0.354000 0.048000 0.040000
2 0.065000 0.340000 0.098000 0.096000
7 0.344000 0.862000 0.032000 0.060000
11 0.215000 0.309000 0.046000 0.038000
11 0.074000 0.272000 0.044000 0.032000
2 0.118000 0.890000 0.236000 0.216000
11 0.274000 0.327000 0.048000 0.034000
11 0.330000 0.343000 0.040000 0.034000
11 0.399000 0.687000 0.030000 0.042000
11 0.362000 0.807000 0.032000 0.050000
11 0.459000 0.502000 0.030000 0.048000
2 0.971000 0.515000 0.054000 0.118000
11 0.028000 0.259000 0.044000 0.030000
11 0.311000 0.967000 0.030000 0.046000
11 0.684000 0.408000 0.048000 0.028000
2 0.481000 0.968000 0.214000 0.060000
2 0.623000 0.056000 0.578000 0.112000
2 0.070000 0.119000 0.140000 0.118000
11 0.009000 0.677000 0.018000 0.050000
2 0.840000 0.495000 0.208000 0.118000
2 0.021000 0.026000 0.042000 0.052000
11 0.560000 0.623000 0.028000 0.046000
11 0.772000 0.417000 0.044000 0.026000
11 0.819000 0.417000 0.046000 0.026000
2 0.952000 0.680000 0.092000 0.112000
11 0.313000 0.008000 0.034000 0.016000
2 0.210000 0.742000 0.204000 0.080000
2 0.260990 0.176110 0.089980 0.108220
