2 0.043000 0.901000 0.086000 0.194000
11 0.562000 0.219000 0.032000 0.038000
11 0.647000 0.066000 0.030000 0.040000
11 0.592000 0.174000 0.036000 0.052000
11 0.487000 0.453000 0.026000 0.042000
11 0.626000 0.105000 0.032000 0.046000
11 0.506000 0.404000 0.032000 0.056000
2 0.642000 0.521000 0.176000 0.170000
11 0.470000 0.494000 0.024000 0.036000
11 0.668000 0.029000 0.032000 0.046000
2 0.894000 0.092000 0.208000 0.184000
2 0.518000 0.924000 0.140000 0.148000
2 0.966000 0.952000 0.064000 0.092000
2 0.724000 0.326000 0.200000 0.220000
2 0.973000 0.524000 0.050000 0.152000
11 0.404000 0.638000 0.028000 0.036000
2 0.668880 0.866250 0.209760 0.204500
5 0.165570 0.487840 0.331140 0.531680
5 0.318700 0.122040 0.369400 0.244080
