2 0.883000 0.539000 0.158000 0.134000
2 0.186000 0.410000 0.128000 0.112000
2 0.725000 0.586000 0.102000 0.092000
2 0.945000 0.331000 0.106000 0.114000
2 0.906000 0.742000 0.176000 0.160000
2 0.130000 0.164000 0.096000 0.100000
2 0.758000 0.749000 0.140000 0.118000
2 0.097000 0.708000 0.090000 0.092000
2 0.735000 0.360000 0.094000 0.116000
7 0.489000 0.665000 0.050000 0.046000
11 0.561000 0.601000 0.034000 0.038000
2 0.034000 0.492000 0.068000 0.116000
3 0.028000 0.835000 0.056000 0.134000
3 0.255000 0.842000 0.062000 0.112000
2 0.172000 0.650000 0.116000 0.096000
11 0.653000 0.455000 0.042000 0.034000
11 0.248000 0.557000 0.048000 0.034000
2 0.028000 0.705000 0.056000 0.106000
11 0.294000 0.550000 0.044000 0.028000
11 0.136000 0.854000 0.044000 0.032000
11 0.860000 0.448000 0.048000 0.032000
3 0.351000 0.783000 0.094000 0.050000
11 0.670000 0.503000 0.036000 0.030000
2 0.500000 0.348000 0.128000 0.236000
11 0.061000 0.596000 0.042000 0.028000
11 0.761000 0.471000 0.050000 0.030000
2 0.435000 0.062000 0.090000 0.068000
11 0.661000 0.256000 0.046000 0.032000
11 0.890000 0.955000 0.052000 0.034000
11 0.957000 0.434000 0.046000 0.028000
11 0.155000 0.580000 0.038000 0.024000
2 0.367000 0.355000 0.102000 0.162000
2 0.364000 0.039000 0.060000 0.078000
2 0.026000 0.370000 0.052000 0.132000
2 0.675000 0.141000 0.158000 0.146000
2 0.823000 0.243000 0.146000 0.114000
11 0.582000 0.118000 0.028000 0.052000
2 0.540000 0.724000 0.064000 0.108000
2 0.030000 0.959000 0.060000 0.078000
2 0.975000 0.054000 0.046000 0.108000
2 0.925000 0.035000 0.054000 0.070000
11 0.971000 0.957000 0.046000 0.026000
2 0.293000 0.646000 0.154000 0.148000
2 0.261000 0.029000 0.106000 0.058000
2 0.331710 0.975000 0.307420 0.046000
2 0.052000 0.045000 0.096000 0.090000
2 0.650000 0.360000 0.088000 0.128000
2 0.696000 0.985000 0.228000 0.026000
2 0.989000 0.191000 0.018000 0.094000
11 0.280000 0.915000 0.024000 0.018000
11 0.198000 0.566000 0.036000 0.032000
11 0.715000 0.475000 0.042000 0.030000
2 0.865000 0.992000 0.074000 0.012000
2 0.675000 0.008000 0.166000 0.016000
2 0.952000 0.994000 0.092000 0.008000
