2 0.571000 0.235000 0.126000 0.182000
2 0.558000 0.071000 0.124000 0.142000
3 0.473000 0.915000 0.078000 0.046000
11 0.469000 0.164000 0.022000 0.044000
11 0.464000 0.065000 0.024000 0.054000
11 0.481000 0.459000 0.026000 0.054000
2 0.769000 0.904000 0.458000 0.172000
11 0.471000 0.213000 0.018000 0.050000
11 0.493000 0.663000 0.022000 0.042000
11 0.489000 0.571000 0.022000 0.050000
2 0.980000 0.689000 0.036000 0.214000
2 0.205000 0.075000 0.358000 0.146000
11 0.500000 0.745000 0.016000 0.046000
11 0.467000 0.007000 0.030000 0.014000
11 0.473000 0.260000 0.018000 0.044000
2 0.792000 0.682000 0.116000 0.192000
