2 0.418000 0.698000 0.108000 0.128000
2 0.072000 0.848000 0.144000 0.300000
11 0.301000 0.284000 0.030000 0.056000
11 0.033000 0.525000 0.042000 0.058000
11 0.283000 0.796000 0.030000 0.056000
11 0.751000 0.921000 0.042000 0.046000
3 0.336000 0.466000 0.096000 0.068000
11 0.012000 0.471000 0.024000 0.042000
11 0.629000 0.811000 0.038000 0.042000
2 0.715000 0.312000 0.566000 0.624000
11 0.156000 0.957000 0.032000 0.054000
11 0.246000 0.566000 0.032000 0.052000
11 0.199000 0.777000 0.030000 0.054000
11 0.714000 0.886000 0.040000 0.040000
11 0.315000 0.344000 0.030000 0.052000
11 0.520000 0.945000 0.040000 0.042000
11 0.587000 0.770000 0.038000 0.040000
3 0.225000 0.834000 0.094000 0.060000
11 0.094000 0.577000 0.040000 0.046000
11 0.172000 0.886000 0.028000 0.052000
11 0.285000 0.453000 0.026000 0.046000
11 0.220000 0.978000 0.036000 0.040000
3 0.375000 0.554000 0.058000 0.092000
2 0.150000 0.407000 0.160000 0.178000
2 0.112000 0.020000 0.148000 0.040000
11 0.679000 0.853000 0.038000 0.042000
11 0.366000 0.008000 0.024000 0.016000
11 0.265000 0.508000 0.038000 0.056000
2 0.681000 0.948000 0.162000 0.100000
2 0.052000 0.165000 0.104000 0.202000
7 0.255000 0.934000 0.034000 0.056000
11 0.229000 0.636000 0.030000 0.052000
2 0.788000 0.800000 0.420000 0.396000
2 0.518000 0.786000 0.140000 0.148000
