3 0.566000 0.957000 0.152000 0.082000
2 0.308000 0.516000 0.540000 0.672000
11 0.834000 0.348000 0.032000 0.060000
2 0.927000 0.461000 0.142000 0.170000
11 0.190000 0.776000 0.036000 0.036000
2 0.885000 0.730000 0.226000 0.388000
11 0.610000 0.464000 0.028000 0.056000
11 0.672000 0.187000 0.024000 0.046000
11 0.735000 0.761000 0.030000 0.034000
2 0.957000 0.176000 0.082000 0.284000
3 0.354000 0.973000 0.068000 0.050000
2 0.867000 0.962000 0.262000 0.072000
7 0.287000 0.987000 0.058000 0.022000
11 0.619000 0.208000 0.026000 0.048000
6 0.609000 0.800000 0.046000 0.084000
2 0.323000 0.072000 0.622000 0.144000
