2 0.636150 0.825850 0.332300 0.347700
7 0.721000 0.706000 0.046000 0.060000
11 0.816000 0.907000 0.032000 0.046000
11 0.747000 0.763000 0.034000 0.046000
2 0.464620 0.376770 0.189240 0.161540
11 0.510000 0.265000 0.032000 0.042000
11 0.694000 0.653000 0.028000 0.042000
11 0.772000 0.814000 0.036000 0.048000
11 0.793000 0.859000 0.034000 0.046000
11 0.596000 0.446000 0.036000 0.044000
11 0.574000 0.396000 0.028000 0.044000
11 0.489000 0.217000 0.030000 0.042000
2 0.308000 0.196310 0.360000 0.304620
11 0.424000 0.081000 0.036000 0.046000
11 0.401000 0.036000 0.030000 0.040000
11 0.470000 0.181000 0.024000 0.038000
11 0.654000 0.505000 0.040000 0.054000
11 0.577000 0.016000 0.038000 0.032000
11 0.862000 0.991000 0.032000 0.014000
7 0.538000 0.021000 0.032000 0.042000
2 0.086000 0.300000 0.172000 0.228000
11 0.447000 0.132000 0.030000 0.036000
11 0.660000 0.577000 0.028000 0.046000
11 0.766000 0.636000 0.024000 0.032000
11 0.842000 0.963000 0.028000 0.046000
2 0.469380 0.567540 0.250760 0.223080
6 0.805380 0.141540 0.070760 0.123080
