2 0.909000 0.855270 0.182000 0.278540
11 0.569100 0.386610 0.034200 0.057220
2 0.252500 0.062320 0.497000 0.124640
2 0.477960 0.826830 0.463920 0.341660
11 0.816000 0.719000 0.040000 0.042000
11 0.774000 0.874000 0.032000 0.036000
11 0.923000 0.695000 0.042000 0.042000
11 0.958000 0.659000 0.036000 0.042000
11 0.689000 0.980000 0.038000 0.036000
11 0.978000 0.520000 0.040000 0.040000
11 0.984000 0.624000 0.028000 0.036000
2 0.630000 0.279000 0.516000 0.298000
11 0.950000 0.559000 0.032000 0.030000
2 0.174000 0.964000 0.164000 0.068000
2 0.190000 0.659000 0.380000 0.394000
11 0.853000 0.675000 0.034000 0.038000
2 0.043000 0.285000 0.086000 0.182000
