2 0.045000 0.814000 0.090000 0.128000
2 0.365000 0.659000 0.130000 0.098000
2 0.122000 0.370000 0.188000 0.144000
2 0.638000 0.864000 0.112000 0.112000
2 0.413000 0.386000 0.110000 0.120000
2 0.303000 0.379000 0.114000 0.130000
2 0.136000 0.846000 0.100000 0.100000
2 0.289000 0.147000 0.102000 0.110000
2 0.487000 0.550000 0.078000 0.100000
11 0.111000 0.207000 0.050000 0.030000
11 0.503000 0.224000 0.050000 0.028000
2 0.096000 0.124000 0.152000 0.092000
11 0.028000 0.202000 0.052000 0.028000
11 0.559000 0.228000 0.046000 0.024000
11 0.878000 0.084000 0.028000 0.056000
11 0.541000 0.958000 0.054000 0.028000
11 0.336000 0.216000 0.044000 0.028000
11 0.670000 0.964000 0.048000 0.032000
2 0.556000 0.384000 0.128000 0.132000
11 0.292000 0.216000 0.044000 0.028000
2 0.216000 0.751000 0.084000 0.170000
11 0.093000 0.989000 0.050000 0.018000
2 0.467000 0.846000 0.186000 0.148000
11 0.991000 0.536000 0.014000 0.048000
11 0.245000 0.992000 0.042000 0.012000
11 0.149000 0.989000 0.046000 0.018000
11 0.297000 0.994000 0.046000 0.008000
