2 0.403000 0.124000 0.158000 0.144000
2 0.209000 0.067000 0.222000 0.134000
2 0.785000 0.609000 0.134000 0.130000
2 0.775000 0.897000 0.186000 0.202000
2 0.052000 0.727000 0.104000 0.134000
2 0.541000 0.873000 0.134000 0.146000
2 0.937000 0.965000 0.122000 0.066000
2 0.341000 0.796000 0.138000 0.160000
2 0.435000 0.903000 0.082000 0.130000
2 0.180000 0.282000 0.060000 0.084000
2 0.898000 0.328000 0.152000 0.160000
2 0.677000 0.153500 0.106000 0.179000
2 0.241500 0.683000 0.159000 0.142000
2 0.881500 0.144500 0.107000 0.145000
2 0.788500 0.136500 0.113000 0.121000
2 0.585000 0.083000 0.178000 0.162000
2 0.890000 0.651000 0.044000 0.078000
2 0.235000 0.895000 0.086000 0.082000
2 0.372500 0.950500 0.073000 0.077000
2 0.962000 0.142500 0.064000 0.129000
