2 0.786000 0.106000 0.148000 0.156000
7 0.405000 0.783000 0.054000 0.050000
11 0.286000 0.887000 0.052000 0.046000
11 0.425000 0.543000 0.042000 0.050000
11 0.523000 0.462000 0.046000 0.048000
7 0.879000 0.364000 0.054000 0.048000
2 0.317000 0.255000 0.346000 0.346000
11 0.102000 0.155000 0.048000 0.038000
11 0.892000 0.044000 0.036000 0.048000
11 0.700000 0.571000 0.032000 0.050000
11 0.207000 0.953000 0.042000 0.038000
11 0.615000 0.318000 0.046000 0.032000
11 0.199000 0.120000 0.038000 0.032000
11 0.244000 0.062000 0.032000 0.032000
11 0.040000 0.030000 0.048000 0.044000
3 0.915000 0.113000 0.074000 0.054000
11 0.141000 0.020000 0.046000 0.036000
11 0.217000 0.020000 0.046000 0.040000
11 0.164000 0.984000 0.044000 0.028000
11 0.107160 0.647250 0.034320 0.062500
11 0.130710 0.642020 0.029420 0.060040
11 0.149930 0.633280 0.031860 0.046560
11 0.207000 0.585000 0.030000 0.050000
11 0.305000 0.651000 0.050000 0.046000
11 0.175000 0.076000 0.038000 0.040000
11 0.870000 0.012000 0.028000 0.024000
11 0.338000 0.843000 0.044000 0.042000
11 0.091000 0.675000 0.034000 0.054000
11 0.167000 0.612000 0.034000 0.052000
3 0.832000 0.265000 0.056000 0.098000
11 0.934000 0.344000 0.036000 0.032000
11 0.067000 0.088000 0.050000 0.040000
2 0.120000 0.577000 0.240000 0.290000
2 0.948000 0.651000 0.100000 0.694000
3 0.821000 0.389000 0.070000 0.086000
11 0.034000 0.716000 0.036000 0.056000
6 0.123000 0.206000 0.066000 0.052000
11 0.989000 0.932000 0.018000 0.024000
11 0.177800 0.764810 0.055600 0.045620
