2 0.538000 0.872000 0.152000 0.116000
2 0.728000 0.876000 0.200000 0.228000
2 0.826000 0.417000 0.116000 0.094000
2 0.915000 0.768000 0.102000 0.212000
2 0.035000 0.698000 0.070000 0.112000
2 0.249000 0.220000 0.110000 0.160000
2 0.820000 0.195000 0.088000 0.118000
2 0.936000 0.264000 0.124000 0.092000
2 0.045000 0.262000 0.090000 0.164000
2 0.597000 0.534000 0.130000 0.132000
2 0.402000 0.178000 0.212000 0.156000
11 0.140000 0.980000 0.044000 0.028000
2 0.018000 0.892000 0.036000 0.092000
11 0.190000 0.985000 0.048000 0.026000
11 0.040000 0.978000 0.048000 0.032000
2 0.234000 0.876000 0.140000 0.108000
11 0.701000 0.019000 0.042000 0.030000
2 0.592000 0.228000 0.204000 0.228000
11 0.585000 0.953000 0.022000 0.046000
11 0.563000 0.010000 0.046000 0.020000
11 0.323000 0.989000 0.042000 0.018000
11 0.501000 0.992000 0.042000 0.012000
11 0.967000 0.362000 0.054000 0.028000
11 0.037000 0.006000 0.046000 0.012000
11 0.141000 0.006000 0.046000 0.012000
11 0.008000 0.976000 0.016000 0.028000
2 0.071000 0.424000 0.142000 0.168000
2 0.924000 0.512000 0.148000 0.120000
11 0.607000 0.009000 0.042000 0.018000
11 0.943000 0.016000 0.038000 0.024000
11 0.094000 0.004000 0.040000 0.008000
7 0.086000 0.806000 0.036000 0.060000
11 0.909000 0.366000 0.050000 0.024000
2 0.731000 0.305000 0.094000 0.310000
