2 0.850000 0.530000 0.296000 0.244000
11 0.835000 0.685000 0.050000 0.038000
11 0.874000 0.089000 0.036000 0.050000
11 0.962000 0.969000 0.056000 0.034000
11 0.572000 0.492000 0.028000 0.032000
11 0.497000 0.543000 0.042000 0.034000
11 0.846000 0.017000 0.028000 0.034000
11 0.687000 0.421000 0.034000 0.042000
11 0.635000 0.294000 0.022000 0.044000
2 0.336720 0.354910 0.673440 0.709820
2 0.356000 0.017000 0.148000 0.034000
2 0.751000 0.844000 0.246000 0.308000
2 0.039000 0.059000 0.078000 0.118000
2 0.651400 0.614070 0.162800 0.160140
