11 0.851000 0.733000 0.038000 0.050000
11 0.816000 0.519000 0.040000 0.054000
6 0.640000 0.942000 0.076000 0.116000
11 0.691000 0.909000 0.034000 0.050000
11 0.955000 0.490000 0.034000 0.044000
11 0.804000 0.763000 0.036000 0.046000
11 0.733000 0.714000 0.034000 0.052000
11 0.341000 0.789000 0.030000 0.042000
11 0.439000 0.829000 0.034000 0.042000
11 0.492000 0.849000 0.032000 0.042000
11 0.390000 0.803000 0.032000 0.042000
11 0.982000 0.337000 0.032000 0.046000
11 0.740000 0.921000 0.036000 0.046000
11 0.647000 0.064000 0.030000 0.044000
11 0.749000 0.219000 0.030000 0.038000
11 0.467000 0.934000 0.042000 0.028000
11 0.364000 0.902000 0.044000 0.028000
11 0.989000 0.162000 0.018000 0.052000
11 0.991000 0.562000 0.014000 0.052000
3 0.975000 0.624000 0.046000 0.056000
11 0.673510 0.079870 0.027020 0.047740
11 0.695000 0.006000 0.042000 0.012000
2 0.402000 0.039000 0.268000 0.078000
11 0.677000 0.034000 0.042000 0.036000
2 0.037000 0.959000 0.074000 0.078000
11 0.994000 0.071000 0.008000 0.042000
