2 0.711000 0.417000 0.130000 0.126000
2 0.497000 0.255000 0.126000 0.122000
2 0.550000 0.594000 0.092000 0.088000
2 0.090000 0.407000 0.148000 0.150000
2 0.749000 0.580000 0.122000 0.116000
2 0.384000 0.037000 0.128000 0.074000
2 0.596000 0.784000 0.148000 0.136000
2 0.107000 0.860000 0.158000 0.176000
2 0.910000 0.269000 0.148000 0.150000
2 0.791000 0.721000 0.202000 0.178000
2 0.329000 0.305000 0.118000 0.106000
2 0.039000 0.221000 0.078000 0.154000
11 0.712000 0.957000 0.048000 0.038000
11 0.891000 0.851000 0.042000 0.038000
11 0.982000 0.510000 0.032000 0.044000
11 0.935000 0.825000 0.046000 0.034000
11 0.494000 0.970000 0.056000 0.032000
11 0.128000 0.985000 0.048000 0.026000
11 0.262000 0.955000 0.048000 0.030000
2 0.163000 0.100000 0.110000 0.104000
2 0.300000 0.802000 0.088000 0.124000
11 0.615000 0.897000 0.038000 0.046000
2 0.928000 0.964000 0.124000 0.068000
2 0.371870 0.809750 0.075740 0.127500
2 0.620000 0.019000 0.112000 0.038000
11 0.944000 0.451000 0.028000 0.030000
2 0.978000 0.670000 0.040000 0.168000
2 0.506000 0.017000 0.108000 0.034000
2 0.228250 0.812500 0.092500 0.125000
2 0.438250 0.811880 0.092500 0.123760
2 0.517250 0.810750 0.102500 0.137500
