2 0.378000 0.853000 0.104000 0.106000
2 0.667000 0.702000 0.398000 0.352000
11 0.105000 0.649000 0.046000 0.042000
11 0.883000 0.673000 0.054000 0.050000
11 0.887000 0.369000 0.046000 0.038000
2 0.916000 0.596000 0.112000 0.112000
2 0.938000 0.145000 0.120000 0.170000
11 0.791000 0.599000 0.038000 0.034000
11 0.613000 0.458000 0.042000 0.040000
11 0.929000 0.710000 0.038000 0.040000
11 0.186000 0.710000 0.044000 0.040000
11 0.932000 0.404000 0.040000 0.032000
11 0.691000 0.522000 0.042000 0.044000
11 0.614000 0.268000 0.028000 0.028000
11 0.978000 0.445000 0.040000 0.034000
2 0.110000 0.814000 0.112000 0.112000
11 0.839000 0.036000 0.042000 0.040000
2 0.738000 0.941000 0.264000 0.114000
2 0.035000 0.730000 0.070000 0.128000
2 0.710000 0.405000 0.152000 0.174000
11 0.825000 0.379000 0.042000 0.042000
2 0.228000 0.978000 0.184000 0.040000
11 0.908000 0.007000 0.032000 0.014000
11 0.712000 0.124000 0.020000 0.024000
2 0.026000 0.948000 0.052000 0.100000
11 0.656000 0.493000 0.036000 0.030000
11 0.825000 0.632000 0.034000 0.032000
11 0.964000 0.736000 0.032000 0.028000
8 0.535460 0.806070 0.162920 0.164140
