2 0.391000 0.802000 0.282000 0.312000
2 0.945000 0.632000 0.106000 0.316000
2 0.631000 0.391000 0.310000 0.318000
11 0.151000 0.629000 0.042000 0.054000
11 0.258000 0.577000 0.028000 0.046000
3 0.399000 0.144000 0.062000 0.116000
11 0.272000 0.199000 0.032000 0.050000
11 0.297000 0.109000 0.030000 0.054000
3 0.087000 0.762000 0.034000 0.148000
11 0.199000 0.858000 0.030000 0.052000
11 0.186000 0.541000 0.028000 0.046000
3 0.156000 0.691000 0.120000 0.070000
11 0.216000 0.907000 0.032000 0.046000
11 0.252000 0.303000 0.028000 0.042000
11 0.215000 0.444000 0.030000 0.048000
11 0.270000 0.525000 0.028000 0.042000
11 0.257000 0.985000 0.034000 0.026000
11 0.259000 0.253000 0.026000 0.046000
11 0.223000 0.401000 0.030000 0.046000
11 0.202000 0.777000 0.028000 0.054000
11 0.776000 0.214000 0.028000 0.044000
11 0.317000 0.013000 0.026000 0.026000
11 0.234000 0.354000 0.024000 0.048000
2 0.124000 0.032000 0.212000 0.064000
2 0.558000 0.973000 0.272000 0.050000
11 0.166000 0.987000 0.028000 0.022000
11 0.021000 0.682000 0.026000 0.040000
11 0.122000 0.885000 0.028000 0.042000
