2 0.408000 0.277000 0.136000 0.110000
2 0.493000 0.074000 0.162000 0.148000
2 0.456000 0.438000 0.104000 0.108000
3 0.814000 0.445000 0.056000 0.110000
11 0.626000 0.125000 0.040000 0.050000
2 0.426000 0.758000 0.072000 0.056000
2 0.559000 0.425000 0.110000 0.082000
2 0.540000 0.880000 0.104000 0.088000
11 0.652000 0.821000 0.028000 0.050000
11 0.658000 0.244000 0.032000 0.056000
11 0.630000 0.918000 0.032000 0.052000
11 0.608000 0.032000 0.032000 0.048000
11 0.644000 0.873000 0.032000 0.046000
11 0.978000 0.577000 0.040000 0.038000
11 0.670000 0.306000 0.028000 0.044000
2 0.533000 0.570000 0.210000 0.124000
2 0.030000 0.131850 0.060000 0.167700
2 0.048000 0.014000 0.096000 0.028000
2 0.505000 0.982000 0.110000 0.032000
2 0.052000 0.930000 0.104000 0.128000
2 0.546000 0.802000 0.140000 0.096000
2 0.985000 0.369000 0.026000 0.138000
2 0.448000 0.857000 0.096000 0.098000
2 0.868000 0.243000 0.264000 0.270000
2 0.394770 0.169230 0.161540 0.138460
