2 0.338000 0.114000 0.348000 0.228000
2 0.147000 0.557000 0.194000 0.162000
2 0.485000 0.954000 0.138000 0.088000
2 0.295000 0.877000 0.218000 0.190000
7 0.317000 0.592000 0.050000 0.064000
4 0.839000 0.129000 0.322000 0.258000
7 0.370000 0.625000 0.056000 0.046000
7 0.784000 0.585000 0.052000 0.070000
11 0.781000 0.398000 0.046000 0.040000
11 0.825000 0.376000 0.042000 0.036000
11 0.047000 0.862000 0.046000 0.040000
11 0.400000 0.582000 0.044000 0.036000
11 0.447000 0.559000 0.054000 0.038000
11 0.478000 0.633000 0.044000 0.038000
11 0.190000 0.693000 0.048000 0.038000
11 0.869000 0.354000 0.046000 0.040000
2 0.364000 0.408000 0.388000 0.304000
2 0.551000 0.804000 0.230000 0.176000
3 0.685000 0.498000 0.074000 0.084000
11 0.735000 0.754000 0.030000 0.036000
3 0.631000 0.584000 0.070000 0.060000
11 0.883000 0.705000 0.046000 0.042000
11 0.982000 0.395000 0.032000 0.038000
11 0.884000 0.531000 0.036000 0.046000
11 0.381000 0.687000 0.042000 0.034000
11 0.229000 0.670000 0.046000 0.036000
11 0.846000 0.550000 0.036000 0.048000
3 0.521000 0.582000 0.058000 0.076000
11 0.712000 0.709000 0.036000 0.042000
2 0.056000 0.971000 0.112000 0.054000
11 0.945000 0.318000 0.042000 0.032000
11 0.338000 0.710000 0.044000 0.032000
11 0.858000 0.975000 0.032000 0.046000
11 0.686000 0.663000 0.032000 0.050000
11 0.751000 0.784000 0.022000 0.032000
6 0.957000 0.350000 0.066000 0.044000
11 0.906000 0.340000 0.036000 0.032000
11 0.779000 0.837000 0.030000 0.038000
11 0.798000 0.878000 0.024000 0.028000
11 0.902000 0.749000 0.036000 0.030000
11 0.930000 0.784000 0.028000 0.024000
2 0.968000 0.776000 0.060000 0.436000
11 0.270000 0.652000 0.036000 0.028000
11 0.991000 0.984000 0.014000 0.028000
