2 0.684000 0.265000 0.260000 0.206000
11 0.039910 0.482650 0.035820 0.049300
11 0.068680 0.476420 0.029360 0.056840
11 0.147000 0.392000 0.038000 0.032000
11 0.070000 0.783000 0.040000 0.042000
8 0.240330 0.794830 0.284660 0.409660
11 0.118000 0.865000 0.044000 0.038000
11 0.060000 0.520000 0.044000 0.032000
2 0.770000 0.035000 0.132000 0.070000
11 0.368000 0.738000 0.040000 0.032000
2 0.302000 0.221070 0.604000 0.426140
11 0.863000 0.077000 0.042000 0.038000
11 0.391000 0.812000 0.042000 0.032000
3 0.886000 0.185000 0.052000 0.074000
11 0.382000 0.682000 0.040000 0.052000
3 0.964000 0.127000 0.068000 0.070000
11 0.950000 0.978000 0.052000 0.040000
11 0.902000 0.012000 0.028000 0.024000
11 0.918000 0.046000 0.024000 0.044000
2 0.706000 0.672000 0.588000 0.656000
11 0.444000 0.767000 0.028000 0.046000
2 0.018000 0.913000 0.036000 0.170000
