2 0.165000 0.258000 0.146000 0.144000
2 0.781000 0.128000 0.122000 0.136000
2 0.325000 0.696000 0.214000 0.208000
2 0.924000 0.906000 0.148000 0.184000
2 0.193000 0.400000 0.102000 0.104000
11 0.834000 0.791000 0.032000 0.046000
2 0.482000 0.404000 0.276000 0.300000
11 0.212000 0.497000 0.036000 0.042000
2 0.037000 0.087000 0.074000 0.098000
11 0.677000 0.581000 0.050000 0.042000
2 0.035000 0.643000 0.070000 0.158000
11 0.440000 0.922000 0.024000 0.032000
2 0.071000 0.167000 0.142000 0.078000
2 0.105000 0.499000 0.194000 0.222000
2 0.684000 0.936000 0.352000 0.124000
2 0.124000 0.032000 0.136000 0.064000
2 0.951000 0.290000 0.078000 0.108000
11 0.793000 0.818000 0.022000 0.036000
2 0.436000 0.092000 0.152000 0.132000
2 0.991000 0.558000 0.014000 0.160000
2 0.663000 0.221130 0.270000 0.266260
2 0.357000 0.200630 0.230000 0.201260
2 0.120630 0.811750 0.241260 0.227500
