11 0.108000 0.514000 0.044000 0.044000
11 0.394000 0.761000 0.040000 0.042000
11 0.445000 0.813000 0.046000 0.046000
11 0.294000 0.703000 0.044000 0.046000
11 0.468000 0.887000 0.040000 0.046000
11 0.154000 0.564000 0.052000 0.048000
11 0.962000 0.645000 0.036000 0.050000
7 0.418000 0.835000 0.060000 0.070000
11 0.930000 0.682000 0.028000 0.040000
11 0.510000 0.939000 0.044000 0.054000
11 0.020000 0.415000 0.040000 0.054000
11 0.563000 0.935000 0.046000 0.046000
11 0.273000 0.631000 0.046000 0.050000
7 0.888000 0.749000 0.048000 0.054000
11 0.345000 0.763000 0.030000 0.038000
11 0.987000 0.599000 0.022000 0.050000
11 0.654000 0.989000 0.032000 0.018000
11 0.355000 0.719000 0.042000 0.042000
