2 0.828000 0.736000 0.156000 0.148000
2 0.082000 0.414000 0.164000 0.160000
2 0.344000 0.809000 0.168000 0.178000
2 0.378000 0.221000 0.116000 0.118000
2 0.540000 0.611000 0.168000 0.158000
2 0.306000 0.531000 0.124000 0.110000
2 0.513000 0.772000 0.102000 0.084000
2 0.666000 0.952000 0.140000 0.092000
7 0.111000 0.030000 0.050000 0.060000
2 0.795000 0.230000 0.150000 0.172000
3 0.685000 0.650000 0.074000 0.060000
11 0.503000 0.955000 0.030000 0.042000
11 0.572000 0.276000 0.028000 0.040000
11 0.504000 0.821000 0.028000 0.042000
11 0.550000 0.455000 0.048000 0.042000
11 0.980000 0.067000 0.028000 0.038000
11 0.753000 0.862000 0.046000 0.040000
11 0.476000 0.359000 0.048000 0.034000
3 0.893000 0.617000 0.046000 0.078000
7 0.078000 0.089000 0.044000 0.058000
11 0.357000 0.298000 0.042000 0.036000
2 0.309000 0.037000 0.190000 0.074000
2 0.738000 0.035000 0.180000 0.070000
3 0.665000 0.499000 0.046000 0.074000
2 0.041000 0.037000 0.082000 0.074000
2 0.920000 0.024000 0.140000 0.048000
2 0.913000 0.902000 0.154000 0.184000
2 0.020000 0.796000 0.040000 0.148000
2 0.336000 0.982000 0.160000 0.032000
11 0.018000 0.657000 0.036000 0.046000
11 0.004000 0.096000 0.008000 0.044000
11 0.338000 0.900000 0.040000 0.032000
