11 0.693000 0.922000 0.038000 0.052000
11 0.828000 0.633000 0.036000 0.046000
11 0.257000 0.953000 0.058000 0.046000
2 0.105720 0.126940 0.211440 0.233880
11 0.201000 0.202000 0.030000 0.044000
11 0.892000 0.535000 0.036000 0.046000
3 0.961000 0.460000 0.074000 0.088000
2 0.647130 0.647770 0.294260 0.319540
11 0.750000 0.754000 0.028000 0.036000
2 0.934000 0.797000 0.128000 0.126000
7 0.113380 0.902730 0.070760 0.041460
2 0.404270 0.869950 0.224540 0.227900
11 0.312000 0.976000 0.048000 0.036000
11 0.182000 0.257000 0.024000 0.038000
11 0.013000 0.781000 0.026000 0.054000
3 0.030000 0.837000 0.060000 0.074000
11 0.146000 0.365000 0.024000 0.042000
2 0.794860 0.454290 0.277720 0.236580
11 0.024000 0.731000 0.024000 0.038000
11 0.052000 0.640000 0.032000 0.040000
2 0.235000 0.747000 0.226000 0.226000
2 0.043110 0.512920 0.086220 0.197840
11 0.125000 0.585000 0.022000 0.034000
11 0.042000 0.687000 0.028000 0.042000
2 0.199000 0.021000 0.170000 0.042000
2 0.468000 0.114000 0.332000 0.228000
2 0.578000 0.865000 0.140000 0.194000
11 0.782000 0.705000 0.028000 0.042000
2 0.316000 0.454000 0.216000 0.312000
11 0.925000 0.478000 0.026000 0.036000
2 0.067180 0.318920 0.134360 0.213840
2 0.887680 0.260780 0.223360 0.273560
2 0.949000 0.705000 0.102000 0.134000
2 0.819000 0.945000 0.166000 0.110000
2 0.870800 0.861710 0.153600 0.127420
2 0.407990 0.274210 0.215980 0.188420
