2 0.880000 0.768000 0.236000 0.240000
11 0.814000 0.401000 0.028000 0.046000
11 0.784000 0.055000 0.052000 0.038000
11 0.754000 0.813000 0.028000 0.046000
2 0.952000 0.366000 0.092000 0.160000
11 0.040000 0.672000 0.048000 0.032000
3 0.978000 0.182000 0.040000 0.080000
11 0.966000 0.045000 0.036000 0.050000
11 0.691000 0.014000 0.042000 0.028000
3 0.835000 0.105000 0.042000 0.090000
3 0.925000 0.071000 0.082000 0.058000
11 0.876000 0.375000 0.024000 0.038000
11 0.798000 0.449000 0.032000 0.050000
11 0.860000 0.419000 0.028000 0.050000
11 0.906000 0.265000 0.028000 0.038000
2 0.200000 0.918000 0.184000 0.160000
11 0.851000 0.463000 0.026000 0.038000
11 0.763000 0.593000 0.026000 0.042000
11 0.770000 0.750000 0.032000 0.056000
3 0.541000 0.973000 0.066000 0.050000
3 0.893000 0.207000 0.082000 0.086000
11 0.768000 0.554000 0.028000 0.036000
11 0.053000 0.895000 0.042000 0.022000
11 0.826000 0.351000 0.032000 0.046000
2 0.599000 0.929000 0.098000 0.102000
3 0.710000 0.932000 0.060000 0.060000
2 0.636450 0.858810 0.076900 0.081620
2 0.816140 0.948380 0.092280 0.056760
2 0.661440 0.780800 0.062880 0.081600
