2 0.916000 0.955000 0.112000 0.086000
2 0.526620 0.522460 0.189240 0.296920
11 0.495000 0.436000 0.046000 0.044000
2 0.938000 0.844000 0.120000 0.136000
11 0.307000 0.491000 0.042000 0.034000
11 0.574000 0.367000 0.028000 0.034000
3 0.367000 0.562000 0.074000 0.068000
2 0.887000 0.212000 0.166000 0.188000
11 0.452000 0.368000 0.040000 0.040000
2 0.299850 0.742310 0.267700 0.264620
7 0.228000 0.564000 0.056000 0.048000
11 0.529000 0.302000 0.034000 0.032000
2 0.760000 0.901000 0.200000 0.194000
2 0.436310 0.829230 0.184620 0.158460
11 0.492000 0.783000 0.040000 0.050000
2 0.971000 0.661000 0.054000 0.130000
11 0.634000 0.973000 0.036000 0.042000
11 0.603000 0.934000 0.042000 0.048000
2 0.954000 0.375000 0.088000 0.182000
2 0.168000 0.878000 0.164000 0.240000
2 0.615000 0.533000 0.110000 0.118000
2 0.615000 0.712000 0.194000 0.212000
2 0.481000 0.931000 0.242000 0.134000
11 0.928000 0.733000 0.052000 0.042000
2 0.740460 0.517690 0.136920 0.155380
