2 0.612000 0.682000 0.236000 0.200000
2 0.865000 0.858000 0.258000 0.272000
11 0.269000 0.337000 0.038000 0.038000
11 0.717000 0.557000 0.046000 0.034000
2 0.242000 0.496000 0.480000 0.360000
7 0.916000 0.683000 0.048000 0.042000
11 0.043000 0.191000 0.050000 0.038000
11 0.382000 0.350000 0.044000 0.036000
2 0.177000 0.876000 0.354000 0.244000
11 0.329000 0.315000 0.038000 0.034000
11 0.819000 0.624000 0.046000 0.036000
11 0.164000 0.208000 0.044000 0.040000
11 0.205000 0.236000 0.038000 0.040000
7 0.591000 0.486000 0.046000 0.036000
2 0.932000 0.087000 0.132000 0.174000
2 0.849000 0.245000 0.190000 0.210000
3 0.623000 0.538000 0.074000 0.088000
2 0.844000 0.562000 0.308000 0.328000
11 0.987000 0.737000 0.022000 0.042000
7 0.532000 0.478000 0.056000 0.044000
2 0.356000 0.059000 0.200000 0.118000
2 0.356000 0.228000 0.160000 0.112000
2 0.705000 0.010000 0.290000 0.020000
11 0.293000 0.291000 0.038000 0.030000
2 0.059000 0.045000 0.118000 0.090000
