2 0.230000 0.711000 0.460000 0.574000
3 0.591000 0.859000 0.074000 0.074000
2 0.447640 0.440300 0.523280 0.524600
11 0.287000 0.535000 0.038000 0.046000
11 0.620000 0.904000 0.036000 0.040000
2 0.777730 0.658120 0.439460 0.328240
11 0.212000 0.089000 0.036000 0.030000
3 0.655000 0.939000 0.078000 0.066000
3 0.120000 0.075000 0.076000 0.086000
6 0.283000 0.032000 0.074000 0.064000
11 0.327000 0.587000 0.046000 0.046000
2 0.835000 0.899000 0.226000 0.198000
3 0.162000 0.358000 0.080000 0.080000
3 0.187000 0.161000 0.086000 0.114000
11 0.497000 0.793000 0.030000 0.034000
11 0.529000 0.980000 0.042000 0.036000
3 0.054000 0.319000 0.092000 0.114000
11 0.253000 0.490000 0.034000 0.036000
2 0.881000 0.246000 0.234000 0.488000
2 0.054000 0.026000 0.108000 0.052000
2 0.588910 0.153610 0.241820 0.235220
