2 0.187000 0.316000 0.374000 0.332000
11 0.851000 0.781000 0.046000 0.038000
3 0.260000 0.628000 0.064000 0.092000
2 0.619000 0.056000 0.110000 0.112000
2 0.244000 0.862000 0.368000 0.272000
11 0.387000 0.410000 0.034000 0.048000
11 0.363000 0.459000 0.034000 0.054000
2 0.917000 0.215000 0.162000 0.426000
11 0.626000 0.656000 0.032000 0.048000
2 0.059000 0.074000 0.118000 0.148000
11 0.779000 0.742000 0.042000 0.032000
11 0.733000 0.680000 0.022000 0.048000
11 0.497000 0.607000 0.030000 0.050000
11 0.758000 0.673000 0.020000 0.042000
2 0.607000 0.201000 0.230000 0.194000
7 0.858000 0.636000 0.032000 0.060000
11 0.698000 0.675000 0.020000 0.038000
11 0.808000 0.659000 0.028000 0.050000
11 0.879000 0.629000 0.026000 0.046000
3 0.427000 0.599000 0.058000 0.078000
11 0.958000 0.603000 0.028000 0.050000
11 0.543000 0.623000 0.034000 0.046000
11 0.910000 0.612000 0.028000 0.060000
3 0.397000 0.680000 0.054000 0.084000
2 0.311000 0.054000 0.366000 0.108000
2 0.509000 0.485000 0.186000 0.158000
11 0.674000 0.669000 0.028000 0.042000
11 0.594000 0.643000 0.032000 0.046000
2 0.523000 0.352000 0.174000 0.124000
2 0.943000 0.975000 0.110000 0.046000
2 0.712620 0.496150 0.189240 0.132300
