2 0.240000 0.734000 0.152000 0.120000
2 0.228000 0.155000 0.128000 0.138000
2 0.429000 0.546000 0.114000 0.108000
2 0.425000 0.411000 0.102000 0.130000
2 0.237000 0.327000 0.134000 0.134000
2 0.816000 0.778000 0.124000 0.116000
2 0.284000 0.571000 0.152000 0.126000
2 0.707000 0.605000 0.158000 0.158000
2 0.587000 0.255000 0.122000 0.122000
2 0.904000 0.201000 0.188000 0.238000
2 0.076000 0.936000 0.152000 0.124000
2 0.068000 0.082000 0.136000 0.160000
2 0.692000 0.473000 0.116000 0.098000
2 0.770000 0.351000 0.152000 0.134000
2 0.934000 0.463000 0.128000 0.154000
11 0.497000 0.589000 0.042000 0.050000
11 0.594000 0.431000 0.040000 0.050000
11 0.923000 0.295000 0.042000 0.038000
2 0.635000 0.069000 0.098000 0.098000
3 0.696000 0.261000 0.068000 0.062000
11 0.442000 0.682000 0.040000 0.052000
11 0.543000 0.513000 0.034000 0.038000
11 0.712000 0.185000 0.044000 0.030000
11 0.627000 0.146000 0.042000 0.036000
11 0.587000 0.128000 0.038000 0.028000
2 0.032000 0.719000 0.064000 0.106000
11 0.194000 0.916000 0.044000 0.036000
11 0.568000 0.479000 0.036000 0.042000
3 0.388000 0.092000 0.056000 0.076000
2 0.797000 0.971000 0.134000 0.054000
7 0.468000 0.093000 0.072000 0.050000
2 0.492000 0.021000 0.144000 0.042000
2 0.016000 0.613000 0.032000 0.106000
2 0.961000 0.980000 0.074000 0.036000
2 0.518000 0.945000 0.112000 0.106000
2 0.017000 0.268000 0.034000 0.152000
6 0.537000 0.065000 0.090000 0.054000
6 0.451000 0.025000 0.074000 0.050000
2 0.062000 0.478000 0.120000 0.108000
11 0.353000 0.823000 0.038000 0.046000
11 0.534000 0.115000 0.052000 0.038000
2 0.325000 0.992000 0.126000 0.012000
11 0.390000 0.592000 0.052000 0.036000
2 0.603000 0.772000 0.106000 0.120000
11 0.620000 0.390000 0.036000 0.044000
11 0.960000 0.008000 0.032000 0.016000
2 0.753000 0.048000 0.110000 0.096000
