6 0.511000 0.067000 0.098000 0.066000
2 0.148000 0.409000 0.296000 0.246000
7 0.305000 0.654000 0.042000 0.060000
7 0.553000 0.739000 0.050000 0.074000
7 0.471000 0.418000 0.058000 0.064000
11 0.440000 0.093000 0.036000 0.038000
11 0.256000 0.703000 0.032000 0.046000
11 0.119000 0.788000 0.046000 0.040000
11 0.343000 0.909000 0.034000 0.050000
7 0.520000 0.230000 0.040000 0.060000
7 0.351000 0.614000 0.042000 0.056000
11 0.284000 0.883000 0.032000 0.046000
11 0.331000 0.036000 0.030000 0.040000
7 0.389750 0.591380 0.047500 0.058760
7 0.418000 0.585000 0.052000 0.062000
11 0.109000 0.117000 0.034000 0.050000
2 0.843000 0.920000 0.310000 0.156000
11 0.160000 0.818000 0.036000 0.048000
11 0.174000 0.180000 0.036000 0.044000
11 0.387000 0.978000 0.034000 0.040000
7 0.604000 0.362000 0.060000 0.052000
11 0.442000 0.291000 0.048000 0.046000
11 0.224750 0.855500 0.037500 0.055000
11 0.246000 0.860000 0.032000 0.048000
11 0.009000 0.961000 0.018000 0.046000
11 0.161000 0.916000 0.038000 0.048000
11 0.254000 0.967000 0.036000 0.054000
7 0.274000 0.192000 0.060000 0.052000
11 0.212000 0.945000 0.036000 0.050000
7 0.505000 0.388750 0.030000 0.057500
7 0.520000 0.360000 0.040000 0.060000
11 0.008000 0.797000 0.016000 0.050000
7 0.573000 0.385000 0.046000 0.058000
7 0.009000 0.086000 0.018000 0.056000
2 0.652000 0.045000 0.296000 0.090000
2 0.054000 0.013000 0.108000 0.026000
11 0.361000 0.256000 0.034000 0.052000
11 0.211000 0.987000 0.034000 0.022000
7 0.221380 0.165250 0.058760 0.042500
7 0.470880 0.926250 0.053760 0.072500
7 0.227380 0.642130 0.058760 0.036260
7 0.178880 0.619250 0.053760 0.042500
11 0.185500 0.830500 0.035000 0.045000
11 0.201000 0.844630 0.030000 0.041260
