11 0.387920 0.705640 0.035840 0.047280
11 0.344780 0.795450 0.033560 0.038900
11 0.306490 0.880310 0.028980 0.036620
11 0.323860 0.842710 0.035720 0.041420
3 0.507000 0.388430 0.070000 0.052860
2 0.904000 0.793000 0.188000 0.358000
2 0.183630 0.742310 0.235260 0.276620
11 0.253000 0.863000 0.034000 0.050000
11 0.286000 0.918000 0.028000 0.040000
11 0.353000 0.194000 0.046000 0.040000
11 0.359000 0.751000 0.030000 0.042000
7 0.635000 0.161000 0.042000 0.050000
3 0.570000 0.253000 0.060000 0.058000
11 0.370000 0.670000 0.032000 0.036000
11 0.403000 0.220000 0.050000 0.036000
11 0.277000 0.816000 0.042000 0.052000
11 0.334000 0.239000 0.040000 0.034000
3 0.478000 0.282000 0.060000 0.084000
11 0.301000 0.765000 0.030000 0.042000
2 0.908000 0.368000 0.180000 0.192000
11 0.675000 0.076000 0.026000 0.040000
11 0.176000 0.156000 0.036000 0.032000
11 0.858000 0.461000 0.040000 0.034000
2 0.739280 0.258070 0.210560 0.228140
11 0.656000 0.118000 0.028000 0.036000
11 0.614000 0.213000 0.028000 0.038000
11 0.821000 0.442000 0.042000 0.040000
11 0.418000 0.281000 0.040000 0.030000
2 0.428000 0.950000 0.160000 0.096000
11 0.645000 0.373000 0.042000 0.034000
3 0.584000 0.352000 0.052000 0.100000
11 0.960000 0.512000 0.052000 0.040000
11 0.754000 0.404000 0.036000 0.032000
3 0.024000 0.046000 0.048000 0.092000
2 0.547000 0.107000 0.170000 0.214000
11 0.315000 0.172000 0.034000 0.028000
11 0.903000 0.479000 0.042000 0.034000
2 0.405000 0.407000 0.150000 0.194000
2 0.277000 0.057000 0.222000 0.114000
7 0.443000 0.580000 0.042000 0.060000
2 0.853860 0.122160 0.291720 0.244320
11 0.710000 0.009000 0.024000 0.018000
11 0.267000 0.962000 0.030000 0.036000
11 0.240000 0.190000 0.024000 0.020000
2 0.185000 0.320000 0.322000 0.284000
2 0.664000 0.758000 0.372000 0.444000
2 0.243000 0.598000 0.286000 0.152000
2 0.141250 0.916940 0.182500 0.165880
