2 0.319000 0.818000 0.266000 0.360000
2 0.689000 0.913000 0.314000 0.170000
11 0.392000 0.561000 0.048000 0.050000
11 0.659000 0.752000 0.034000 0.032000
11 0.464000 0.469000 0.036000 0.042000
11 0.143000 0.934000 0.030000 0.048000
11 0.037000 0.913000 0.038000 0.042000
11 0.555000 0.621000 0.046000 0.042000
11 0.507000 0.982000 0.030000 0.032000
2 0.116000 0.323000 0.232000 0.346000
11 0.006000 0.796000 0.012000 0.056000
11 0.013000 0.876000 0.026000 0.040000
11 0.414670 0.532000 0.041340 0.044000
