2 0.868000 0.788000 0.116000 0.124000
3 0.744000 0.563000 0.064000 0.046000
11 0.713000 0.770000 0.018000 0.024000
2 0.862000 0.925000 0.172000 0.146000
2 0.892000 0.507000 0.212000 0.410000
2 0.063000 0.836000 0.126000 0.324000
2 0.405000 0.159000 0.662000 0.318000
11 0.711000 0.935000 0.018000 0.046000
11 0.711000 0.980000 0.018000 0.036000
2 0.379000 0.629000 0.730000 0.506000
2 0.565000 0.957000 0.274000 0.082000
2 0.947000 0.210000 0.102000 0.220000
11 0.711000 0.891000 0.018000 0.042000
2 0.899000 0.026000 0.198000 0.052000
