2 0.705000 0.098000 0.182000 0.192000
2 0.093000 0.695000 0.130000 0.134000
2 0.561000 0.265000 0.174000 0.182000
2 0.107000 0.317000 0.130000 0.142000
2 0.924000 0.331000 0.148000 0.198000
7 0.150000 0.045000 0.044000 0.050000
2 0.261000 0.077000 0.110000 0.114000
2 0.035000 0.414000 0.070000 0.100000
3 0.049000 0.173000 0.042000 0.046000
2 0.641000 0.913000 0.190000 0.170000
11 0.982000 0.198000 0.032000 0.036000
2 0.399020 0.566180 0.534040 0.532360
2 0.911000 0.920000 0.166000 0.156000
2 0.855430 0.818610 0.198860 0.197220
2 0.179790 0.873850 0.247580 0.251700
2 0.351990 0.191320 0.107980 0.110640
