2 0.705000 0.796000 0.170000 0.148000
2 0.911000 0.551000 0.138000 0.118000
7 0.925000 0.180000 0.038000 0.060000
11 0.946000 0.237000 0.032000 0.046000
11 0.186000 0.190000 0.040000 0.052000
11 0.480000 0.578000 0.048000 0.036000
11 0.094000 0.223000 0.040000 0.054000
2 0.211000 0.565000 0.110000 0.146000
11 0.024000 0.737000 0.044000 0.034000
11 0.080000 0.366000 0.032000 0.044000
11 0.765000 0.490000 0.050000 0.036000
11 0.169000 0.329000 0.034000 0.054000
2 0.940000 0.698000 0.116000 0.132000
11 0.434000 0.598000 0.044000 0.032000
2 0.796000 0.232000 0.140000 0.140000
2 0.836600 0.358290 0.141200 0.172580
11 0.882000 0.277000 0.032000 0.046000
11 0.557000 0.737000 0.034000 0.042000
11 0.127000 0.347000 0.030000 0.042000
11 0.546000 0.691000 0.028000 0.042000
2 0.342000 0.950000 0.104000 0.096000
11 0.879000 0.079000 0.038000 0.050000
11 0.396000 0.251000 0.032000 0.042000
2 0.947000 0.032000 0.102000 0.064000
2 0.510000 0.969000 0.100000 0.058000
2 0.288000 0.789000 0.104000 0.098000
2 0.586000 0.197000 0.084000 0.082000
11 0.862000 0.031000 0.032000 0.050000
2 0.030000 0.870000 0.060000 0.148000
11 0.844000 0.165000 0.024000 0.030000
2 0.293000 0.876000 0.078000 0.088000
2 0.908000 0.917000 0.172000 0.162000
2 0.194000 0.969000 0.104000 0.058000
2 0.017000 0.191000 0.034000 0.270000
2 0.707000 0.656000 0.158000 0.140000
11 0.809000 0.075000 0.038000 0.050000
11 0.584000 0.928000 0.032000 0.052000
2 0.651000 0.452000 0.130000 0.120000
2 0.580000 0.142000 0.172000 0.208000
2 0.575000 0.319000 0.202000 0.122000
2 0.375670 0.379640 0.115340 0.127280
2 0.451250 0.751940 0.090500 0.151880
2 0.196270 0.908220 0.132540 0.108440
2 0.134610 0.608050 0.117220 0.132100
