2 0.096000 0.557000 0.092000 0.098000
2 0.220000 0.860000 0.100000 0.140000
2 0.098000 0.687000 0.132000 0.098000
2 0.317000 0.546000 0.126000 0.092000
2 0.243000 0.700000 0.114000 0.144000
2 0.328000 0.408000 0.092000 0.128000
11 0.600000 0.154000 0.028000 0.040000
11 0.550000 0.295000 0.028000 0.046000
2 0.961000 0.959000 0.074000 0.078000
11 0.636000 0.064000 0.032000 0.052000
11 0.414000 0.832000 0.028000 0.048000
2 0.218000 0.405000 0.136000 0.150000
2 0.124000 0.248000 0.156000 0.124000
11 0.520000 0.372000 0.024000 0.032000
11 0.404000 0.883000 0.028000 0.046000
2 0.195000 0.065000 0.390000 0.130000
11 0.176000 0.972000 0.064000 0.028000
3 0.691000 0.025000 0.090000 0.050000
11 0.455000 0.640000 0.022000 0.040000
2 0.503000 0.090000 0.206000 0.180000
2 0.985000 0.816000 0.026000 0.096000
