2 0.642000 0.715000 0.148000 0.134000
2 0.267000 0.622000 0.146000 0.144000
3 0.582000 0.559000 0.120000 0.138000
3 0.603000 0.418000 0.098000 0.088000
2 0.786000 0.786000 0.204000 0.212000
11 0.462000 0.594000 0.040000 0.040000
11 0.295000 0.862000 0.042000 0.040000
11 0.786000 0.281000 0.028000 0.050000
11 0.265000 0.759000 0.042000 0.046000
11 0.394000 0.659000 0.040000 0.034000
11 0.553000 0.624000 0.042000 0.036000
3 0.826000 0.523000 0.096000 0.074000
11 0.351000 0.693000 0.042000 0.038000
2 0.471000 0.489000 0.158000 0.114000
11 0.038000 0.944000 0.040000 0.036000
7 0.192670 0.944330 0.061340 0.064660
7 0.936000 0.021000 0.032000 0.042000
11 0.884000 0.136000 0.028000 0.056000
11 0.009000 0.976000 0.018000 0.036000
7 0.980000 0.694000 0.036000 0.084000
2 0.497000 0.874000 0.446000 0.248000
11 0.257000 0.989000 0.034000 0.018000
2 0.175000 0.464000 0.350000 0.180000
2 0.056000 0.809330 0.112000 0.262660
11 0.224000 0.994000 0.028000 0.008000
2 0.364000 0.542000 0.148000 0.160000
2 0.133330 0.740670 0.138660 0.149340
