2 0.765000 0.488000 0.170000 0.196000
2 0.143000 0.414000 0.114000 0.172000
11 0.279000 0.647000 0.038000 0.026000
7 0.183000 0.920000 0.034000 0.064000
3 0.294000 0.852000 0.048000 0.088000
2 0.873000 0.094000 0.158000 0.188000
2 0.046000 0.966000 0.092000 0.064000
3 0.099000 0.844000 0.058000 0.124000
11 0.034000 0.856000 0.044000 0.028000
2 0.612000 0.037000 0.356000 0.074000
2 0.894000 0.274000 0.208000 0.200000
11 0.363000 0.649000 0.034000 0.022000
2 0.966000 0.523000 0.064000 0.090000
11 0.982000 0.987000 0.032000 0.022000
2 0.016000 0.272000 0.032000 0.128000
2 0.008000 0.405000 0.016000 0.150000
2 0.016920 0.534000 0.033840 0.100000
2 0.077000 0.527000 0.098000 0.102000
2 0.417000 0.980000 0.386000 0.036000
2 0.187000 0.258000 0.102000 0.144000
2 0.239000 0.046000 0.478000 0.092000
2 0.354920 0.266000 0.093840 0.160000
2 0.171690 0.550460 0.095380 0.096920
2 0.585380 0.244770 0.110760 0.101540
2 0.438920 0.524150 0.093840 0.152300
2 0.354000 0.521850 0.080000 0.147700
2 0.261380 0.547540 0.090760 0.103080
2 0.506460 0.409080 0.076920 0.146160
2 0.429230 0.292000 0.078460 0.200000
2 0.578150 0.542770 0.072300 0.101540
