2 0.121000 0.399000 0.126000 0.114000
2 0.533000 0.573000 0.134000 0.130000
3 0.585000 0.306000 0.106000 0.088000
2 0.453000 0.340000 0.130000 0.156000
3 0.546000 0.437000 0.056000 0.102000
3 0.821000 0.404000 0.050000 0.096000
3 0.744000 0.559000 0.092000 0.082000
11 0.874000 0.723000 0.044000 0.050000
11 0.046000 0.524000 0.036000 0.032000
11 0.205000 0.459000 0.050000 0.034000
11 0.255000 0.448000 0.050000 0.032000
11 0.161000 0.478000 0.050000 0.036000
7 0.449000 0.121000 0.058000 0.070000
11 0.960000 0.874000 0.040000 0.048000
11 0.742000 0.675000 0.040000 0.054000
11 0.941000 0.754000 0.034000 0.036000
2 0.751000 0.908000 0.170000 0.180000
11 0.491000 0.182000 0.046000 0.052000
2 0.342000 0.892000 0.152000 0.120000
2 0.592000 0.761000 0.148000 0.134000
11 0.830000 0.653000 0.032000 0.042000
7 0.943000 0.680000 0.038000 0.056000
2 0.382000 0.601000 0.084000 0.110000
11 0.717000 0.784000 0.054000 0.032000
7 0.987000 0.600000 0.022000 0.028000
2 0.098000 0.742000 0.148000 0.136000
7 0.530000 0.115000 0.068000 0.082000
