2 0.050000 0.831000 0.100000 0.162000
2 0.906000 0.856000 0.140000 0.148000
11 0.592000 0.870000 0.048000 0.036000
3 0.702000 0.205000 0.056000 0.094000
11 0.899000 0.301000 0.050000 0.030000
11 0.948000 0.329000 0.048000 0.034000
11 0.695000 0.908000 0.042000 0.032000
7 0.633000 0.040000 0.038000 0.060000
11 0.644000 0.890000 0.060000 0.040000
11 0.823000 0.955000 0.046000 0.034000
11 0.407000 0.689000 0.026000 0.038000
11 0.867000 0.972000 0.050000 0.036000
2 0.581000 0.663000 0.186000 0.254000
3 0.454000 0.839000 0.044000 0.090000
2 0.919000 0.476500 0.106000 0.113000
11 0.985000 0.350000 0.026000 0.036000
3 0.591000 0.249000 0.102000 0.054000
3 0.580000 0.108000 0.040000 0.088000
2 0.855000 0.424000 0.110000 0.136000
2 0.691000 0.774000 0.114000 0.116000
2 0.638000 0.484000 0.112000 0.152000
2 0.292000 0.284000 0.216000 0.308000
7 0.784000 0.807000 0.032000 0.058000
2 0.454000 0.968000 0.100000 0.060000
2 0.381000 0.121000 0.326000 0.194000
2 0.221000 0.488500 0.170000 0.193000
2 0.722500 0.360500 0.193000 0.137000
2 0.837000 0.736500 0.142000 0.125000
11 0.432000 0.620000 0.028000 0.052000
11 0.449500 0.567000 0.027000 0.046000
