2 0.301000 0.235000 0.446000 0.210000
11 0.666000 0.684000 0.056000 0.048000
11 0.592000 0.870000 0.044000 0.036000
11 0.789000 0.070000 0.026000 0.040000
11 0.676000 0.768000 0.044000 0.028000
2 0.774500 0.767000 0.193000 0.222000
11 0.688000 0.796000 0.040000 0.036000
11 0.692000 0.844000 0.036000 0.044000
2 0.848000 0.419000 0.204000 0.242000
11 0.764000 0.314000 0.048000 0.040000
11 0.041000 0.934000 0.042000 0.040000
11 0.573000 0.734000 0.030000 0.020000
11 0.769000 0.986000 0.034000 0.024000
11 0.669000 0.744000 0.046000 0.024000
11 0.263000 0.988000 0.030000 0.020000
11 0.044500 0.864000 0.021000 0.052000
11 0.114500 0.877000 0.021000 0.054000
7 0.158000 0.892000 0.028000 0.048000
11 0.587000 0.758000 0.026000 0.040000
11 0.674000 0.594000 0.036000 0.028000
2 0.772000 0.605500 0.160000 0.183000
7 0.716000 0.477500 0.048000 0.035000
2 0.911000 0.922000 0.178000 0.156000
11 0.944000 0.822000 0.040000 0.028000
11 0.064000 0.864000 0.020000 0.040000
11 0.157000 0.970000 0.038000 0.032000
11 0.715000 0.899000 0.030000 0.038000
11 0.743500 0.383000 0.043000 0.030000
7 0.663100 0.718000 0.054200 0.024000
11 0.236000 0.904500 0.024000 0.049000
11 0.283000 0.911000 0.022000 0.042000
11 0.307000 0.921000 0.026000 0.054000
11 0.330500 0.920000 0.029000 0.044000
11 0.088500 0.870500 0.021000 0.041000
11 0.438500 0.944000 0.017000 0.052000
11 0.943000 0.131500 0.030000 0.063000
7 0.753060 0.206080 0.038120 0.064160
