2 0.436000 0.201000 0.172000 0.146000
2 0.570000 0.559000 0.152000 0.146000
2 0.118000 0.917000 0.140000 0.162000
11 0.716000 0.867000 0.036000 0.050000
2 0.145000 0.300000 0.186000 0.196000
11 0.800000 0.691000 0.036000 0.042000
11 0.754000 0.784000 0.028000 0.040000
11 0.971000 0.325000 0.038000 0.050000
11 0.954000 0.374000 0.032000 0.036000
2 0.281000 0.409000 0.106000 0.182000
11 0.930000 0.417000 0.028000 0.038000
11 0.778000 0.735000 0.032000 0.038000
2 0.484000 0.703000 0.132000 0.158000
11 0.014000 0.191000 0.028000 0.038000
2 0.435000 0.857000 0.250000 0.190000
2 0.035000 0.605000 0.070000 0.166000
2 0.014000 0.959000 0.028000 0.078000
2 0.642000 0.332000 0.260000 0.272000
2 0.240000 0.773000 0.104000 0.138000
2 0.670000 0.016000 0.204000 0.032000
2 0.989000 0.819000 0.018000 0.158000
2 0.360000 0.006000 0.172000 0.012000
