2 0.912000 0.740000 0.172000 0.224000
2 0.834850 0.344880 0.329700 0.141760
7 0.533000 0.058000 0.030000 0.056000
2 0.166000 0.818000 0.248000 0.228000
11 0.408000 0.215000 0.040000 0.038000
11 0.641000 0.044000 0.026000 0.048000
11 0.414000 0.031000 0.056000 0.022000
11 0.534000 0.015000 0.024000 0.030000
11 0.314000 0.155000 0.048000 0.022000
11 0.315000 0.088000 0.046000 0.028000
11 0.413000 0.147500 0.046000 0.019000
11 0.310000 0.237000 0.048000 0.030000
11 0.315000 0.042000 0.046000 0.028000
11 0.528000 0.109000 0.028000 0.042000
11 0.315000 0.028000 0.046000 0.056000
11 0.314000 0.068000 0.048000 0.024000
11 0.312000 0.110000 0.044000 0.028000
7 0.413000 0.054000 0.054000 0.028000
11 0.311000 0.133000 0.042000 0.026000
11 0.346500 0.121000 0.017000 0.050000
11 0.312000 0.204000 0.044000 0.028000
7 0.316540 0.182080 0.061080 0.032160
3 0.148000 0.401500 0.060000 0.103000
3 0.251000 0.432000 0.122000 0.080000
2 0.559060 0.395910 0.266120 0.175820
2 0.495000 0.884000 0.114000 0.232000
