2 0.696000 0.152000 0.144000 0.156000
2 0.828000 0.247000 0.120000 0.106000
2 0.770000 0.908000 0.132000 0.180000
2 0.809000 0.037000 0.122000 0.074000
2 0.086000 0.368000 0.172000 0.184000
11 0.368000 0.396000 0.040000 0.032000
2 0.281000 0.243000 0.126000 0.118000
2 0.348000 0.964000 0.112000 0.068000
11 0.471000 0.823000 0.046000 0.026000
2 0.495000 0.222000 0.182000 0.188000
2 0.059000 0.027000 0.118000 0.054000
2 0.959000 0.869000 0.078000 0.094000
11 0.325000 0.407000 0.038000 0.026000
2 0.980000 0.199000 0.036000 0.110000
2 0.460000 0.964000 0.116000 0.068000
2 0.414000 0.012000 0.116000 0.024000
11 0.025000 0.470000 0.042000 0.024000
2 0.603000 0.987000 0.134000 0.022000
2 0.012000 0.173000 0.024000 0.130000
2 0.613000 0.853000 0.070000 0.086000
