3 0.105850 0.368000 0.055700 0.044000
2 0.161000 0.119000 0.322000 0.238000
3 0.288000 0.329000 0.084000 0.082000
11 0.167000 0.486000 0.038000 0.052000
11 0.267000 0.726000 0.058000 0.044000
11 0.386000 0.761000 0.060000 0.042000
2 0.747000 0.235000 0.502000 0.414000
9 0.318560 0.598720 0.365120 0.365440
11 0.401000 0.481000 0.042000 0.046000
11 0.682000 0.891000 0.044000 0.042000
11 0.038000 0.161000 0.044000 0.038000
7 0.124000 0.542000 0.032000 0.060000
11 0.611000 0.823000 0.046000 0.046000
11 0.186000 0.640000 0.044000 0.060000
11 0.793000 0.978000 0.042000 0.040000
11 0.493000 0.813000 0.050000 0.038000
3 0.073000 0.673000 0.062000 0.070000
11 0.795000 0.935000 0.046000 0.046000
2 0.141000 0.904000 0.250000 0.188000
11 0.731000 0.885000 0.046000 0.042000
6 0.713080 0.535000 0.086160 0.038000
2 0.883840 0.624000 0.227680 0.156000
2 0.352000 0.927540 0.220000 0.143080
11 0.446000 0.908000 0.036000 0.032000
2 0.694500 0.680000 0.149000 0.208000
3 0.092500 0.731500 0.069000 0.063000
2 0.888000 0.837000 0.224000 0.266000
11 0.865000 0.988000 0.046000 0.024000
11 0.520500 0.742000 0.041000 0.040000
7 0.268000 0.269000 0.028000 0.058000
11 0.918500 0.490000 0.037000 0.024000
6 0.279850 0.460620 0.127700 0.049240
11 0.521850 0.570400 0.035700 0.044800
3 0.578180 0.927470 0.036360 0.038940
3 0.157690 0.319230 0.055380 0.058460
