11 0.074400 0.826270 0.048800 0.032540
2 0.466000 0.474000 0.592000 0.468000
2 0.945000 0.257000 0.106000 0.214000
11 0.712000 0.925000 0.036000 0.054000
11 0.936000 0.847000 0.052000 0.038000
2 0.658000 0.123000 0.628000 0.246000
3 0.278000 0.165000 0.044000 0.074000
11 0.094000 0.751000 0.048000 0.034000
11 0.925000 0.886000 0.054000 0.040000
11 0.017000 0.608000 0.034000 0.052000
11 0.492000 0.195000 0.032000 0.042000
3 0.217000 0.102000 0.086000 0.056000
2 0.078000 0.380000 0.156000 0.296000
11 0.633000 0.900000 0.038000 0.052000
11 0.967000 0.762000 0.046000 0.028000
11 0.076000 0.802000 0.040000 0.032000
2 0.503000 0.941000 0.178000 0.114000
11 0.404000 0.156000 0.040000 0.044000
11 0.053000 0.869000 0.050000 0.038000
11 0.987000 0.678000 0.022000 0.032000
11 0.032000 0.948000 0.048000 0.036000
3 0.019000 0.709000 0.038000 0.078000
11 0.955000 0.790000 0.050000 0.028000
11 0.696000 0.274000 0.024000 0.028000
11 0.973000 0.735000 0.042000 0.030000
