6 0.783000 0.540000 0.110000 0.052000
11 0.047000 0.255000 0.038000 0.026000
2 0.833000 0.292000 0.182000 0.152000
2 0.964000 0.239000 0.068000 0.154000
2 0.629000 0.250000 0.110000 0.120000
2 0.035000 0.139000 0.070000 0.138000
2 0.575000 0.932000 0.114000 0.116000
2 0.821000 0.857000 0.126000 0.150000
2 0.440000 0.964000 0.124000 0.068000
2 0.476000 0.389000 0.212000 0.170000
2 0.271000 0.461000 0.230000 0.142000
2 0.132000 0.527000 0.080000 0.110000
2 0.286000 0.963000 0.176000 0.070000
2 0.011000 0.476000 0.022000 0.104000
2 0.290000 0.095000 0.176000 0.130000
2 0.640000 0.344000 0.108000 0.100000
2 0.143540 0.075230 0.123080 0.118460
3 0.030600 0.772980 0.061200 0.085960
