6 0.425000 0.183000 0.102000 0.062000
2 0.823000 0.906000 0.346000 0.188000
11 0.766000 0.807000 0.032000 0.034000
11 0.155000 0.078000 0.050000 0.028000
11 0.071000 0.060000 0.050000 0.028000
11 0.617000 0.939000 0.034000 0.030000
11 0.219000 0.091000 0.050000 0.034000
3 0.781000 0.589000 0.074000 0.070000
11 0.552000 0.269000 0.040000 0.038000
2 0.368000 0.644000 0.724000 0.708000
2 0.698000 0.039000 0.204000 0.078000
11 0.939000 0.605000 0.054000 0.046000
6 0.323670 0.124530 0.115340 0.057060
2 0.871000 0.228000 0.258000 0.456000
