2 0.163000 0.114000 0.326000 0.228000
2 0.145000 0.573000 0.126000 0.122000
2 0.392000 0.920000 0.208000 0.156000
2 0.901000 0.182000 0.194000 0.180000
11 0.691000 0.138000 0.042000 0.040000
3 0.371000 0.700000 0.094000 0.068000
11 0.052000 0.853000 0.052000 0.034000
11 0.594000 0.069000 0.052000 0.046000
11 0.691000 0.736000 0.050000 0.028000
11 0.140000 0.379000 0.036000 0.042000
2 0.709000 0.039000 0.126000 0.078000
11 0.114000 0.842000 0.056000 0.036000
11 0.107000 0.336000 0.042000 0.048000
11 0.201000 0.893000 0.034000 0.054000
11 0.599000 0.751000 0.042000 0.034000
11 0.245000 0.487000 0.030000 0.042000
11 0.897000 0.358000 0.046000 0.044000
11 0.494000 0.927000 0.036000 0.050000
11 0.901000 0.292000 0.046000 0.040000
11 0.639000 0.742000 0.046000 0.040000
11 0.216000 0.451000 0.032000 0.042000
3 0.468180 0.808220 0.108360 0.068440
11 0.425000 0.779000 0.042000 0.050000
11 0.230000 0.823000 0.044000 0.026000
11 0.759000 0.188000 0.038000 0.036000
11 0.726000 0.164000 0.036000 0.032000
11 0.943000 0.323000 0.038000 0.038000
11 0.274000 0.620000 0.032000 0.036000
11 0.182000 0.491000 0.040000 0.046000
2 0.151000 0.964000 0.102000 0.068000
11 0.517000 0.017000 0.046000 0.034000
2 0.177000 0.728000 0.082000 0.116000
11 0.172000 0.827000 0.056000 0.038000
11 0.522000 0.971000 0.036000 0.046000
11 0.307000 0.567000 0.038000 0.042000
11 0.853000 0.707000 0.042000 0.026000
11 0.957000 0.403000 0.038000 0.034000
11 0.989000 0.432000 0.018000 0.032000
11 0.252000 0.589000 0.032000 0.034000
11 0.809000 0.223000 0.038000 0.042000
11 0.339000 0.609000 0.038000 0.046000
11 0.980000 0.349000 0.036000 0.038000
2 0.046000 0.432000 0.092000 0.120000
11 0.803000 0.717000 0.042000 0.026000
2 0.878000 0.925000 0.240000 0.146000
11 0.302000 0.652000 0.032000 0.036000
8 0.500260 0.404100 0.172520 0.188200
3 0.521370 0.742200 0.062740 0.088400
