2 0.793000 0.777000 0.142000 0.138000
2 0.740000 0.580000 0.156000 0.124000
2 0.833000 0.126000 0.130000 0.152000
11 0.197000 0.098000 0.054000 0.052000
2 0.599780 0.072660 0.159560 0.145320
7 0.661000 0.109000 0.042000 0.066000
11 0.105000 0.737000 0.046000 0.034000
11 0.388000 0.525000 0.032000 0.042000
11 0.351000 0.254000 0.046000 0.044000
11 0.303000 0.647000 0.034000 0.038000
2 0.515000 0.222000 0.126000 0.128000
11 0.148050 0.043520 0.036100 0.035040
11 0.518950 0.889480 0.057900 0.038960
2 0.760000 0.352000 0.152000 0.180000
11 0.300000 0.211000 0.048000 0.046000
11 0.610000 0.189000 0.036000 0.050000
2 0.312000 0.352000 0.144000 0.132000
11 0.425000 0.853000 0.046000 0.034000
11 0.731000 0.971000 0.054000 0.038000
11 0.467000 0.871000 0.050000 0.042000
11 0.114050 0.016030 0.044100 0.032060
3 0.491000 0.334000 0.070000 0.068000
3 0.273000 0.735000 0.090000 0.066000
11 0.018000 0.705000 0.036000 0.034000
3 0.200000 0.755000 0.056000 0.070000
2 0.224000 0.971000 0.152000 0.054000
2 0.587000 0.728000 0.250000 0.160000
2 0.201750 0.617000 0.207500 0.142000
2 0.200000 0.297000 0.116000 0.122000
11 0.971000 0.018000 0.038000 0.032000
2 0.943000 0.820000 0.110000 0.152000
2 0.136000 0.206000 0.156000 0.128000
2 0.435000 0.032000 0.122000 0.064000
2 0.373000 0.920000 0.118000 0.112000
2 0.315000 0.032000 0.126000 0.064000
11 0.443000 0.326000 0.042000 0.040000
11 0.004000 0.950000 0.008000 0.032000
11 0.078000 0.911000 0.036000 0.038000
2 0.024000 0.797000 0.048000 0.106000
11 0.828000 0.994000 0.056000 0.012000
2 0.492000 0.973000 0.144000 0.050000
2 0.016000 0.048000 0.032000 0.096000
2 0.946820 0.181110 0.105640 0.138220
2 0.439580 0.124950 0.135160 0.117900
3 0.304420 0.793920 0.052840 0.051840
