2 0.437000 0.888000 0.218000 0.220000
2 0.269000 0.915000 0.122000 0.110000
2 0.059000 0.071000 0.118000 0.138000
2 0.089000 0.863000 0.122000 0.098000
2 0.177000 0.383000 0.102000 0.126000
2 0.112000 0.631000 0.104000 0.210000
11 0.498000 0.593000 0.032000 0.042000
11 0.360000 0.339000 0.040000 0.050000
2 0.356000 0.628000 0.088000 0.092000
3 0.679000 0.946000 0.066000 0.068000
11 0.250000 0.138000 0.040000 0.048000
11 0.154000 0.035000 0.036000 0.042000
2 0.028000 0.250000 0.056000 0.100000
11 0.333000 0.985000 0.054000 0.026000
11 0.422000 0.728000 0.048000 0.032000
2 0.024000 0.489000 0.048000 0.122000
2 0.097000 0.968000 0.194000 0.060000
