2 0.071000 0.424000 0.142000 0.128000
2 0.324000 0.489000 0.104000 0.102000
2 0.112000 0.911000 0.220000 0.174000
11 0.237000 0.231000 0.030000 0.058000
11 0.194000 0.358000 0.028000 0.052000
7 0.855000 0.536000 0.050000 0.040000
11 0.795000 0.479000 0.038000 0.030000
11 0.839000 0.503000 0.042000 0.030000
11 0.176000 0.408000 0.024000 0.044000
2 0.853000 0.833000 0.162000 0.214000
11 0.260000 0.155000 0.028000 0.050000
2 0.197000 0.739000 0.202000 0.222000
2 0.648000 0.037000 0.120000 0.074000
3 0.176000 0.454000 0.080000 0.044000
2 0.235000 0.571000 0.114000 0.106000
2 0.828000 0.275000 0.268000 0.166000
2 0.443000 0.139000 0.138000 0.098000
2 0.010000 0.763000 0.020000 0.138000
2 0.569000 0.278000 0.130000 0.108000
2 0.007000 0.604000 0.014000 0.116000
2 0.026000 0.128000 0.052000 0.256000
2 0.417540 0.569380 0.163080 0.130760
2 0.957000 0.810000 0.086000 0.172000
2 0.945720 0.345650 0.107440 0.151300
2 0.414190 0.222430 0.104380 0.100860
2 0.330000 0.840000 0.280000 0.320000
3 0.089320 0.554360 0.058640 0.072720
