2 0.913000 0.076000 0.170000 0.152000
11 0.881000 0.608000 0.042000 0.052000
11 0.854000 0.655000 0.032000 0.042000
11 0.934000 0.516000 0.036000 0.048000
11 0.922000 0.315000 0.052000 0.030000
2 0.182000 0.712000 0.364000 0.508000
11 0.953000 0.257000 0.046000 0.026000
7 0.951000 0.599000 0.050000 0.070000
2 0.643000 0.117000 0.446000 0.222000
2 0.190000 0.156000 0.380000 0.200000
2 0.490000 0.950000 0.212000 0.096000
2 0.730000 0.624000 0.500000 0.508000
11 0.378000 0.270000 0.040000 0.024000
2 0.226000 0.984000 0.196000 0.028000
2 0.089000 0.010000 0.146000 0.020000
