2 0.046000 0.143000 0.092000 0.146000
11 0.472000 0.844000 0.048000 0.032000
11 0.458000 0.944000 0.048000 0.028000
11 0.933000 0.782000 0.046000 0.036000
11 0.554000 0.611000 0.020000 0.046000
11 0.667000 0.820000 0.042000 0.032000
11 0.109000 0.685000 0.026000 0.046000
11 0.619000 0.823000 0.046000 0.026000
11 0.497000 0.606000 0.022000 0.036000
11 0.405000 0.613000 0.022000 0.042000
11 0.985000 0.766000 0.026000 0.032000
11 0.113000 0.633000 0.026000 0.046000
11 0.347000 0.619000 0.022000 0.038000
3 0.130000 0.869000 0.088000 0.054000
11 0.464000 0.610000 0.024000 0.044000
2 0.021000 0.608000 0.042000 0.108000
11 0.524000 0.613000 0.024000 0.042000
2 0.046000 0.424000 0.092000 0.176000
11 0.435000 0.608000 0.022000 0.040000
3 0.229000 0.919000 0.054000 0.070000
11 0.379000 0.613000 0.022000 0.042000
3 0.014000 0.955000 0.028000 0.086000
11 0.682000 0.946000 0.052000 0.032000
11 0.095000 0.992000 0.054000 0.012000
11 0.714000 0.810000 0.052000 0.028000
11 0.330000 0.867000 0.060000 0.034000
2 0.888000 0.393570 0.220000 0.327140
11 0.571000 0.830000 0.050000 0.032000
2 0.485500 0.410500 0.379000 0.353000
2 0.787000 0.115000 0.274000 0.230000
