2 0.153000 0.526000 0.306000 0.324000
11 0.527000 0.633000 0.038000 0.046000
11 0.640000 0.691000 0.040000 0.042000
11 0.543000 0.747000 0.042000 0.050000
11 0.344000 0.876000 0.040000 0.052000
11 0.486000 0.784000 0.044000 0.052000
11 0.410000 0.714000 0.036000 0.040000
11 0.466000 0.668000 0.028000 0.040000
11 0.493000 0.835000 0.038000 0.050000
11 0.532000 0.814000 0.028000 0.036000
11 0.304000 0.899000 0.040000 0.050000
11 0.716000 0.763000 0.028000 0.038000
11 0.368000 0.742000 0.036000 0.040000
11 0.295000 0.974000 0.030000 0.040000
11 0.242000 0.811000 0.036000 0.042000
11 0.351000 0.930000 0.034000 0.036000
11 0.574000 0.791000 0.028000 0.038000
11 0.760000 0.739000 0.032000 0.038000
11 0.433000 0.879000 0.034000 0.046000
11 0.686000 0.675000 0.032000 0.038000
11 0.022000 0.772000 0.040000 0.036000
2 0.760000 0.873000 0.476000 0.250000
11 0.261000 0.919000 0.030000 0.042000
11 0.100000 0.911000 0.028000 0.026000
