2 0.825000 0.504000 0.210000 0.224000
2 0.202000 0.728000 0.132000 0.124000
2 0.676000 0.705000 0.148000 0.126000
2 0.904000 0.744000 0.136000 0.156000
2 0.215000 0.105000 0.114000 0.118000
2 0.075000 0.441000 0.150000 0.210000
2 0.145000 0.212000 0.142000 0.140000
2 0.424000 0.518000 0.108000 0.112000
2 0.032000 0.226000 0.064000 0.120000
2 0.522000 0.715000 0.120000 0.106000
11 0.619000 0.160000 0.038000 0.036000
11 0.581000 0.191000 0.042000 0.038000
11 0.551000 0.227000 0.046000 0.038000
7 0.891000 0.156000 0.042000 0.056000
2 0.342000 0.046000 0.208000 0.092000
2 0.371000 0.932000 0.158000 0.132000
7 0.843000 0.135000 0.042000 0.054000
11 0.138000 0.075000 0.024000 0.030000
11 0.023000 0.025000 0.030000 0.034000
11 0.004000 0.067000 0.008000 0.050000
2 0.860000 0.900000 0.148000 0.108000
2 0.746000 0.966000 0.116000 0.064000
12 0.967000 0.317000 0.054000 0.054000
2 0.991000 0.635000 0.014000 0.182000
