11 0.205000 0.248000 0.022000 0.048000
11 0.319000 0.051000 0.026000 0.034000
11 0.310000 0.113000 0.020000 0.046000
2 0.534000 0.611000 0.280000 0.238000
11 0.306000 0.157000 0.020000 0.042000
11 0.018000 0.680000 0.020000 0.036000
2 0.284000 0.018000 0.124000 0.036000
7 0.027000 0.789000 0.030000 0.070000
11 0.021000 0.728000 0.014000 0.032000
2 0.548210 0.804910 0.480420 0.385820
2 0.494480 0.305270 0.436960 0.610540
11 0.017000 0.644000 0.018000 0.032000
4 0.682460 0.353030 0.328920 0.366060
8 0.794670 0.832610 0.261340 0.289220
8 0.361200 0.298590 0.190400 0.225180
