2 0.340000 0.848000 0.164000 0.172000
2 0.196000 0.730000 0.112000 0.128000
2 0.164000 0.419000 0.144000 0.098000
2 0.091000 0.156000 0.102000 0.104000
2 0.582000 0.779000 0.140000 0.142000
2 0.175000 0.908000 0.094000 0.116000
2 0.226000 0.608000 0.068000 0.116000
2 0.411000 0.539000 0.082000 0.098000
2 0.080000 0.920000 0.092000 0.120000
11 0.573000 0.895000 0.038000 0.042000
11 0.323000 0.290000 0.022000 0.044000
3 0.294000 0.022000 0.084000 0.040000
11 0.465000 0.610000 0.042000 0.036000
11 0.315000 0.172000 0.026000 0.044000
11 0.412000 0.684000 0.040000 0.048000
11 0.441000 0.719000 0.034000 0.034000
2 0.510000 0.402000 0.116000 0.212000
11 0.315000 0.114000 0.030000 0.044000
11 0.709000 0.883000 0.042000 0.038000
11 0.296000 0.974000 0.048000 0.024000
11 0.635000 0.975000 0.042000 0.046000
2 0.405000 0.405000 0.090000 0.126000
2 0.948000 0.490000 0.100000 0.508000
11 0.284000 0.740000 0.028000 0.036000
2 0.791000 0.308000 0.166000 0.276000
2 0.495000 0.104000 0.278000 0.208000
2 0.500000 0.989000 0.100000 0.018000
11 0.117000 0.985000 0.050000 0.026000
11 0.395000 0.992000 0.046000 0.012000
11 0.311000 0.066000 0.026000 0.052000
11 0.525000 0.831000 0.042000 0.042000
2 0.716000 0.066000 0.156000 0.132000
2 0.849330 0.083330 0.182660 0.166660
2 0.947000 0.107000 0.106000 0.214000
