2 0.272000 0.133000 0.152000 0.110000
2 0.054000 0.869000 0.108000 0.102000
2 0.222000 0.752000 0.160000 0.172000
2 0.554000 0.524000 0.124000 0.124000
2 0.238000 0.453000 0.116000 0.094000
2 0.647000 0.813000 0.166000 0.130000
2 0.072000 0.294000 0.112000 0.076000
2 0.698000 0.037000 0.148000 0.074000
2 0.948000 0.930000 0.100000 0.112000
2 0.232000 0.362000 0.104000 0.056000
11 0.410000 0.717000 0.024000 0.046000
11 0.477000 0.045000 0.030000 0.050000
11 0.414000 0.262000 0.028000 0.044000
2 0.526000 0.909000 0.132000 0.098000
2 0.143000 0.957000 0.146000 0.082000
11 0.503000 0.161000 0.030000 0.050000
11 0.448000 0.138000 0.032000 0.052000
11 0.143000 0.885000 0.042000 0.022000
2 0.566000 0.640000 0.160000 0.124000
2 0.795000 0.612000 0.130000 0.116000
11 0.431000 0.202000 0.034000 0.056000
11 0.403000 0.769000 0.026000 0.050000
2 0.584000 0.308000 0.144000 0.068000
2 0.560000 0.415000 0.084000 0.074000
11 0.495000 0.004000 0.026000 0.008000
2 0.608000 0.116000 0.108000 0.092000
