11 0.497000 0.914000 0.042000 0.032000
11 0.456000 0.908000 0.040000 0.032000
11 0.529000 0.062000 0.050000 0.032000
11 0.699000 0.956000 0.046000 0.032000
11 0.304000 0.876000 0.044000 0.032000
11 0.130000 0.840000 0.044000 0.032000
11 0.388000 0.064000 0.056000 0.028000
11 0.610000 0.936000 0.044000 0.032000
3 0.189000 0.082000 0.054000 0.116000
11 0.351000 0.886000 0.046000 0.032000
11 0.258000 0.866000 0.044000 0.032000
11 0.712000 0.014000 0.048000 0.028000
11 0.288000 0.018000 0.056000 0.032000
11 0.233000 0.014000 0.046000 0.028000
11 0.821000 0.982000 0.050000 0.032000
11 0.392000 0.980000 0.044000 0.028000
11 0.555000 0.008000 0.054000 0.016000
11 0.357000 0.020000 0.062000 0.032000
11 0.447000 0.024000 0.058000 0.032000
11 0.607000 0.036000 0.042000 0.024000
11 0.004000 0.812000 0.008000 0.032000
11 0.769000 0.970000 0.042000 0.032000
