2 0.816000 0.280000 0.108000 0.096000
2 0.496000 0.166000 0.128000 0.116000
2 0.642000 0.874000 0.112000 0.112000
2 0.195000 0.134000 0.134000 0.188000
2 0.627000 0.157000 0.126000 0.122000
2 0.938000 0.915000 0.120000 0.166000
2 0.742000 0.393000 0.124000 0.130000
2 0.810000 0.159000 0.092000 0.118000
2 0.923000 0.754000 0.098000 0.092000
2 0.964000 0.555000 0.068000 0.174000
11 0.670000 0.044000 0.048000 0.032000
11 0.440000 0.516000 0.032000 0.048000
11 0.402000 0.457000 0.032000 0.046000
11 0.870000 0.193000 0.028000 0.046000
3 0.961000 0.152000 0.074000 0.052000
11 0.423000 0.786000 0.030000 0.048000
7 0.306000 0.652000 0.040000 0.072000
11 0.779000 0.915000 0.022000 0.046000
11 0.547000 0.018000 0.050000 0.036000
2 0.737000 0.518000 0.070000 0.112000
7 0.628000 0.548000 0.056000 0.032000
2 0.978000 0.353000 0.040000 0.102000
11 0.806000 0.789000 0.024000 0.042000
11 0.285000 0.922000 0.030000 0.032000
11 0.292000 0.747000 0.020000 0.042000
2 0.035000 0.507000 0.070000 0.326000
11 0.492000 0.398000 0.032000 0.028000
7 0.631000 0.499000 0.078000 0.038000
2 0.830000 0.009000 0.104000 0.018000
2 0.673000 0.688000 0.142000 0.112000
11 0.374000 0.497000 0.028000 0.042000
2 0.018000 0.100000 0.036000 0.188000
7 0.360000 0.600000 0.032000 0.056000
7 0.712000 0.941000 0.064000 0.042000
6 0.342650 0.776020 0.057300 0.104040
7 0.473220 0.630070 0.038440 0.060140
7 0.501030 0.637730 0.042060 0.063460
7 0.638870 0.476050 0.061740 0.040100
