2 0.313000 0.351000 0.134000 0.130000
2 0.266000 0.945000 0.100000 0.106000
2 0.658000 0.317000 0.144000 0.142000
2 0.143000 0.498000 0.086000 0.160000
2 0.511000 0.092000 0.410000 0.148000
2 0.884000 0.046000 0.120000 0.092000
2 0.261000 0.144000 0.106000 0.080000
7 0.839000 0.754000 0.070000 0.036000
2 0.795000 0.905000 0.094000 0.098000
2 0.532000 0.557000 0.204000 0.170000
3 0.837000 0.238000 0.046000 0.116000
11 0.877000 0.180000 0.042000 0.044000
11 0.492000 0.234000 0.052000 0.036000
2 0.962000 0.319000 0.072000 0.098000
11 0.233000 0.644000 0.046000 0.032000
2 0.707000 0.560000 0.110000 0.164000
11 0.290000 0.714000 0.048000 0.032000
11 0.364000 0.675000 0.044000 0.030000
11 0.483000 0.704000 0.042000 0.032000
11 0.953000 0.119000 0.046000 0.046000
11 0.290000 0.656000 0.048000 0.036000
11 0.032000 0.652000 0.048000 0.036000
11 0.182000 0.631000 0.048000 0.034000
11 0.133000 0.617000 0.050000 0.034000
2 0.964000 0.487000 0.068000 0.106000
11 0.603000 0.754000 0.058000 0.036000
11 0.032000 0.601000 0.048000 0.030000
11 0.088000 0.612000 0.048000 0.032000
11 0.538000 0.232000 0.040000 0.028000
11 0.020000 0.716000 0.040000 0.028000
11 0.962000 0.643000 0.028000 0.046000
2 0.020000 0.432000 0.040000 0.116000
11 0.963000 0.730000 0.046000 0.028000
11 0.014000 0.864000 0.028000 0.028000
11 0.017000 0.766000 0.034000 0.024000
2 0.199000 0.800000 0.110000 0.120000
2 0.982000 0.856000 0.032000 0.120000
11 0.017000 0.791000 0.034000 0.026000
11 0.537000 0.370000 0.046000 0.040000
11 0.721000 0.237000 0.046000 0.030000
11 0.918000 0.153000 0.032000 0.038000
11 0.985000 0.086000 0.026000 0.052000
11 0.014000 0.826000 0.028000 0.024000
11 0.008000 0.916000 0.016000 0.028000
