2 0.663000 0.797000 0.290000 0.190000
11 0.625000 0.920000 0.046000 0.028000
11 0.479000 0.185000 0.026000 0.046000
11 0.235000 0.836000 0.050000 0.028000
11 0.441000 0.331000 0.022000 0.050000
11 0.419000 0.186000 0.022000 0.048000
11 0.362000 0.346000 0.028000 0.052000
11 0.359000 0.199000 0.022000 0.050000
11 0.250000 0.956000 0.040000 0.032000
7 0.463330 0.502000 0.034660 0.072000
7 0.492000 0.493000 0.032000 0.066000
7 0.530000 0.481000 0.032000 0.062000
11 0.631000 0.984000 0.050000 0.028000
7 0.240000 0.901330 0.080000 0.030660
7 0.234000 0.867000 0.064000 0.034000
11 0.384000 0.193000 0.020000 0.046000
11 0.245000 0.928000 0.046000 0.024000
11 0.629000 0.956000 0.046000 0.032000
11 0.333000 0.349000 0.026000 0.050000
