2 0.548780 0.620590 0.265560 0.409180
2 0.801370 0.600220 0.394740 0.752440
2 0.155000 0.359000 0.170000 0.242000
2 0.209000 0.579000 0.158000 0.174000
2 0.529000 0.290000 0.198000 0.224000
2 0.264000 0.803000 0.160000 0.218000
2 0.442000 0.934000 0.408000 0.128000
11 0.883000 0.964000 0.046000 0.032000
11 0.051000 0.233000 0.026000 0.034000
2 0.264310 0.108510 0.508620 0.217020
11 0.135000 0.846000 0.026000 0.036000
7 0.102000 0.708000 0.032000 0.064000
2 0.074000 0.971000 0.148000 0.054000
2 0.046000 0.701000 0.092000 0.594000
