11 0.269830 0.447660 0.047660 0.031320
2 0.553000 0.887000 0.190000 0.222000
2 0.389000 0.369000 0.406000 0.262000
11 0.617000 0.381000 0.034000 0.046000
2 0.897000 0.134000 0.202000 0.268000
11 0.408000 0.821000 0.032000 0.042000
7 0.411000 0.504000 0.046000 0.036000
3 0.559000 0.579000 0.054000 0.070000
11 0.389000 0.865000 0.030000 0.038000
2 0.573000 0.094000 0.222000 0.188000
11 0.620000 0.241000 0.028000 0.038000
11 0.748000 0.088000 0.028000 0.040000
3 0.478000 0.626000 0.072000 0.060000
11 0.698000 0.198000 0.028000 0.036000
11 0.339000 0.978000 0.030000 0.040000
2 0.758000 0.503000 0.296000 0.278000
2 0.818000 0.859000 0.212000 0.278000
2 0.625350 0.726680 0.226700 0.185360
11 0.663000 0.597000 0.050000 0.038000
3 0.448000 0.537000 0.056000 0.074000
11 0.610000 0.574000 0.048000 0.028000
3 0.536000 0.510000 0.084000 0.060000
11 0.089000 0.382000 0.038000 0.024000
2 0.068000 0.535000 0.136000 0.242000
2 0.241000 0.571000 0.138000 0.126000
11 0.231000 0.492000 0.046000 0.032000
2 0.104000 0.245000 0.208000 0.290000
2 0.973000 0.620000 0.050000 0.204000
7 0.684000 0.105000 0.036000 0.046000
2 0.180000 0.839000 0.356000 0.318000
2 0.281000 0.130000 0.174000 0.112000
2 0.277000 0.027000 0.166000 0.054000
