2 0.081000 0.580000 0.162000 0.264000
2 0.109000 0.355000 0.126000 0.126000
3 0.209000 0.860000 0.070000 0.168000
3 0.928000 0.118000 0.116000 0.052000
2 0.887000 0.656000 0.130000 0.120000
11 0.966000 0.229000 0.028000 0.054000
11 0.881000 0.384000 0.034000 0.044000
11 0.142000 0.833000 0.028000 0.046000
11 0.169000 0.756000 0.022000 0.044000
11 0.969000 0.457000 0.034000 0.050000
3 0.298000 0.035000 0.092000 0.058000
11 0.104000 0.473000 0.036000 0.046000
11 0.879000 0.433000 0.038000 0.026000
2 0.016000 0.938000 0.032000 0.120000
3 0.116000 0.982000 0.092000 0.032000
2 0.056000 0.132000 0.112000 0.164000
2 0.110000 0.018000 0.108000 0.036000
2 0.897000 0.539000 0.110000 0.098000
2 0.932000 0.883000 0.132000 0.230000
14 0.406000 0.500000 0.160000 1.000000
