2 0.569000 0.553000 0.138000 0.134000
2 0.320000 0.726000 0.164000 0.232000
2 0.204000 0.362000 0.164000 0.124000
2 0.913000 0.576000 0.134000 0.116000
2 0.158000 0.666000 0.116000 0.100000
2 0.585000 0.441000 0.106000 0.102000
2 0.046000 0.432000 0.092000 0.124000
2 0.941000 0.414000 0.114000 0.104000
2 0.665000 0.043000 0.102000 0.086000
2 0.055000 0.253000 0.098000 0.074000
2 0.189000 0.128000 0.110000 0.084000
2 0.834000 0.899000 0.116000 0.106000
2 0.938000 0.760000 0.120000 0.096000
2 0.330000 0.281000 0.140000 0.130000
2 0.188000 0.547000 0.104000 0.078000
2 0.649000 0.261000 0.106000 0.118000
2 0.661000 0.144000 0.110000 0.116000
2 0.929000 0.315000 0.130000 0.118000
11 0.577000 0.677000 0.046000 0.050000
2 0.529000 0.343000 0.142000 0.094000
2 0.237000 0.466000 0.086000 0.092000
11 0.514000 0.631000 0.044000 0.034000
11 0.692000 0.432000 0.024000 0.040000
11 0.475000 0.601000 0.050000 0.030000
2 0.415000 0.059000 0.094000 0.082000
11 0.400000 0.515000 0.028000 0.042000
2 0.216000 0.026000 0.104000 0.052000
2 0.070000 0.116000 0.140000 0.128000
3 0.874000 0.041000 0.056000 0.082000
11 0.548000 0.735000 0.032000 0.046000
2 0.128000 0.849000 0.148000 0.134000
2 0.104000 0.944000 0.108000 0.064000
11 0.812000 0.146000 0.024000 0.036000
11 0.460000 0.735000 0.024000 0.038000
11 0.505000 0.753000 0.026000 0.038000
11 0.438000 0.960000 0.028000 0.040000
2 0.288000 0.897000 0.120000 0.082000
11 0.520000 0.009000 0.024000 0.018000
11 0.475000 0.876000 0.026000 0.024000
2 0.157000 0.992000 0.098000 0.012000
