2 0.585000 0.688000 0.134000 0.176000
2 0.387000 0.634000 0.150000 0.232000
3 0.819000 0.948000 0.038000 0.076000
2 0.860000 0.078000 0.128000 0.156000
7 0.173000 0.605000 0.058000 0.038000
11 0.975000 0.786000 0.046000 0.048000
11 0.213000 0.741000 0.022000 0.042000
11 0.052000 0.987000 0.052000 0.022000
11 0.467000 0.671000 0.030000 0.046000
11 0.318000 0.733000 0.024000 0.042000
7 0.142000 0.264000 0.032000 0.064000
11 0.315000 0.669000 0.030000 0.042000
11 0.227000 0.563000 0.022000 0.046000
11 0.176000 0.309000 0.024000 0.046000
11 0.150000 0.312000 0.016000 0.040000
11 0.293000 0.737000 0.022000 0.042000
7 0.457000 0.545000 0.030000 0.066000
7 0.056000 0.317000 0.028000 0.066000
11 0.300000 0.805000 0.068000 0.038000
11 0.097000 0.157000 0.030000 0.058000
11 0.107000 0.278000 0.030000 0.048000
7 0.388000 0.120000 0.056000 0.032000
11 0.267000 0.557000 0.026000 0.042000
2 0.268000 0.491000 0.212000 0.098000
2 0.915000 0.367000 0.166000 0.450000
11 0.286000 0.670000 0.028000 0.048000
11 0.449000 0.784000 0.058000 0.032000
11 0.083000 0.324000 0.018000 0.044000
11 0.987000 0.071000 0.022000 0.030000
11 0.987000 0.098000 0.022000 0.032000
11 0.111000 0.324000 0.022000 0.044000
11 0.989000 0.129000 0.018000 0.030000
11 0.111000 0.809000 0.022000 0.046000
11 0.380000 0.795000 0.052000 0.038000
2 0.027000 0.122000 0.054000 0.116000
11 0.315000 0.932000 0.034000 0.032000
11 0.163000 0.560000 0.042000 0.028000
2 0.014000 0.296000 0.028000 0.128000
