11 0.320000 0.951000 0.048000 0.042000
11 0.581000 0.823000 0.042000 0.038000
11 0.685000 0.497000 0.046000 0.042000
11 0.182000 0.742000 0.040000 0.040000
11 0.426000 0.749000 0.044000 0.038000
11 0.767000 0.733000 0.046000 0.042000
11 0.617000 0.569000 0.042000 0.038000
11 0.094000 0.520000 0.040000 0.048000
11 0.476000 0.680000 0.048000 0.036000
11 0.217000 0.775000 0.046000 0.042000
11 0.717000 0.797000 0.046000 0.042000
6 0.424000 0.677000 0.160000 0.098000
7 0.624000 0.645000 0.056000 0.050000
11 0.701000 0.729000 0.050000 0.042000
11 0.092000 0.839000 0.044000 0.042000
11 0.447000 0.883000 0.050000 0.038000
11 0.643000 0.707000 0.046000 0.038000
11 0.789000 0.461000 0.042000 0.034000
11 0.244000 0.839000 0.044000 0.042000
2 0.911000 0.922000 0.174000 0.152000
11 0.151000 0.960000 0.046000 0.040000
11 0.933000 0.450000 0.042000 0.044000
7 0.879000 0.392000 0.066000 0.060000
11 0.830000 0.763000 0.052000 0.046000
11 0.441000 0.815000 0.050000 0.042000
7 0.363000 0.978000 0.070000 0.040000
11 0.010000 0.849000 0.020000 0.034000
11 0.084000 0.916000 0.040000 0.036000
11 0.987000 0.645000 0.022000 0.042000
11 0.989000 0.388000 0.018000 0.048000
11 0.014000 0.481000 0.028000 0.038000
11 0.902000 0.695000 0.056000 0.050000
2 0.321000 0.225000 0.478000 0.446000
11 0.538000 0.885000 0.052000 0.042000
7 0.747000 0.541000 0.050000 0.054000
