2 0.359000 0.110000 0.118000 0.108000
2 0.050000 0.536000 0.100000 0.128000
2 0.110000 0.337000 0.152000 0.202000
7 0.545000 0.250000 0.038000 0.064000
11 0.600000 0.540000 0.028000 0.056000
11 0.129000 0.083000 0.022000 0.050000
7 0.564000 0.314000 0.028000 0.060000
11 0.614000 0.471000 0.028000 0.046000
7 0.450550 0.311770 0.025100 0.051540
11 0.518000 0.308000 0.028000 0.052000
11 0.587000 0.028000 0.026000 0.052000
2 0.096000 0.020000 0.152000 0.040000
2 0.313000 0.910000 0.558000 0.176000
7 0.474000 0.312000 0.028000 0.060000
2 0.232000 0.098000 0.136000 0.120000
2 0.381620 0.334930 0.083240 0.089860
2 0.218930 0.291460 0.089860 0.118920
2 0.308790 0.254930 0.121580 0.089860
2 0.339180 0.418890 0.182360 0.097780
