2 0.289000 0.647000 0.578000 0.546000
11 0.797000 0.439000 0.042000 0.034000
11 0.360000 0.375000 0.048000 0.030000
11 0.407000 0.416000 0.046000 0.024000
11 0.404000 0.383000 0.040000 0.030000
11 0.703000 0.424000 0.046000 0.036000
11 0.557000 0.403000 0.050000 0.030000
11 0.749000 0.430000 0.046000 0.036000
11 0.427000 0.486000 0.042000 0.028000
7 0.458000 0.390000 0.060000 0.036000
11 0.208000 0.350000 0.044000 0.036000
11 0.603000 0.411000 0.042000 0.034000
11 0.158000 0.345000 0.044000 0.030000
11 0.253000 0.359000 0.042000 0.030000
11 0.017000 0.041000 0.022000 0.046000
11 0.508000 0.397000 0.040000 0.034000
6 0.444000 0.534000 0.088000 0.040000
11 0.839000 0.118000 0.022000 0.044000
11 0.661000 0.105000 0.018000 0.046000
11 0.982000 0.464000 0.032000 0.028000
11 0.651000 0.416000 0.046000 0.032000
11 0.242000 0.060000 0.024000 0.044000
11 0.613000 0.100000 0.014000 0.044000
11 0.842000 0.446000 0.048000 0.032000
11 0.563000 0.093000 0.018000 0.038000
11 0.293000 0.074000 0.018000 0.044000
7 0.891000 0.451000 0.050000 0.034000
11 0.265000 0.063000 0.018000 0.046000
11 0.589000 0.102000 0.014000 0.040000
11 0.713000 0.100000 0.018000 0.036000
2 0.666000 0.962000 0.664000 0.072000
11 0.007000 0.120000 0.014000 0.040000
6 0.115310 0.641670 0.042620 0.091340
6 0.154970 0.612200 0.049940 0.164400
6 0.009740 0.621490 0.019480 0.094980
2 0.269710 0.208030 0.343420 0.168060
2 0.588230 0.254810 0.332460 0.165620
2 0.870000 0.291000 0.260000 0.142000
