2 0.123000 0.879000 0.246000 0.138000
2 0.604000 0.254000 0.216000 0.248000
2 0.079000 0.661000 0.158000 0.138000
2 0.308000 0.185000 0.140000 0.134000
2 0.331000 0.526000 0.174000 0.372000
2 0.390000 0.821000 0.256000 0.218000
11 0.357000 0.305000 0.026000 0.042000
2 0.674270 0.830000 0.324540 0.180000
2 0.075000 0.057000 0.150000 0.114000
11 0.897000 0.617000 0.030000 0.022000
2 0.474000 0.014000 0.168000 0.028000
2 0.708000 0.023000 0.148000 0.046000
2 0.961000 0.578000 0.074000 0.240000
2 0.096340 0.290360 0.180680 0.212720
2 0.223900 0.343800 0.235800 0.207600
2 0.903530 0.798270 0.155060 0.184540
11 0.895300 0.592810 0.034600 0.025620
11 0.893140 0.564810 0.042280 0.025620
2 0.641920 0.096150 0.135840 0.124300
