2 0.634000 0.782000 0.148000 0.140000
2 0.873000 0.836000 0.250000 0.324000
2 0.792990 0.474000 0.413980 0.596000
11 0.616000 0.409000 0.032000 0.042000
11 0.594000 0.450000 0.032000 0.036000
2 0.054000 0.344000 0.108000 0.268000
3 0.383000 0.800000 0.066000 0.084000
7 0.209000 0.661000 0.058000 0.046000
11 0.433000 0.869000 0.050000 0.038000
11 0.260000 0.685000 0.044000 0.038000
11 0.090000 0.587000 0.044000 0.038000
2 0.307000 0.528000 0.422000 0.376000
11 0.705000 0.965000 0.042000 0.042000
11 0.487000 0.902000 0.050000 0.036000
11 0.209000 0.742000 0.046000 0.040000
11 0.166000 0.714000 0.036000 0.032000
11 0.051000 0.647000 0.046000 0.038000
11 0.626000 0.920000 0.032000 0.028000
