11 0.432000 0.494000 0.036000 0.056000
11 0.417000 0.167000 0.038000 0.050000
11 0.594000 0.326000 0.040000 0.056000
11 0.582000 0.457000 0.036000 0.046000
11 0.721000 0.555000 0.038000 0.054000
11 0.257000 0.136000 0.038000 0.056000
11 0.368000 0.262000 0.036000 0.048000
11 0.629000 0.473000 0.038000 0.054000
11 0.772000 0.802000 0.036000 0.052000
11 0.035000 0.483000 0.042000 0.042000
11 0.522000 0.546000 0.036000 0.056000
11 0.818000 0.823000 0.036000 0.046000
11 0.529000 0.379000 0.034000 0.046000
11 0.072000 0.948000 0.036000 0.036000
11 0.372000 0.019000 0.036000 0.038000
11 0.220000 0.014000 0.036000 0.028000
11 0.107000 0.943000 0.042000 0.038000
11 0.160000 0.047000 0.036000 0.046000
11 0.904000 0.971000 0.024000 0.038000
7 0.211000 0.987000 0.054000 0.022000
11 0.314000 0.013000 0.032000 0.026000
