2 0.823000 0.275000 0.350000 0.494000
6 0.772000 0.087000 0.064000 0.062000
2 0.571000 0.729000 0.634000 0.538000
11 0.565000 0.194000 0.042000 0.044000
11 0.446000 0.383000 0.044000 0.046000
11 0.036000 0.751000 0.040000 0.034000
11 0.392000 0.356000 0.044000 0.040000
11 0.340000 0.476000 0.040000 0.032000
11 0.121000 0.512000 0.042000 0.040000
11 0.514000 0.321000 0.036000 0.038000
11 0.092000 0.409000 0.044000 0.042000
11 0.146000 0.567000 0.040000 0.042000
11 0.028000 0.398000 0.040000 0.040000
11 0.084000 0.622000 0.056000 0.052000
11 0.050000 0.359000 0.064000 0.058000
11 0.012000 0.704000 0.024000 0.060000
2 0.150000 0.909000 0.116000 0.126000
11 0.980000 0.793000 0.036000 0.062000
11 0.989000 0.939000 0.018000 0.054000
3 0.942000 0.857000 0.060000 0.070000
11 0.784000 0.008000 0.052000 0.016000
11 0.482000 0.351000 0.036000 0.038000
11 0.409000 0.413000 0.042000 0.038000
11 0.286000 0.927000 0.036000 0.042000
11 0.012000 0.522000 0.024000 0.036000
11 0.377000 0.445000 0.034000 0.034000
11 0.709000 0.057000 0.042000 0.042000
11 0.174000 0.626000 0.036000 0.032000
11 0.862000 0.014000 0.040000 0.028000
11 0.288000 0.797000 0.044000 0.042000
