7 0.862000 0.656000 0.036000 0.060000
7 0.045000 0.553000 0.050000 0.062000
11 0.884000 0.561000 0.028000 0.050000
7 0.809000 0.347000 0.030000 0.058000
11 0.820000 0.595000 0.028000 0.050000
11 0.922000 0.751000 0.024000 0.050000
11 0.770000 0.047000 0.032000 0.054000
11 0.964000 0.146000 0.024000 0.036000
7 0.746000 0.396000 0.032000 0.068000
11 0.856000 0.925000 0.028000 0.046000
11 0.934000 0.982000 0.028000 0.032000
11 0.781000 0.415000 0.026000 0.042000
2 0.382000 0.065000 0.328000 0.130000
11 0.837000 0.334000 0.026000 0.048000
2 0.364000 0.253000 0.148000 0.202000
