11 0.880000 0.405000 0.032000 0.026000
11 0.284000 0.442000 0.044000 0.040000
11 0.220000 0.345000 0.048000 0.038000
11 0.518000 0.791000 0.036000 0.054000
11 0.915000 0.277000 0.046000 0.038000
11 0.800000 0.202000 0.048000 0.032000
11 0.043000 0.645000 0.050000 0.042000
11 0.381000 0.582000 0.046000 0.036000
11 0.103000 0.745000 0.050000 0.046000
11 0.194000 0.904000 0.044000 0.040000
11 0.147000 0.964000 0.050000 0.040000
11 0.242000 0.298000 0.040000 0.036000
11 0.192000 0.387000 0.044000 0.038000
11 0.278000 0.557000 0.044000 0.042000
11 0.254000 0.481000 0.044000 0.038000
11 0.901000 0.242000 0.046000 0.036000
11 0.296000 0.731000 0.040000 0.038000
11 0.354000 0.627000 0.048000 0.042000
11 0.881000 0.702000 0.050000 0.036000
11 0.917000 0.791000 0.042000 0.038000
11 0.813000 0.246000 0.046000 0.032000
2 0.575700 0.559440 0.231400 0.338880
11 0.464000 0.649000 0.032000 0.050000
11 0.897000 0.745000 0.046000 0.038000
11 0.250000 0.596000 0.040000 0.036000
11 0.772000 0.135000 0.048000 0.034000
11 0.280000 0.888000 0.040000 0.048000
11 0.937000 0.193000 0.042000 0.030000
11 0.138000 0.675000 0.048000 0.038000
11 0.404000 0.540000 0.048000 0.036000
11 0.037000 0.073000 0.038000 0.046000
11 0.363000 0.941000 0.034000 0.042000
11 0.948000 0.882000 0.048000 0.032000
11 0.946000 0.614000 0.040000 0.036000
11 0.320000 0.687000 0.048000 0.042000
2 0.955000 0.071000 0.086000 0.142000
11 0.224000 0.643000 0.044000 0.038000
11 0.825000 0.543000 0.050000 0.034000
11 0.194000 0.590000 0.044000 0.032000
11 0.965000 0.928000 0.042000 0.032000
11 0.136120 0.502870 0.036240 0.033740
11 0.144000 0.477000 0.044000 0.038000
11 0.313000 0.491000 0.042000 0.034000
11 0.497000 0.740000 0.030000 0.048000
11 0.534000 0.844000 0.032000 0.052000
11 0.175000 0.727000 0.050000 0.046000
6 0.103000 0.540000 0.066000 0.056000
11 0.863000 0.360000 0.042000 0.032000
11 0.341380 0.453630 0.038760 0.031260
11 0.354000 0.423000 0.048000 0.042000
7 0.840000 0.318000 0.052000 0.036000
7 0.274000 0.773000 0.056000 0.046000
11 0.754000 0.089000 0.048000 0.038000
11 0.941000 0.426000 0.034000 0.044000
11 0.931000 0.836000 0.042000 0.028000
11 0.186000 0.014000 0.044000 0.028000
11 0.275000 0.254000 0.050000 0.032000
11 0.323000 0.382000 0.042000 0.040000
11 0.441000 0.601000 0.038000 0.030000
11 0.948000 0.223000 0.044000 0.030000
11 0.731000 0.021000 0.046000 0.030000
11 0.014000 0.110000 0.028000 0.040000
11 0.242000 0.160000 0.048000 0.024000
11 0.839000 0.590000 0.050000 0.032000
11 0.901000 0.091000 0.038000 0.026000
2 0.690000 0.841000 0.224000 0.318000
11 0.594000 0.984000 0.040000 0.028000
11 0.873000 0.660000 0.046000 0.032000
2 0.037000 0.287000 0.074000 0.118000
11 0.233000 0.136000 0.046000 0.032000
11 0.214000 0.085000 0.044000 0.030000
2 0.964000 0.577000 0.068000 0.250000
2 0.139000 0.302000 0.138000 0.124000
11 0.982000 0.693000 0.032000 0.046000
11 0.071000 0.017000 0.030000 0.034000
2 0.021000 0.950000 0.042000 0.096000
11 0.270380 0.230130 0.048760 0.036260
11 0.261000 0.200000 0.046000 0.032000
2 0.391000 0.071000 0.170000 0.142000
2 0.470640 0.268280 0.221280 0.332560
11 0.303000 0.904630 0.030000 0.041260
11 0.340500 0.359880 0.045000 0.043760
11 0.209500 0.886630 0.035000 0.041260
11 0.890370 0.530120 0.028740 0.056240
11 0.857130 0.638250 0.046260 0.032500
