2 0.827500 0.881500 0.131000 0.139000
2 0.486500 0.960000 0.225000 0.080000
2 0.782000 0.465000 0.128000 0.134000
2 0.610500 0.219000 0.109000 0.126000
2 0.677000 0.298000 0.126000 0.128000
2 0.739000 0.380500 0.138000 0.137000
2 0.349500 0.127000 0.119000 0.138000
11 0.411500 0.023500 0.027000 0.047000
2 0.614000 0.056000 0.240000 0.112000
2 0.956000 0.443000 0.088000 0.190000
2 0.571500 0.538500 0.127000 0.109000
2 0.935500 0.751500 0.115000 0.123000
2 0.591500 0.676000 0.167000 0.104000
2 0.484000 0.646500 0.088000 0.089000
2 0.500500 0.428500 0.057000 0.057000
2 0.658000 0.173500 0.104000 0.123000
2 0.047500 0.760500 0.091000 0.085000
