11 0.919000 0.076000 0.042000 0.032000
11 0.096000 0.045000 0.036000 0.050000
11 0.636000 0.877000 0.040000 0.050000
11 0.520000 0.879000 0.032000 0.046000
11 0.479000 0.893000 0.034000 0.046000
11 0.021000 0.362000 0.042000 0.036000
11 0.982000 0.199000 0.032000 0.038000
2 0.934000 0.938000 0.128000 0.120000
11 0.010000 0.082000 0.020000 0.052000
2 0.437000 0.226000 0.558000 0.448000
11 0.980000 0.857000 0.036000 0.050000
2 0.050000 0.507000 0.100000 0.326000
11 0.705000 0.952000 0.042000 0.056000
11 0.881000 0.008000 0.042000 0.016000
11 0.576000 0.755000 0.052000 0.042000
11 0.634000 0.982000 0.028000 0.032000
7 0.932000 0.876000 0.040000 0.060000
11 0.046000 0.067000 0.036000 0.050000
