6 0.563000 0.928000 0.178000 0.116000
6 0.281000 0.101000 0.146000 0.086000
7 0.411000 0.062000 0.070000 0.056000
7 0.897000 0.152000 0.046000 0.068000
11 0.212000 0.025000 0.052000 0.042000
11 0.777000 0.357000 0.054000 0.046000
11 0.832000 0.384000 0.056000 0.044000
11 0.133000 0.030000 0.050000 0.044000
11 0.939000 0.049000 0.038000 0.050000
11 0.959000 0.447000 0.050000 0.038000
11 0.123000 0.952000 0.038000 0.036000
7 0.645000 0.452000 0.070000 0.048000
7 0.283380 0.935130 0.038760 0.066260
11 0.301000 0.959000 0.030000 0.042000
7 0.256000 0.927000 0.052000 0.070000
11 0.105000 0.985000 0.046000 0.026000
11 0.147000 0.904000 0.038000 0.032000
11 0.078000 0.012000 0.044000 0.024000
2 0.135000 0.454000 0.270000 0.508000
2 0.657000 0.698000 0.682000 0.592000
2 0.693000 0.037000 0.214000 0.074000
11 0.217000 0.773000 0.042000 0.046000
11 0.196000 0.818000 0.044000 0.036000
7 0.401000 0.165000 0.082000 0.058000
11 0.967000 0.014000 0.038000 0.028000
11 0.174000 0.862000 0.044000 0.040000
7 0.266000 0.007000 0.068000 0.014000
2 0.989000 0.162000 0.018000 0.216000
