2 0.542000 0.139000 0.108000 0.138000
6 0.924000 0.421000 0.148000 0.102000
2 0.186000 0.144000 0.200000 0.288000
11 0.739000 0.288000 0.038000 0.032000
2 0.922000 0.293000 0.152000 0.158000
11 0.257000 0.279000 0.050000 0.038000
11 0.367000 0.267000 0.050000 0.030000
11 0.021000 0.534000 0.038000 0.040000
3 0.041000 0.718000 0.082000 0.060000
3 0.099000 0.301000 0.086000 0.058000
3 0.167000 0.356000 0.050000 0.088000
11 0.466000 0.231000 0.044000 0.026000
11 0.825000 0.331000 0.042000 0.030000
2 0.180000 0.846000 0.220000 0.304000
11 0.211000 0.332000 0.038000 0.032000
2 0.862000 0.030000 0.172000 0.060000
2 0.948000 0.693000 0.100000 0.202000
11 0.007000 0.982000 0.014000 0.032000
2 0.578000 0.492000 0.464000 0.228000
7 0.008000 0.772000 0.016000 0.056000
11 0.004000 0.671000 0.008000 0.038000
