2 0.140000 0.874000 0.108000 0.112000
2 0.670000 0.380000 0.276000 0.340000
2 0.483000 0.821000 0.090000 0.106000
2 0.292000 0.293000 0.268000 0.334000
2 0.247000 0.848000 0.110000 0.116000
3 0.943000 0.204000 0.110000 0.092000
11 0.599000 0.104000 0.050000 0.036000
11 0.422000 0.929000 0.032000 0.046000
3 0.929000 0.032000 0.102000 0.064000
11 0.396000 0.056000 0.044000 0.028000
11 0.435000 0.978000 0.030000 0.040000
3 0.819000 0.108000 0.038000 0.100000
11 0.039000 0.782000 0.050000 0.036000
7 0.217000 0.017000 0.066000 0.034000
2 0.710000 0.964000 0.272000 0.068000
11 0.548000 0.091000 0.052000 0.034000
2 0.046000 0.920000 0.092000 0.128000
11 0.975000 0.296000 0.046000 0.048000
2 0.959000 0.509000 0.078000 0.258000
7 0.752000 0.127000 0.060000 0.038000
7 0.671870 0.118340 0.055740 0.032680
