2 0.863000 0.564000 0.246000 0.280000
11 0.325000 0.929000 0.046000 0.038000
3 0.335000 0.519000 0.078000 0.062000
11 0.522000 0.920000 0.052000 0.040000
2 0.133000 0.839000 0.266000 0.318000
11 0.458000 0.828000 0.040000 0.036000
11 0.599000 0.712000 0.042000 0.028000
11 0.399000 0.647000 0.038000 0.046000
11 0.356000 0.583000 0.048000 0.050000
11 0.320000 0.180000 0.040000 0.044000
7 0.440000 0.708000 0.044000 0.056000
11 0.619000 0.645000 0.054000 0.034000
3 0.347000 0.209000 0.114000 0.094000
11 0.251000 0.807000 0.042000 0.034000
11 0.934000 0.783000 0.028000 0.042000
11 0.457000 0.962000 0.042000 0.048000
11 0.533000 0.828000 0.042000 0.052000
11 0.263000 0.969000 0.038000 0.042000
7 0.490000 0.774000 0.056000 0.068000
11 0.499000 0.518000 0.046000 0.028000
11 0.708000 0.762000 0.056000 0.028000
11 0.566000 0.973000 0.044000 0.042000
11 0.777000 0.389000 0.038000 0.030000
11 0.335000 0.656000 0.038000 0.036000
11 0.605000 0.738000 0.046000 0.024000
11 0.603000 0.492000 0.042000 0.024000
11 0.876000 0.779000 0.024000 0.050000
11 0.687000 0.286000 0.050000 0.028000
11 0.201000 0.736000 0.058000 0.056000
11 0.848000 0.769000 0.024000 0.050000
11 0.699000 0.806000 0.046000 0.032000
11 0.964000 0.798000 0.024000 0.052000
11 0.501000 0.474000 0.050000 0.024000
11 0.712000 0.717000 0.048000 0.026000
11 0.823000 0.769000 0.026000 0.050000
11 0.507000 0.450000 0.038000 0.024000
11 0.976000 0.067000 0.044000 0.030000
11 0.024000 0.638000 0.044000 0.036000
11 0.405000 0.756000 0.050000 0.040000
2 0.080310 0.189080 0.160620 0.378160
11 0.578000 0.605000 0.020000 0.038000
11 0.623130 0.404000 0.046260 0.024000
11 0.656000 0.477000 0.036000 0.030000
11 0.615000 0.672000 0.046000 0.024000
11 0.868000 0.989000 0.032000 0.018000
11 0.420000 0.985000 0.044000 0.026000
11 0.362000 0.693000 0.052000 0.046000
3 0.184460 0.410000 0.056920 0.080000
11 0.498810 0.889200 0.041620 0.034400
11 0.446200 0.816030 0.044400 0.036060
11 0.537310 0.938810 0.046620 0.041620
11 0.393090 0.740870 0.042180 0.037740
11 0.312750 0.901420 0.045500 0.038840
11 0.418750 0.776920 0.045500 0.033840
11 0.605780 0.470290 0.043560 0.024580
