2 0.269000 0.557000 0.118000 0.114000
2 0.384000 0.563000 0.108000 0.102000
2 0.490000 0.700000 0.112000 0.116000
3 0.229000 0.085000 0.086000 0.086000
2 0.116000 0.289000 0.112000 0.118000
11 0.286000 0.227000 0.036000 0.038000
11 0.286000 0.017000 0.028000 0.034000
11 0.091000 0.823000 0.034000 0.054000
3 0.469000 0.497000 0.070000 0.070000
11 0.067000 0.765000 0.030000 0.050000
3 0.209000 0.178000 0.058000 0.060000
11 0.761000 0.891000 0.042000 0.050000
11 0.125000 0.920000 0.034000 0.056000
11 0.053000 0.709000 0.030000 0.042000
2 0.375000 0.112000 0.142000 0.120000
11 0.049000 0.511000 0.042000 0.058000
11 0.833000 0.978000 0.038000 0.040000
11 0.107000 0.871000 0.030000 0.050000
2 0.477000 0.821000 0.090000 0.098000
3 0.384000 0.398000 0.056000 0.048000
2 0.696000 0.966000 0.124000 0.064000
2 0.158000 0.027000 0.176000 0.054000
11 0.024000 0.425000 0.036000 0.042000
2 0.603000 0.913000 0.126000 0.126000
11 0.367000 0.795000 0.034000 0.038000
2 0.399000 0.027000 0.102000 0.054000
3 0.017000 0.029000 0.034000 0.058000
2 0.287000 0.764000 0.126000 0.120000
3 0.179000 0.989000 0.074000 0.018000
2 0.188000 0.411000 0.116000 0.102000
2 0.881000 0.731000 0.210000 0.194000
3 0.064000 0.601000 0.064000 0.046000
2 0.052000 0.903000 0.104000 0.190000
11 0.923000 0.985000 0.042000 0.026000
2 0.623850 0.147080 0.227700 0.206160
2 0.557380 0.748310 0.130760 0.104620
2 0.359000 0.954000 0.210000 0.092000
