11 0.825000 0.737000 0.042000 0.034000
11 0.624000 0.839000 0.036000 0.034000
11 0.198000 0.404000 0.040000 0.036000
11 0.731000 0.749000 0.038000 0.038000
11 0.960000 0.619000 0.040000 0.038000
11 0.754000 0.802000 0.036000 0.032000
11 0.067000 0.536000 0.050000 0.048000
11 0.654000 0.886000 0.040000 0.040000
11 0.377000 0.271000 0.046000 0.042000
11 0.321000 0.316000 0.042000 0.036000
11 0.591000 0.902000 0.038000 0.036000
11 0.290000 0.427000 0.040000 0.038000
11 0.541000 0.911000 0.038000 0.038000
11 0.480000 0.965000 0.040000 0.042000
11 0.241000 0.375000 0.038000 0.030000
11 0.543000 0.978000 0.034000 0.032000
3 0.532000 0.032000 0.084000 0.064000
11 0.018000 0.573000 0.036000 0.046000
2 0.887000 0.869000 0.222000 0.258000
2 0.624000 0.947000 0.296000 0.102000
11 0.835000 0.951000 0.042000 0.042000
2 0.057000 0.781000 0.114000 0.202000
11 0.678000 0.791000 0.024000 0.026000
3 0.446000 0.987000 0.060000 0.022000
2 0.936000 0.052000 0.124000 0.104000
2 0.197000 0.224000 0.394000 0.440000
2 0.505000 0.657000 0.782000 0.666000
