11 0.871000 0.117000 0.042000 0.050000
11 0.205000 0.878000 0.038000 0.056000
11 0.081000 0.788000 0.046000 0.040000
11 0.613000 0.218000 0.042000 0.044000
2 0.048000 0.415000 0.096000 0.134000
7 0.982000 0.754000 0.032000 0.048000
11 0.014000 0.955000 0.028000 0.042000
2 0.350000 0.392000 0.528000 0.484000
11 0.056000 0.992000 0.044000 0.012000
3 0.809000 0.013000 0.074000 0.026000
2 0.839000 0.964000 0.318000 0.068000
11 0.049000 0.751000 0.042000 0.034000
11 0.777000 0.019000 0.038000 0.038000
2 0.671380 0.722920 0.590760 0.433840
2 0.173840 0.103840 0.347680 0.207680
