2 0.903000 0.642000 0.134000 0.140000
2 0.839000 0.932000 0.134000 0.124000
2 0.945000 0.522000 0.106000 0.120000
2 0.265000 0.455000 0.126000 0.134000
2 0.768000 0.767000 0.120000 0.102000
2 0.721000 0.409000 0.102000 0.098000
2 0.343000 0.763000 0.270000 0.446000
2 0.515000 0.490000 0.106000 0.168000
2 0.048000 0.182000 0.096000 0.128000
2 0.962000 0.409000 0.072000 0.106000
2 0.158000 0.293000 0.132000 0.150000
2 0.786000 0.168000 0.120000 0.108000
11 0.159000 0.057000 0.038000 0.042000
3 0.502000 0.731000 0.068000 0.046000
11 0.950000 0.214000 0.024000 0.036000
11 0.350000 0.386000 0.028000 0.044000
2 0.534000 0.233000 0.228000 0.142000
11 0.987000 0.127000 0.022000 0.046000
3 0.939000 0.154000 0.066000 0.052000
11 0.123000 0.013000 0.038000 0.026000
2 0.686000 0.288000 0.096000 0.172000
2 0.675000 0.957000 0.074000 0.082000
11 0.245000 0.013000 0.042000 0.026000
11 0.707000 0.024000 0.046000 0.032000
9 0.293000 0.060000 0.074000 0.072000
11 0.530000 0.985000 0.032000 0.026000
3 0.350000 0.316000 0.080000 0.032000
11 0.373000 0.441000 0.026000 0.046000
2 0.975000 0.980000 0.046000 0.036000
11 0.853000 0.273000 0.022000 0.026000
11 0.568000 0.886000 0.020000 0.040000
11 0.514000 0.053000 0.052000 0.030000
2 0.028000 0.025000 0.056000 0.050000
