11 0.599000 0.791000 0.042000 0.046000
3 0.051000 0.416000 0.054000 0.084000
11 0.136000 0.527000 0.044000 0.038000
11 0.922000 0.296000 0.032000 0.048000
11 0.307000 0.656000 0.042000 0.028000
11 0.194000 0.504000 0.044000 0.036000
11 0.201000 0.758000 0.046000 0.028000
11 0.147000 0.754000 0.050000 0.028000
7 0.559000 0.940000 0.038000 0.060000
3 0.765000 0.848000 0.106000 0.060000
11 0.307000 0.045000 0.034000 0.058000
3 0.945000 0.343000 0.106000 0.062000
11 0.269000 0.104000 0.030000 0.060000
11 0.315000 0.210000 0.030000 0.052000
11 0.255000 0.760000 0.050000 0.032000
11 0.314000 0.132000 0.028000 0.048000
11 0.353000 0.766000 0.046000 0.032000
11 0.952000 0.207000 0.028000 0.042000
11 0.357000 0.275000 0.030000 0.058000
2 0.201000 0.938000 0.370000 0.120000
11 0.486000 0.982000 0.028000 0.032000
3 0.028000 0.526000 0.056000 0.092000
7 0.538000 0.786000 0.040000 0.056000
7 0.385000 0.252000 0.030000 0.056000
7 0.853000 0.519000 0.078000 0.062000
3 0.566000 0.838000 0.116000 0.056000
2 0.952000 0.851000 0.092000 0.294000
11 0.564000 0.539000 0.036000 0.042000
3 0.973000 0.460000 0.050000 0.116000
6 0.245000 0.619000 0.086000 0.046000
11 0.867000 0.381000 0.034000 0.038000
