11 0.721000 0.228000 0.046000 0.044000
11 0.185000 0.958000 0.046000 0.028000
11 0.076000 0.966000 0.048000 0.036000
11 0.285000 0.341000 0.026000 0.046000
11 0.135000 0.422000 0.042000 0.028000
11 0.140000 0.505000 0.036000 0.026000
11 0.083000 0.775000 0.026000 0.042000
11 0.139000 0.391000 0.050000 0.030000
11 0.776000 0.061000 0.028000 0.042000
11 0.552000 0.987000 0.052000 0.022000
11 0.023000 0.969000 0.046000 0.034000
11 0.271000 0.070000 0.030000 0.044000
11 0.502000 0.974000 0.048000 0.032000
11 0.768000 0.204000 0.028000 0.048000
11 0.012000 0.675000 0.024000 0.046000
11 0.253000 0.344000 0.026000 0.052000
11 0.179000 0.664000 0.046000 0.024000
11 0.687000 0.127000 0.050000 0.030000
11 0.293000 0.176000 0.022000 0.048000
11 0.360000 0.763000 0.028000 0.046000
11 0.218000 0.351000 0.024000 0.046000
11 0.736000 0.121000 0.028000 0.042000
11 0.212000 0.754000 0.052000 0.028000
11 0.143000 0.772000 0.018000 0.044000
11 0.774000 0.158000 0.024000 0.044000
11 0.774000 0.105000 0.024000 0.046000
11 0.133000 0.617000 0.022000 0.050000
11 0.224000 0.021000 0.028000 0.042000
11 0.313000 0.568000 0.042000 0.028000
11 0.258000 0.769000 0.024000 0.042000
11 0.236000 0.992000 0.052000 0.012000
11 0.284000 0.767000 0.024000 0.038000
11 0.028000 0.621000 0.024000 0.050000
11 0.226000 0.068000 0.020000 0.036000
11 0.772000 0.252000 0.028000 0.044000
11 0.791000 0.952000 0.046000 0.028000
11 0.312000 0.598000 0.044000 0.032000
11 0.775000 0.016000 0.022000 0.032000
11 0.008000 0.622000 0.016000 0.052000
11 0.410000 0.763000 0.020000 0.038000
11 0.325000 0.630000 0.050000 0.032000
11 0.663000 0.014000 0.050000 0.028000
3 0.064000 0.336000 0.088000 0.036000
11 0.008000 0.455000 0.016000 0.046000
11 0.484000 0.758000 0.020000 0.036000
2 0.908000 0.929000 0.180000 0.138000
11 0.219000 0.306000 0.022000 0.020000
11 0.006000 0.512000 0.012000 0.040000
11 0.793000 0.925000 0.042000 0.026000
11 0.363000 0.017000 0.026000 0.034000
11 0.032000 0.272000 0.028000 0.052000
