2 0.754000 0.566000 0.360000 0.392000
2 0.388000 0.580000 0.276000 0.236000
7 0.283000 0.311000 0.042000 0.062000
11 0.164000 0.559000 0.032000 0.046000
11 0.551000 0.916000 0.046000 0.048000
11 0.136000 0.613000 0.028000 0.042000
11 0.184000 0.514000 0.036000 0.044000
11 0.063000 0.765000 0.030000 0.042000
2 0.068810 0.600040 0.137620 0.252080
7 0.088000 0.708000 0.048000 0.064000
11 0.212000 0.465000 0.032000 0.034000
2 0.149000 0.397000 0.178000 0.270000
11 0.231000 0.424000 0.030000 0.036000
2 0.468110 0.909600 0.152220 0.179200
11 0.524000 0.967000 0.040000 0.054000
2 0.215000 0.164000 0.282000 0.296000
11 0.412000 0.053000 0.040000 0.050000
2 0.864000 0.243000 0.268000 0.262000
11 0.933000 0.020000 0.042000 0.036000
11 0.964000 0.107000 0.040000 0.030000
11 0.978000 0.045000 0.040000 0.038000
7 0.740000 0.008000 0.048000 0.016000
11 0.758000 0.984000 0.048000 0.028000
2 0.664000 0.860000 0.328000 0.248000
7 0.254000 0.379000 0.036000 0.050000
7 0.888000 0.010000 0.056000 0.020000
2 0.025000 0.159000 0.050000 0.318000
11 0.643000 0.985000 0.038000 0.026000
2 0.125000 0.955000 0.238000 0.086000
2 0.545000 0.238000 0.370000 0.292000
2 0.975000 0.028000 0.046000 0.056000
2 0.473710 0.421520 0.315420 0.263040
2 0.306920 0.729250 0.289840 0.170500
2 0.247970 0.869430 0.323940 0.194860
