11 0.782000 0.358000 0.032000 0.028000
11 0.982000 0.375000 0.032000 0.030000
11 0.248000 0.591000 0.040000 0.030000
11 0.240000 0.615000 0.040000 0.030000
11 0.821000 0.286000 0.022000 0.048000
11 0.898000 0.831000 0.044000 0.030000
11 0.990000 0.405000 0.016000 0.030000
11 0.944000 0.288000 0.024000 0.044000
7 0.793000 0.284000 0.030000 0.060000
3 0.869000 0.963000 0.066000 0.074000
11 0.970000 0.944000 0.032000 0.048000
11 0.795000 0.477000 0.026000 0.042000
11 0.588000 0.045000 0.052000 0.046000
11 0.237000 0.643000 0.046000 0.030000
2 0.408000 0.424000 0.140000 0.200000
11 0.352000 0.496000 0.040000 0.036000
11 0.919000 0.480000 0.050000 0.036000
11 0.922000 0.446000 0.044000 0.040000
11 0.915000 0.284000 0.022000 0.040000
11 0.881000 0.419000 0.042000 0.042000
2 0.548500 0.552500 0.241000 0.329000
11 0.467000 0.364000 0.070000 0.048000
2 0.063000 0.171000 0.126000 0.274000
11 0.088000 0.300500 0.048000 0.037000
2 0.247000 0.318000 0.286000 0.304000
3 0.177500 0.422000 0.051000 0.080000
11 0.309000 0.465000 0.042000 0.038000
2 0.489000 0.140500 0.126000 0.093000
2 0.384500 0.730500 0.173000 0.169000
2 0.651000 0.240500 0.118000 0.185000
2 0.401000 0.216500 0.110000 0.093000
2 0.251000 0.092000 0.302000 0.184000
2 0.713500 0.956000 0.167000 0.088000
2 0.060000 0.487500 0.120000 0.175000
3 0.496500 0.669000 0.053000 0.074000
3 0.092000 0.064000 0.040000 0.080000
11 0.542000 0.106500 0.056000 0.049000
2 0.081000 0.608000 0.098000 0.088000
