2 0.416000 0.328000 0.120000 0.140000
2 0.331000 0.635000 0.122000 0.134000
2 0.749000 0.156000 0.130000 0.120000
2 0.605000 0.938000 0.186000 0.120000
2 0.060000 0.410000 0.108000 0.112000
2 0.308000 0.419000 0.104000 0.114000
2 0.195000 0.706000 0.118000 0.116000
2 0.779000 0.665000 0.118000 0.102000
2 0.201000 0.602000 0.074000 0.116000
2 0.583000 0.823000 0.138000 0.110000
2 0.037000 0.245000 0.074000 0.090000
2 0.096000 0.054000 0.136000 0.108000
2 0.379000 0.178000 0.106000 0.148000
2 0.687000 0.444000 0.106000 0.112000
2 0.061000 0.647000 0.122000 0.094000
2 0.846000 0.041000 0.092000 0.082000
11 0.731000 0.362000 0.046000 0.036000
2 0.035000 0.948000 0.070000 0.100000
2 0.382000 0.043000 0.152000 0.086000
11 0.789000 0.378000 0.042000 0.032000
11 0.833000 0.391000 0.046000 0.034000
3 0.594000 0.300000 0.040000 0.088000
11 0.881000 0.407000 0.042000 0.034000
11 0.971000 0.433000 0.046000 0.030000
11 0.894000 0.168000 0.032000 0.052000
11 0.906000 0.116000 0.028000 0.048000
2 0.950000 0.880000 0.096000 0.116000
2 0.020000 0.730000 0.040000 0.064000
2 0.169000 0.900000 0.082000 0.172000
2 0.583000 0.589000 0.158000 0.078000
11 0.985000 0.095000 0.026000 0.026000
2 0.989000 0.229000 0.018000 0.114000
2 0.253000 0.199000 0.146000 0.114000
