2 0.648000 0.403000 0.120000 0.118000
2 0.897000 0.296000 0.110000 0.120000
2 0.048000 0.941000 0.096000 0.114000
2 0.446000 0.518000 0.152000 0.140000
2 0.520000 0.902000 0.144000 0.112000
2 0.108000 0.661000 0.184000 0.150000
2 0.631000 0.751000 0.114000 0.134000
2 0.786000 0.338000 0.120000 0.132000
2 0.089000 0.318000 0.106000 0.112000
2 0.821000 0.684000 0.126000 0.140000
2 0.072000 0.187000 0.112000 0.118000
2 0.441000 0.112000 0.134000 0.176000
2 0.975000 0.657000 0.046000 0.130000
11 0.117000 0.131000 0.050000 0.054000
2 0.978000 0.077000 0.040000 0.146000
2 0.786000 0.945000 0.176000 0.106000
2 0.157000 0.793000 0.134000 0.114000
11 0.144000 0.014000 0.044000 0.028000
11 0.324000 0.627000 0.048000 0.042000
2 0.876000 0.123000 0.144000 0.126000
2 0.680000 0.017000 0.156000 0.034000
