2 0.942000 0.334000 0.112000 0.224000
11 0.763480 0.320320 0.038960 0.036640
11 0.487000 0.173000 0.046000 0.034000
11 0.835000 0.377000 0.050000 0.050000
11 0.151000 0.845000 0.046000 0.038000
11 0.475000 0.131000 0.038000 0.030000
11 0.977000 0.494000 0.042000 0.044000
11 0.635000 0.232000 0.042000 0.032000
11 0.910500 0.439000 0.033000 0.034000
11 0.458500 0.317000 0.025000 0.042000
11 0.875500 0.411000 0.039000 0.042000
11 0.678500 0.256000 0.033000 0.036000
2 0.381000 0.897000 0.150000 0.162000
2 0.124000 0.917000 0.156000 0.138000
2 0.439000 0.733000 0.102000 0.090000
2 0.801000 0.184000 0.154000 0.176000
2 0.187000 0.769000 0.138000 0.122000
2 0.788000 0.488000 0.112000 0.116000
2 0.267000 0.150000 0.082000 0.096000
2 0.267000 0.614460 0.146000 0.104920
2 0.221000 0.689000 0.102000 0.094000
2 0.132000 0.285000 0.108000 0.118000
7 0.413500 0.094000 0.055000 0.040000
2 0.520770 0.536770 0.121540 0.121540
2 0.495080 0.642460 0.126160 0.116920
2 0.339380 0.348920 0.130760 0.113840
2 0.614620 0.118310 0.089240 0.124620
2 0.699540 0.156770 0.103080 0.161540
2 0.399690 0.236000 0.115380 0.100000
2 0.180150 0.091690 0.112300 0.115380
2 0.105690 0.063230 0.075380 0.118460
2 0.234770 0.387230 0.101540 0.098460
2 0.543230 0.436920 0.078460 0.093840
2 0.559540 0.340620 0.103080 0.129240
2 0.534620 0.032300 0.229240 0.064600
11 0.382460 0.520620 0.036920 0.049240
2 0.282460 0.517850 0.156920 0.107700
