3 0.955000 0.333000 0.086000 0.122000
3 0.876000 0.943000 0.088000 0.110000
11 0.832000 0.364000 0.048000 0.048000
11 0.605000 0.159000 0.046000 0.050000
3 0.962000 0.794000 0.072000 0.088000
11 0.980000 0.664000 0.036000 0.060000
11 0.819000 0.293000 0.046000 0.042000
6 0.643000 0.147000 0.110000 0.094000
2 0.475500 0.648250 0.215000 0.272500
2 0.790880 0.686630 0.233760 0.321260
2 0.095000 0.747000 0.190000 0.250000
2 0.324630 0.188750 0.401260 0.377500
2 0.658000 0.435500 0.260000 0.255000
2 0.301250 0.868500 0.442500 0.245000
