2 0.293000 0.556000 0.110000 0.120000
3 0.969000 0.795000 0.058000 0.158000
2 0.729000 0.054000 0.134000 0.108000
11 0.867000 0.457000 0.030000 0.058000
11 0.832000 0.922000 0.036000 0.052000
3 0.895000 0.611000 0.086000 0.046000
11 0.627000 0.890000 0.042000 0.024000
3 0.698000 0.619000 0.072000 0.038000
11 0.601000 0.158000 0.030000 0.044000
11 0.023000 0.645000 0.046000 0.034000
11 0.682000 0.888000 0.040000 0.028000
2 0.380000 0.205000 0.256000 0.406000
11 0.835000 0.103000 0.022000 0.050000
11 0.839000 0.157000 0.022000 0.046000
11 0.325000 0.640000 0.050000 0.032000
11 0.869000 0.360000 0.026000 0.056000
11 0.693000 0.913000 0.046000 0.022000
11 0.024000 0.076000 0.020000 0.040000
11 0.841000 0.318000 0.018000 0.036000
2 0.052000 0.497000 0.104000 0.198000
3 0.867000 0.024000 0.062000 0.032000
7 0.895000 0.892000 0.034000 0.056000
11 0.841000 0.266000 0.018000 0.044000
11 0.840000 0.207000 0.024000 0.046000
2 0.025000 0.034000 0.050000 0.068000
11 0.574000 0.075000 0.028000 0.034000
11 0.833000 0.014000 0.018000 0.028000
2 0.395000 0.973000 0.782000 0.050000
2 0.961000 0.342000 0.074000 0.684000
