11 0.397000 0.857000 0.046000 0.050000
3 0.906000 0.772000 0.064000 0.092000
7 0.807000 0.725000 0.066000 0.050000
3 0.298000 0.109000 0.180000 0.070000
11 0.096000 0.403000 0.044000 0.030000
11 0.390000 0.744000 0.052000 0.056000
11 0.573000 0.514000 0.046000 0.044000
11 0.310000 0.726000 0.044000 0.048000
7 0.222000 0.643000 0.072000 0.066000
11 0.731000 0.685000 0.054000 0.046000
11 0.475000 0.920000 0.058000 0.056000
11 0.207000 0.310000 0.042000 0.048000
2 0.748000 0.354000 0.472000 0.336000
11 0.212000 0.357000 0.040000 0.042000
3 0.765000 0.677000 0.042000 0.070000
11 0.572000 0.992000 0.056000 0.012000
2 0.557430 0.757840 0.262860 0.263680
9 0.124000 0.285260 0.248000 0.370520
3 0.338600 0.326220 0.045200 0.140440
