2 0.846000 0.763000 0.120000 0.110000
11 0.053000 0.783000 0.050000 0.042000
11 0.841000 0.089000 0.046000 0.038000
11 0.128000 0.826000 0.040000 0.032000
11 0.759000 0.763000 0.038000 0.038000
11 0.208000 0.877000 0.048000 0.042000
11 0.666000 0.902000 0.028000 0.036000
11 0.791000 0.721000 0.046000 0.046000
11 0.729000 0.809000 0.042000 0.046000
11 0.169000 0.852000 0.034000 0.028000
2 0.948000 0.948000 0.100000 0.100000
2 0.562000 0.180000 0.464000 0.248000
2 0.241000 0.675000 0.354000 0.454000
2 0.768580 0.485570 0.165160 0.179140
2 0.688250 0.589310 0.184500 0.186620
2 0.620900 0.702820 0.181800 0.165640
2 0.507510 0.823010 0.255020 0.186020
2 0.848670 0.349310 0.197340 0.230620
2 0.135160 0.147280 0.270320 0.290560
