2 0.338000 0.815000 0.648000 0.366000
11 0.659000 0.684000 0.034000 0.036000
11 0.499000 0.487000 0.046000 0.042000
11 0.418000 0.427000 0.032000 0.038000
2 0.075000 0.083000 0.150000 0.166000
2 0.458000 0.380000 0.248000 0.248000
11 0.382000 0.395000 0.040000 0.038000
3 0.543000 0.558000 0.070000 0.088000
3 0.707000 0.693000 0.066000 0.074000
11 0.632000 0.314000 0.032000 0.052000
11 0.064000 0.236000 0.044000 0.040000
7 0.620000 0.473000 0.028000 0.062000
7 0.554000 0.028000 0.036000 0.056000
11 0.456000 0.531000 0.048000 0.046000
11 0.911000 0.855000 0.038000 0.046000
11 0.592000 0.367000 0.028000 0.050000
11 0.647000 0.358000 0.026000 0.036000
11 0.606000 0.414000 0.028000 0.044000
11 0.540000 0.186000 0.028000 0.044000
7 0.499000 0.033000 0.026000 0.050000
11 0.684000 0.504000 0.028000 0.044000
11 0.558000 0.241000 0.028000 0.050000
11 0.659000 0.409000 0.022000 0.046000
11 0.842000 0.781000 0.036000 0.038000
11 0.568000 0.288000 0.028000 0.044000
11 0.598000 0.175000 0.024000 0.054000
2 0.658000 0.101000 0.172000 0.202000
11 0.672000 0.458000 0.024000 0.044000
11 0.514000 0.084000 0.028000 0.048000
3 0.649000 0.564000 0.126000 0.120000
11 0.827000 0.178000 0.046000 0.028000
2 0.834000 0.386000 0.328000 0.228000
7 0.489000 0.004000 0.030000 0.008000
2 0.851000 0.035000 0.250000 0.070000
2 0.425000 0.086000 0.150000 0.172000
11 0.529000 0.141000 0.030000 0.058000
11 0.085000 0.174000 0.058000 0.052000
2 0.985000 0.061000 0.026000 0.114000
11 0.875000 0.171000 0.046000 0.030000
2 0.908000 0.985000 0.180000 0.026000
