2 0.478000 0.504000 0.272000 0.248000
2 0.357000 0.134000 0.270000 0.244000
2 0.664000 0.855000 0.236000 0.242000
11 0.934000 0.368000 0.036000 0.052000
11 0.645000 0.085000 0.050000 0.030000
11 0.872000 0.161000 0.032000 0.050000
2 0.961000 0.267000 0.074000 0.102000
11 0.893000 0.876000 0.054000 0.032000
11 0.791000 0.568000 0.038000 0.028000
11 0.867000 0.800000 0.050000 0.036000
2 0.929430 0.654000 0.122860 0.120000
11 0.989000 0.566000 0.018000 0.060000
11 0.923000 0.987000 0.042000 0.022000
11 0.985000 0.971000 0.026000 0.038000
2 0.768000 0.146000 0.092000 0.112000
11 0.837000 0.062000 0.030000 0.040000
2 0.852140 0.441570 0.124280 0.127140
11 0.585860 0.294140 0.055720 0.044280
