2 0.189000 0.687000 0.346000 0.274000
11 0.340000 0.321000 0.048000 0.038000
2 0.947000 0.745000 0.102000 0.130000
11 0.317000 0.360000 0.034000 0.032000
11 0.053000 0.899000 0.058000 0.050000
11 0.698000 0.886000 0.036000 0.052000
3 0.927000 0.116000 0.142000 0.092000
11 0.279000 0.442000 0.046000 0.036000
11 0.538000 0.684000 0.032000 0.036000
11 0.374000 0.252000 0.028000 0.028000
2 0.293000 0.223000 0.430000 0.446000
2 0.976000 0.460000 0.044000 0.172000
11 0.116000 0.958000 0.040000 0.036000
11 0.087000 0.178000 0.026000 0.044000
11 0.157000 0.992000 0.054000 0.012000
11 0.591000 0.703000 0.046000 0.054000
2 0.968000 0.629000 0.060000 0.122000
11 0.730000 0.839000 0.036000 0.050000
