2 0.276950 0.592330 0.117900 0.116660
2 0.433560 0.494650 0.119120 0.109300
11 0.483810 0.586720 0.035620 0.045440
2 0.894000 0.123000 0.208000 0.246000
2 0.659000 0.786000 0.182000 0.168000
2 0.194000 0.621000 0.116000 0.134000
2 0.936000 0.947000 0.124000 0.102000
2 0.344000 0.535000 0.144000 0.150000
2 0.767000 0.907000 0.138000 0.130000
11 0.376000 0.853000 0.052000 0.042000
11 0.747000 0.302000 0.034000 0.036000
11 0.782000 0.332000 0.036000 0.036000
2 0.089000 0.823000 0.178000 0.278000
11 0.601000 0.151000 0.038000 0.042000
11 0.871000 0.416000 0.042000 0.044000
11 0.679000 0.226000 0.038000 0.040000
11 0.615000 0.672000 0.038000 0.032000
11 0.831000 0.381000 0.042000 0.042000
11 0.714000 0.266000 0.032000 0.040000
2 0.305000 0.947000 0.138000 0.102000
11 0.331000 0.858000 0.038000 0.040000
11 0.961000 0.500000 0.046000 0.044000
11 0.500000 0.687000 0.036000 0.034000
11 0.400000 0.750000 0.040000 0.028000
11 0.913000 0.464000 0.050000 0.052000
11 0.991000 0.533000 0.014000 0.042000
11 0.414000 0.893000 0.032000 0.038000
11 0.435000 0.927000 0.030000 0.042000
11 0.039000 0.982000 0.038000 0.032000
