2 0.306000 0.645000 0.196000 0.134000
2 0.122000 0.200000 0.244000 0.236000
2 0.094000 0.629000 0.188000 0.518000
7 0.286000 0.063000 0.028000 0.046000
3 0.302000 0.387000 0.056000 0.062000
3 0.098000 0.919000 0.048000 0.070000
3 0.207000 0.359000 0.046000 0.090000
11 0.170000 0.937000 0.044000 0.042000
3 0.143000 0.877000 0.070000 0.042000
2 0.323750 0.509000 0.167500 0.170000
7 0.212130 0.515750 0.036260 0.067500
7 0.246750 0.456750 0.045500 0.077500
2 0.583500 0.952000 0.215000 0.092000
3 0.144000 0.980000 0.080000 0.036000
2 0.399000 0.090000 0.186000 0.180000
2 0.809000 0.330000 0.378000 0.376000
2 0.133000 0.045000 0.266000 0.090000
2 0.041000 0.968000 0.082000 0.060000
2 0.665000 0.024000 0.278000 0.048000
2 0.928000 0.650000 0.124000 0.144000
2 0.342250 0.269380 0.112500 0.198760
2 0.431000 0.332750 0.070000 0.097500
2 0.568000 0.307000 0.200000 0.230000
2 0.257250 0.824130 0.162500 0.256260
2 0.395500 0.927630 0.155000 0.131260
2 0.454250 0.534880 0.132500 0.153760
2 0.530500 0.624370 0.145000 0.248740
2 0.653880 0.660130 0.183760 0.256260
2 0.817380 0.683880 0.178760 0.243760
2 0.859250 0.886750 0.162500 0.157500
