2 0.279000 0.530000 0.126000 0.124000
2 0.754000 0.175000 0.120000 0.194000
2 0.426000 0.554000 0.096000 0.120000
2 0.821000 0.499000 0.134000 0.166000
2 0.385000 0.425000 0.074000 0.102000
2 0.515000 0.791000 0.114000 0.110000
3 0.155000 0.546000 0.094000 0.056000
7 0.114000 0.864000 0.028000 0.064000
11 0.135000 0.626000 0.026000 0.052000
11 0.724000 0.705000 0.060000 0.034000
2 0.317000 0.943000 0.142000 0.110000
11 0.161000 0.438000 0.022000 0.044000
2 0.646000 0.580000 0.116000 0.116000
2 0.569000 0.971000 0.094000 0.054000
11 0.823000 0.716000 0.054000 0.028000
11 0.160000 0.895000 0.024000 0.042000
2 0.412000 0.096000 0.132000 0.124000
11 0.242000 0.279000 0.024000 0.046000
11 0.552000 0.650000 0.056000 0.028000
2 0.394000 0.318000 0.188000 0.132000
11 0.219000 0.400000 0.022000 0.044000
2 0.124000 0.057000 0.100000 0.114000
2 0.336000 0.744000 0.164000 0.112000
2 0.823000 0.825000 0.102000 0.106000
2 0.025000 0.077000 0.050000 0.150000
2 0.939000 0.819000 0.082000 0.110000
2 0.989000 0.821000 0.018000 0.126000
2 0.571000 0.418000 0.098000 0.136000
2 0.694130 0.821690 0.104260 0.103380
2 0.595250 0.805800 0.102500 0.111600
2 0.279510 0.831710 0.163020 0.123420
2 0.938540 0.314710 0.121080 0.101420
