2 0.832000 0.915000 0.232000 0.166000
2 0.825000 0.626000 0.170000 0.144000
2 0.821000 0.409000 0.162000 0.154000
2 0.564000 0.800000 0.176000 0.148000
2 0.858000 0.100000 0.152000 0.148000
2 0.668000 0.209000 0.164000 0.150000
11 0.126000 0.881000 0.044000 0.034000
2 0.966000 0.304000 0.064000 0.132000
11 0.102000 0.844000 0.040000 0.040000
11 0.056000 0.788000 0.044000 0.032000
2 0.434000 0.893000 0.148000 0.158000
11 0.251000 0.311000 0.042000 0.038000
2 0.710000 0.712000 0.152000 0.156000
2 0.132810 0.196700 0.265620 0.281400
2 0.320000 0.583310 0.236000 0.238620
11 0.358000 0.236000 0.044000 0.040000
7 0.731000 0.445000 0.046000 0.062000
7 0.456300 0.173640 0.048600 0.043280
7 0.403160 0.213540 0.046320 0.047080
2 0.296120 0.939530 0.160240 0.119060
