2 0.693000 0.326000 0.158000 0.180000
2 0.855000 0.447000 0.286000 0.318000
3 0.650000 0.598000 0.068000 0.088000
11 0.879000 0.793000 0.038000 0.050000
11 0.908000 0.839000 0.032000 0.042000
11 0.477000 0.104000 0.030000 0.036000
11 0.962000 0.927000 0.036000 0.042000
11 0.519000 0.562000 0.050000 0.024000
2 0.943000 0.807000 0.110000 0.190000
3 0.811000 0.717000 0.070000 0.038000
11 0.453000 0.066000 0.038000 0.048000
11 0.982000 0.967000 0.032000 0.038000
11 0.404000 0.080000 0.028000 0.032000
7 0.150000 0.012000 0.044000 0.024000
2 0.818000 0.059000 0.360000 0.118000
2 0.151000 0.442000 0.146000 0.160000
3 0.679000 0.501000 0.074000 0.050000
2 0.706000 0.853000 0.448000 0.290000
2 0.353000 0.146000 0.170000 0.152000
2 0.207000 0.927000 0.170000 0.142000
2 0.812000 0.212000 0.124000 0.124000
11 0.930000 0.881000 0.036000 0.042000
11 0.470000 0.559000 0.044000 0.026000
11 0.501000 0.153000 0.022000 0.034000
2 0.569000 0.474000 0.158000 0.160000
2 0.396000 0.481000 0.196000 0.126000
