2 0.865000 0.698000 0.138000 0.140000
11 0.095000 0.096000 0.034000 0.036000
11 0.442000 0.510000 0.044000 0.044000
2 0.912000 0.273000 0.148000 0.142000
11 0.138000 0.765000 0.048000 0.042000
11 0.114000 0.220000 0.044000 0.052000
2 0.493000 0.594000 0.122000 0.116000
11 0.832000 0.480000 0.028000 0.040000
2 0.643000 0.490000 0.186000 0.148000
2 0.511000 0.203000 0.162000 0.214000
2 0.932000 0.830000 0.108000 0.096000
11 0.153000 0.194000 0.026000 0.040000
2 0.973000 0.514000 0.050000 0.100000
11 0.332000 0.605000 0.036000 0.038000
3 0.881000 0.980000 0.078000 0.036000
3 0.966000 0.975000 0.064000 0.046000
2 0.782000 0.037000 0.156000 0.074000
2 0.075000 0.594000 0.150000 0.180000
11 0.554000 0.569000 0.036000 0.038000
2 0.969000 0.125000 0.058000 0.138000
2 0.724000 0.936000 0.088000 0.108000
11 0.414000 0.425000 0.044000 0.046000
2 0.296000 0.945000 0.128000 0.106000
2 0.795570 0.618030 0.123140 0.112060
11 0.853000 0.525000 0.034000 0.050000
2 0.064730 0.971000 0.125460 0.054000
2 0.587000 0.793000 0.130000 0.134000
2 0.064000 0.035000 0.128000 0.070000
2 0.513000 0.978000 0.122000 0.040000
3 0.008000 0.760000 0.016000 0.080000
2 0.267000 0.376000 0.274000 0.212000
12 0.533740 0.667910 0.059480 0.055820
2 0.693140 0.095210 0.130280 0.142420
2 0.655470 0.668340 0.170940 0.188680
