2 0.080000 0.664000 0.112000 0.116000
2 0.641000 0.697000 0.106000 0.130000
2 0.160000 0.954000 0.140000 0.088000
2 0.144000 0.845000 0.104000 0.134000
2 0.396000 0.849000 0.104000 0.126000
2 0.804000 0.717000 0.112000 0.102000
2 0.869000 0.159000 0.110000 0.102000
2 0.121000 0.351000 0.162000 0.094000
2 0.932000 0.696000 0.124000 0.108000
2 0.177000 0.028000 0.110000 0.056000
2 0.939000 0.257000 0.110000 0.110000
2 0.647000 0.372000 0.094000 0.088000
3 0.223000 0.509000 0.042000 0.082000
2 0.380000 0.661000 0.128000 0.094000
2 0.525000 0.714000 0.114000 0.124000
2 0.163000 0.229000 0.090000 0.114000
3 0.283000 0.577000 0.086000 0.038000
11 0.691000 0.473000 0.050000 0.026000
11 0.172000 0.454000 0.044000 0.024000
3 0.279000 0.439000 0.078000 0.046000
11 0.727000 0.562000 0.046000 0.032000
11 0.857000 0.477000 0.042000 0.030000
11 0.751000 0.475000 0.050000 0.030000
11 0.801000 0.476000 0.046000 0.028000
11 0.564000 0.468000 0.048000 0.024000
11 0.120000 0.454000 0.048000 0.024000
11 0.628000 0.472000 0.056000 0.028000
11 0.964000 0.480000 0.052000 0.032000
11 0.154000 0.544000 0.052000 0.032000
11 0.435000 0.556000 0.046000 0.024000
11 0.495000 0.471000 0.046000 0.030000
11 0.317000 0.271000 0.026000 0.050000
11 0.911000 0.479000 0.046000 0.030000
11 0.317000 0.161000 0.026000 0.050000
11 0.259000 0.239000 0.026000 0.046000
11 0.436000 0.464000 0.048000 0.024000
11 0.261000 0.140000 0.022000 0.044000
3 0.340000 0.513000 0.040000 0.090000
11 0.982000 0.201000 0.032000 0.042000
11 0.322000 0.111000 0.024000 0.050000
11 0.064000 0.543000 0.052000 0.034000
11 0.919000 0.043000 0.042000 0.054000
11 0.268000 0.008000 0.024000 0.016000
7 0.603000 0.561000 0.058000 0.034000
2 0.440000 0.304000 0.220000 0.240000
2 0.735000 0.100000 0.270000 0.200000
2 0.846000 0.406000 0.296000 0.116000
2 0.178000 0.110000 0.072000 0.108000
2 0.004000 0.654000 0.008000 0.088000
