2 0.804000 0.564000 0.112000 0.128000
2 0.775000 0.753000 0.098000 0.110000
2 0.558000 0.740000 0.124000 0.156000
11 0.648000 0.431000 0.028000 0.026000
2 0.670000 0.957000 0.092000 0.082000
2 0.576000 0.112000 0.256000 0.224000
11 0.383000 0.746000 0.042000 0.060000
2 0.509000 0.890000 0.174000 0.180000
2 0.213140 0.810530 0.266280 0.265060
11 0.117000 0.737000 0.034000 0.034000
2 0.401000 0.389000 0.222000 0.286000
11 0.851000 0.463000 0.046000 0.038000
2 0.716000 0.885000 0.112000 0.098000
11 0.481000 0.735000 0.038000 0.054000
11 0.023000 0.667000 0.030000 0.042000
11 0.943000 0.500000 0.046000 0.036000
7 0.058000 0.714000 0.068000 0.040000
11 0.145000 0.723000 0.034000 0.042000
11 0.987000 0.522000 0.022000 0.036000
2 0.631000 0.594000 0.134000 0.164000
11 0.335000 0.848000 0.050000 0.060000
2 0.991000 0.390000 0.014000 0.144000
3 0.139000 0.014000 0.054000 0.028000
2 0.821000 0.192000 0.330000 0.352000
7 0.072650 0.680930 0.069300 0.049860
11 0.164850 0.734750 0.037700 0.053500
