2 0.798000 0.474000 0.236000 0.208000
11 0.667000 0.557000 0.042000 0.042000
3 0.354000 0.369000 0.060000 0.086000
2 0.635000 0.786000 0.226000 0.232000
11 0.493000 0.088000 0.030000 0.040000
11 0.345000 0.077000 0.030000 0.046000
11 0.705000 0.585000 0.042000 0.034000
11 0.925000 0.803000 0.046000 0.042000
11 0.797000 0.652000 0.042000 0.036000
2 0.564490 0.387020 0.208980 0.214040
11 0.467000 0.422000 0.046000 0.040000
11 0.157000 0.403000 0.030000 0.030000
11 0.971000 0.834000 0.038000 0.032000
11 0.510000 0.452000 0.044000 0.040000
11 0.745000 0.615000 0.046000 0.038000
11 0.987000 0.784000 0.022000 0.032000
11 0.939000 0.747000 0.054000 0.042000
2 0.622000 0.196000 0.208000 0.236000
2 0.174000 0.971000 0.220000 0.054000
11 0.010000 0.679000 0.020000 0.046000
11 0.953000 0.007000 0.038000 0.014000
11 0.833000 0.675000 0.038000 0.030000
2 0.343000 0.798000 0.314000 0.284000
7 0.324000 0.554000 0.044000 0.036000
2 0.940610 0.610320 0.117220 0.240640
13 0.892000 0.342790 0.216000 0.197580
2 0.814630 0.142480 0.369260 0.284960
2 0.515390 0.700550 0.250780 0.257100
2 0.799860 0.861520 0.207720 0.195040
