11 0.714440 0.176560 0.068880 0.049120
11 0.351000 0.325000 0.034000 0.046000
11 0.283000 0.455000 0.034000 0.046000
2 0.758000 0.809000 0.452000 0.378000
7 0.973000 0.235000 0.050000 0.042000
2 0.164000 0.405000 0.328000 0.538000
2 0.050000 0.797000 0.100000 0.218000
11 0.633000 0.153000 0.046000 0.034000
2 0.466000 0.534000 0.360000 0.448000
2 0.169000 0.901000 0.174000 0.194000
11 0.921000 0.211000 0.038000 0.034000
2 0.762000 0.068000 0.472000 0.136000
2 0.846000 0.494000 0.304000 0.148000
2 0.294340 0.773950 0.196680 0.263900
