2 0.592000 0.714000 0.240000 0.216000
2 0.139000 0.520000 0.238000 0.216000
2 0.885000 0.955000 0.226000 0.086000
7 0.314000 0.357000 0.052000 0.054000
11 0.289630 0.573130 0.051260 0.026260
11 0.286000 0.544000 0.048000 0.032000
11 0.272000 0.313000 0.040000 0.042000
11 0.631000 0.946000 0.042000 0.032000
11 0.291000 0.473250 0.050000 0.022500
11 0.289000 0.445000 0.042000 0.030000
11 0.735000 0.952000 0.038000 0.028000
11 0.831630 0.626500 0.031260 0.045000
11 0.825000 0.594000 0.034000 0.040000
11 0.839000 0.746000 0.050000 0.032000
11 0.842000 0.703000 0.028000 0.046000
11 0.633000 0.989000 0.038000 0.018000
2 0.307000 0.185000 0.414000 0.366000
11 0.398000 0.629000 0.040000 0.026000
11 0.396000 0.574000 0.048000 0.028000
11 0.453000 0.520000 0.018000 0.040000
11 0.396000 0.603000 0.044000 0.022000
11 0.661000 0.384000 0.038000 0.040000
11 0.807000 0.529000 0.042000 0.042000
11 0.685000 0.976000 0.046000 0.044000
2 0.617500 0.209880 0.315000 0.283760
11 0.498500 0.230250 0.037000 0.056500
6 0.036130 0.293630 0.056260 0.111260
7 0.008000 0.286000 0.016000 0.060000
11 0.895000 0.700000 0.022000 0.040000
2 0.842000 0.439000 0.316000 0.354000
11 0.403880 0.488500 0.043760 0.025000
11 0.051500 0.219130 0.035000 0.046260
11 0.733880 0.449750 0.043760 0.047500
7 0.792250 0.488250 0.052500 0.052500
