2 0.913000 0.198000 0.162000 0.152000
7 0.754000 0.434000 0.036000 0.060000
3 0.798000 0.239000 0.116000 0.046000
11 0.352000 0.246000 0.052000 0.044000
3 0.432000 0.187000 0.088000 0.118000
11 0.542000 0.666000 0.032000 0.036000
11 0.410000 0.763000 0.048000 0.046000
11 0.719000 0.535000 0.042000 0.046000
7 0.647000 0.321000 0.054000 0.046000
11 0.612000 0.612000 0.032000 0.032000
11 0.134000 0.439000 0.032000 0.038000
11 0.649000 0.587000 0.042000 0.038000
3 0.268000 0.302000 0.088000 0.080000
11 0.166000 0.395000 0.036000 0.042000
3 0.212000 0.165000 0.064000 0.086000
11 0.154000 0.516000 0.036000 0.032000
11 0.370000 0.786000 0.040000 0.036000
3 0.820000 0.657000 0.088000 0.046000
11 0.577000 0.638000 0.038000 0.036000
11 0.335000 0.816000 0.038000 0.040000
11 0.783000 0.183000 0.022000 0.038000
11 0.232000 0.237000 0.028000 0.046000
2 0.311000 0.510880 0.214000 0.257760
11 0.239000 0.395000 0.034000 0.046000
11 0.298000 0.841000 0.044000 0.038000
11 0.948000 0.604000 0.036000 0.032000
11 0.752000 0.490000 0.032000 0.044000
2 0.397000 0.959000 0.106000 0.078000
11 0.263000 0.871000 0.046000 0.042000
3 0.695000 0.313000 0.050000 0.118000
2 0.903000 0.035000 0.134000 0.070000
3 0.950000 0.354000 0.052000 0.156000
11 0.779000 0.823000 0.030000 0.054000
11 0.758000 0.923000 0.020000 0.050000
2 0.661000 0.832000 0.174000 0.332000
11 0.793000 0.043000 0.030000 0.054000
11 0.751000 0.975000 0.022000 0.046000
11 0.023000 0.599000 0.030000 0.034000
2 0.068700 0.876190 0.137400 0.244380
11 0.010000 0.724000 0.020000 0.032000
11 0.989000 0.374000 0.018000 0.028000
11 0.219000 0.319000 0.034000 0.042000
11 0.768000 0.874000 0.020000 0.056000
11 0.763000 0.040000 0.026000 0.040000
7 0.982000 0.333000 0.032000 0.030000
2 0.168000 0.032000 0.332000 0.064000
11 0.978000 0.302000 0.040000 0.032000
11 0.851000 0.725000 0.026000 0.046000
2 0.519410 0.445860 0.246820 0.223720
2 0.179590 0.703570 0.243180 0.271140
