11 0.374000 0.504000 0.040000 0.028000
3 0.851000 0.553000 0.074000 0.050000
3 0.495000 0.661000 0.102000 0.074000
2 0.786000 0.791000 0.424000 0.214000
11 0.930000 0.479000 0.048000 0.034000
11 0.122000 0.344000 0.028000 0.040000
3 0.138000 0.136000 0.084000 0.056000
11 0.065000 0.250000 0.026000 0.052000
11 0.033000 0.055000 0.030000 0.046000
2 0.218000 0.705740 0.436000 0.455480
11 0.926000 0.214000 0.028000 0.052000
11 0.043000 0.309000 0.030000 0.046000
11 0.426000 0.487000 0.020000 0.050000
3 0.082000 0.028000 0.036000 0.056000
3 0.114000 0.452000 0.044000 0.068000
3 0.968000 0.135000 0.060000 0.054000
11 0.476000 0.494000 0.024000 0.056000
11 0.524000 0.501000 0.024000 0.042000
11 0.077000 0.207000 0.026000 0.046000
11 0.133000 0.289000 0.022000 0.034000
7 0.450000 0.496000 0.024000 0.060000
11 0.353000 0.461000 0.018000 0.050000
2 0.285000 0.231000 0.274000 0.462000
11 0.545000 0.504000 0.018000 0.036000
11 0.158000 0.983000 0.044000 0.022000
11 0.746000 0.665000 0.060000 0.038000
3 0.609000 0.601000 0.046000 0.082000
2 0.784000 0.971000 0.136000 0.054000
2 0.807000 0.300000 0.274000 0.600000
