7 0.836000 0.242500 0.060000 0.069000
11 0.979500 0.256000 0.039000 0.044000
2 0.678000 0.073000 0.216000 0.146000
11 0.762000 0.927000 0.048000 0.046000
11 0.696000 0.895000 0.052000 0.058000
7 0.718850 0.563500 0.057700 0.063000
11 0.154000 0.265000 0.048000 0.046000
11 0.076000 0.198000 0.044000 0.044000
11 0.635000 0.673000 0.046000 0.054000
3 0.515000 0.551500 0.170000 0.183000
3 0.307150 0.599580 0.082300 0.091160
2 0.112000 0.720000 0.224000 0.256000
2 0.434500 0.261000 0.265000 0.278000
2 0.105500 0.069000 0.183000 0.130000
2 0.275000 0.175000 0.126000 0.162000
3 0.393690 0.504460 0.095380 0.096920
7 0.804380 0.162990 0.064760 0.093980
