2 0.934000 0.310000 0.128000 0.132000
2 0.931000 0.500000 0.134000 0.164000
3 0.754000 0.322000 0.140000 0.052000
11 0.712000 0.139000 0.028000 0.050000
11 0.921000 0.147000 0.046000 0.034000
11 0.756000 0.952000 0.032000 0.056000
11 0.328000 0.385000 0.052000 0.034000
11 0.215000 0.277000 0.030000 0.046000
11 0.378000 0.395000 0.044000 0.034000
3 0.665000 0.446000 0.046000 0.108000
3 0.740000 0.529000 0.128000 0.050000
11 0.814000 0.641000 0.028000 0.050000
11 0.519000 0.432000 0.050000 0.032000
11 0.842000 0.842000 0.028000 0.048000
11 0.627000 0.578000 0.050000 0.036000
11 0.427000 0.409000 0.050000 0.038000
11 0.822000 0.698000 0.028000 0.048000
3 0.873000 0.158000 0.046000 0.100000
11 0.705000 0.186000 0.030000 0.044000
2 0.959000 0.788000 0.078000 0.124000
11 0.721000 0.088000 0.026000 0.048000
11 0.814000 0.594000 0.028000 0.040000
11 0.726000 0.753000 0.028000 0.046000
11 0.627000 0.672000 0.050000 0.032000
11 0.749000 0.902000 0.026000 0.048000
11 0.851000 0.908000 0.030000 0.052000
11 0.260000 0.292000 0.028000 0.052000
11 0.814000 0.269000 0.028000 0.046000
11 0.512000 0.708000 0.040000 0.028000
11 0.730000 0.041000 0.028000 0.046000
11 0.742000 0.853000 0.024000 0.050000
2 0.417000 0.820000 0.258000 0.208000
11 0.848000 0.098000 0.024000 0.040000
11 0.856000 0.051000 0.028000 0.046000
11 0.828000 0.744000 0.028000 0.048000
11 0.717000 0.663000 0.026000 0.050000
11 0.736000 0.802000 0.028000 0.052000
11 0.835000 0.786000 0.022000 0.036000
11 0.119000 0.252000 0.022000 0.040000
2 0.281000 0.558000 0.274000 0.272000
11 0.146000 0.257000 0.020000 0.038000
11 0.067000 0.245000 0.022000 0.042000
11 0.722000 0.707000 0.028000 0.046000
11 0.312000 0.306000 0.024000 0.040000
11 0.523000 0.664000 0.046000 0.032000
11 0.026000 0.231000 0.020000 0.046000
11 0.095000 0.246000 0.026000 0.044000
2 0.971000 0.941000 0.054000 0.114000
2 0.959000 0.087000 0.078000 0.174000
11 0.356000 0.310000 0.024000 0.040000
11 0.867000 0.987000 0.042000 0.022000
11 0.474000 0.419000 0.036000 0.030000
11 0.746000 0.469000 0.032000 0.046000
