2 0.561000 0.668000 0.142000 0.124000
2 0.292000 0.207000 0.108000 0.126000
2 0.929000 0.793000 0.138000 0.154000
2 0.442000 0.242000 0.108000 0.112000
2 0.503000 0.538000 0.110000 0.088000
2 0.622000 0.057000 0.144000 0.114000
2 0.090000 0.064000 0.176000 0.128000
3 0.732000 0.799000 0.088000 0.074000
11 0.121000 0.652000 0.058000 0.036000
2 0.093000 0.457000 0.130000 0.138000
2 0.915000 0.406000 0.102000 0.116000
2 0.309000 0.505000 0.126000 0.110000
11 0.392000 0.071000 0.048000 0.038000
11 0.445000 0.089000 0.058000 0.038000
11 0.733000 0.202000 0.050000 0.032000
11 0.915000 0.274000 0.054000 0.040000
11 0.423000 0.716000 0.050000 0.036000
11 0.132000 0.603000 0.048000 0.034000
11 0.594000 0.151000 0.056000 0.042000
2 0.543000 0.296000 0.126000 0.132000
11 0.946000 0.543000 0.040000 0.050000
11 0.292000 0.078000 0.044000 0.036000
11 0.687000 0.184000 0.042000 0.036000
11 0.805000 0.229000 0.046000 0.042000
11 0.849000 0.245000 0.050000 0.042000
11 0.255000 0.017000 0.050000 0.034000
11 0.615000 0.842000 0.038000 0.036000
11 0.640000 0.168000 0.052000 0.036000
2 0.768000 0.063000 0.128000 0.126000
11 0.036000 0.924000 0.048000 0.028000
11 0.480000 0.153000 0.040000 0.026000
2 0.333000 0.924000 0.190000 0.148000
11 0.911000 0.594000 0.026000 0.032000
2 0.243000 0.378000 0.142000 0.108000
11 0.978000 0.982000 0.040000 0.032000
2 0.904000 0.083000 0.144000 0.138000
11 0.254000 0.707000 0.036000 0.026000
2 0.710000 0.554000 0.116000 0.084000
11 0.335000 0.684000 0.038000 0.028000
11 0.049000 0.966000 0.042000 0.028000
11 0.017000 0.858000 0.034000 0.024000
11 0.313000 0.040000 0.034000 0.032000
11 0.014000 0.991000 0.028000 0.014000
2 0.421000 0.489000 0.114000 0.122000
2 0.743000 0.517000 0.190000 0.166000
11 0.717000 0.909000 0.038000 0.050000
11 0.017000 0.834000 0.034000 0.024000
2 0.556460 0.457690 0.156920 0.115380
2 0.099850 0.177850 0.127700 0.127700
