2 0.225000 0.360000 0.150000 0.200000
2 0.682000 0.891000 0.116000 0.126000
2 0.807000 0.671000 0.106000 0.130000
2 0.190000 0.097000 0.232000 0.194000
2 0.518000 0.035000 0.136000 0.070000
2 0.412000 0.238000 0.240000 0.232000
2 0.458000 0.560000 0.164000 0.176000
2 0.925000 0.911000 0.146000 0.174000
11 0.657000 0.283000 0.046000 0.042000
2 0.596000 0.444000 0.148000 0.228000
11 0.309000 0.426000 0.042000 0.036000
11 0.682000 0.172000 0.044000 0.040000
2 0.744000 0.050000 0.212000 0.100000
11 0.814000 0.284000 0.036000 0.044000
3 0.176000 0.478000 0.080000 0.060000
11 0.867000 0.502000 0.042000 0.032000
3 0.163000 0.570000 0.058000 0.088000
3 0.229000 0.587000 0.074000 0.066000
7 0.073000 0.305000 0.038000 0.050000
11 0.884000 0.384000 0.036000 0.048000
7 0.032000 0.099000 0.048000 0.070000
11 0.368000 0.841000 0.036000 0.046000
11 0.763000 0.123000 0.038000 0.038000
2 0.039000 0.377000 0.078000 0.094000
2 0.035000 0.957000 0.070000 0.082000
11 0.052000 0.251000 0.036000 0.046000
11 0.264000 0.622000 0.036000 0.052000
11 0.955000 0.539000 0.034000 0.050000
11 0.431000 0.975000 0.034000 0.046000
11 0.905920 0.375340 0.035840 0.054680
11 0.922500 0.359630 0.037000 0.047260
11 0.944000 0.347000 0.036000 0.046000
2 0.525000 0.964000 0.122000 0.068000
11 0.120000 0.408000 0.032000 0.044000
11 0.290000 0.677000 0.020000 0.022000
11 0.304000 0.714000 0.024000 0.032000
11 0.950000 0.397000 0.032000 0.042000
2 0.202000 0.802000 0.144000 0.116000
11 0.345720 0.802440 0.027440 0.040880
11 0.326000 0.753000 0.028000 0.046000
2 0.427000 0.782000 0.134000 0.140000
11 0.781000 0.207000 0.054000 0.042000
11 0.987000 0.511000 0.022000 0.042000
2 0.029000 0.469000 0.058000 0.106000
11 0.096940 0.360840 0.033880 0.041680
11 0.118000 0.345000 0.036000 0.058000
2 0.934000 0.224000 0.128000 0.212000
2 0.013000 0.285000 0.026000 0.110000
2 0.559000 0.677000 0.082000 0.090000
3 0.247530 0.516750 0.051060 0.085500
