2 0.795000 0.226000 0.166000 0.124000
2 0.807000 0.480000 0.114000 0.128000
2 0.832000 0.092000 0.148000 0.184000
7 0.272000 0.255000 0.056000 0.074000
2 0.332000 0.706000 0.408000 0.428000
7 0.080000 0.795000 0.048000 0.054000
3 0.695000 0.765000 0.070000 0.078000
11 0.187000 0.147000 0.042000 0.050000
11 0.795000 0.841000 0.046000 0.046000
11 0.942000 0.622000 0.024000 0.052000
11 0.881000 0.747000 0.022000 0.042000
7 0.025000 0.811000 0.046000 0.050000
11 0.930000 0.770000 0.028000 0.052000
11 0.132000 0.930000 0.036000 0.036000
11 0.247000 0.142000 0.038000 0.040000
2 0.075000 0.340000 0.150000 0.348000
11 0.583000 0.583000 0.038000 0.046000
11 0.144000 0.089000 0.044000 0.050000
11 0.890000 0.538000 0.024000 0.040000
11 0.955000 0.376000 0.022000 0.052000
2 0.969000 0.954000 0.058000 0.088000
11 0.044000 0.756000 0.024000 0.024000
2 0.973000 0.851000 0.050000 0.130000
3 0.623000 0.753000 0.074000 0.074000
11 0.904000 0.978000 0.040000 0.040000
2 0.747000 0.677060 0.218000 0.290120
2 0.985000 0.356000 0.026000 0.148000
2 0.614000 0.927540 0.220000 0.143080
11 0.707000 0.835000 0.026000 0.022000
2 0.989000 0.628000 0.018000 0.092000
2 0.644000 0.010000 0.116000 0.020000
2 0.642620 0.482310 0.189240 0.204620
2 0.379850 0.152920 0.247700 0.153840
2 0.261380 0.064620 0.170760 0.129240
7 0.476770 0.893380 0.061540 0.050760
2 0.828460 0.361540 0.116920 0.143080
2 0.499540 0.328620 0.283080 0.309240
3 0.874050 0.910800 0.096100 0.117600
