2 0.064000 0.112000 0.128000 0.224000
2 0.874000 0.310000 0.248000 0.276000
2 0.181000 0.289000 0.358000 0.218000
2 0.961000 0.543000 0.074000 0.162000
11 0.935000 0.708000 0.046000 0.036000
11 0.084000 0.513000 0.040000 0.026000
11 0.133000 0.524000 0.050000 0.032000
7 0.918000 0.059000 0.060000 0.038000
11 0.189000 0.538000 0.050000 0.024000
11 0.265000 0.105000 0.018000 0.046000
11 0.982000 0.719000 0.032000 0.034000
11 0.775000 0.668000 0.042000 0.024000
11 0.972000 0.032000 0.028000 0.048000
11 0.163000 0.094000 0.022000 0.048000
11 0.338000 0.100000 0.020000 0.036000
11 0.219000 0.105000 0.026000 0.046000
11 0.319000 0.008000 0.046000 0.016000
11 0.361000 0.431000 0.062000 0.038000
11 0.290000 0.107000 0.020000 0.042000
2 0.966000 0.860000 0.064000 0.220000
