2 0.938000 0.820000 0.120000 0.356000
2 0.348000 0.223000 0.112000 0.162000
3 0.191000 0.147000 0.182000 0.050000
2 0.733000 0.068000 0.506000 0.136000
2 0.968000 0.426000 0.060000 0.164000
11 0.323000 0.400000 0.042000 0.048000
3 0.053000 0.049000 0.042000 0.086000
2 0.493000 0.341000 0.142000 0.162000
11 0.960000 0.168000 0.052000 0.036000
11 0.455000 0.089000 0.042000 0.030000
3 0.871000 0.189000 0.050000 0.078000
2 0.617000 0.278000 0.126000 0.140000
3 0.220000 0.017000 0.092000 0.034000
11 0.417000 0.975000 0.038000 0.046000
2 0.160000 0.688000 0.320000 0.620000
11 0.914640 0.387880 0.029280 0.055760
11 0.906000 0.341000 0.020000 0.042000
2 0.668000 0.491000 0.228000 0.286000
11 0.481000 0.976000 0.046000 0.036000
11 0.545000 0.500000 0.038000 0.024000
