2 0.813000 0.585000 0.370000 0.282000
11 0.891000 0.091000 0.042000 0.034000
11 0.175000 0.589000 0.026000 0.042000
11 0.723000 0.126000 0.042000 0.036000
11 0.133000 0.900000 0.030000 0.052000
11 0.160000 0.636000 0.036000 0.052000
11 0.748000 0.047000 0.056000 0.046000
11 0.961000 0.115000 0.046000 0.038000
11 0.129000 0.723000 0.030000 0.042000
11 0.112000 0.769000 0.032000 0.050000
11 0.165000 0.797000 0.030000 0.050000
11 0.150000 0.851000 0.028000 0.054000
11 0.847000 0.929000 0.038000 0.046000
11 0.072000 0.875000 0.028000 0.046000
11 0.091000 0.825000 0.026000 0.050000
6 0.212000 0.017000 0.156000 0.034000
11 0.399000 0.025000 0.042000 0.034000
11 0.143000 0.680000 0.030000 0.048000
11 0.797000 0.153000 0.050000 0.038000
11 0.846000 0.372000 0.036000 0.024000
11 0.712000 0.424000 0.028000 0.044000
11 0.805000 0.696000 0.046000 0.032000
11 0.927000 0.194000 0.042000 0.040000
11 0.234000 0.607000 0.024000 0.042000
7 0.980000 0.215000 0.036000 0.042000
11 0.823000 0.980000 0.038000 0.036000
2 0.312240 0.329710 0.424480 0.199420
11 0.992000 0.133000 0.012000 0.038000
11 0.008000 0.989000 0.016000 0.018000
11 0.182000 0.741000 0.024000 0.042000
