2 0.311000 0.295000 0.206000 0.198000
2 0.834000 0.695000 0.208000 0.198000
2 0.487000 0.430000 0.218000 0.220000
2 0.170000 0.664000 0.200000 0.172000
2 0.582000 0.200000 0.112000 0.144000
3 0.626000 0.770000 0.116000 0.080000
2 0.123000 0.155000 0.246000 0.230000
2 0.818000 0.056000 0.140000 0.112000
2 0.468000 0.046000 0.388000 0.092000
2 0.782000 0.293000 0.168000 0.378000
3 0.612000 0.670000 0.096000 0.092000
3 0.467000 0.659000 0.130000 0.078000
2 0.111000 0.927000 0.222000 0.142000
11 0.386000 0.635000 0.044000 0.042000
11 0.631000 0.420000 0.022000 0.044000
3 0.483000 0.747000 0.134000 0.098000
11 0.610000 0.577000 0.020000 0.046000
2 0.959000 0.558000 0.078000 0.152000
11 0.839000 0.971000 0.042000 0.038000
11 0.378000 0.752000 0.044000 0.024000
11 0.347000 0.811000 0.046000 0.022000
2 0.950000 0.301000 0.096000 0.094000
11 0.879000 0.989000 0.046000 0.018000
11 0.617000 0.516000 0.022000 0.040000
2 0.318000 0.917000 0.204000 0.162000
11 0.288860 0.766740 0.041720 0.025480
11 0.032210 0.793980 0.044420 0.027960
2 0.065050 0.555870 0.130100 0.179740
2 0.459720 0.907860 0.103440 0.119720
