2 0.929000 0.068000 0.138000 0.136000
7 0.752000 0.682000 0.060000 0.040000
2 0.284000 0.180000 0.560000 0.348000
11 0.589000 0.627000 0.050000 0.042000
2 0.850000 0.420000 0.296000 0.392000
11 0.939000 0.811000 0.038000 0.042000
11 0.458000 0.890000 0.020000 0.040000
2 0.684000 0.922000 0.196000 0.152000
11 0.282000 0.921000 0.020000 0.038000
7 0.984000 0.930000 0.028000 0.056000
11 0.388000 0.909000 0.024000 0.042000
11 0.336000 0.844000 0.040000 0.024000
11 0.974000 0.879000 0.024000 0.038000
11 0.362000 0.913000 0.024000 0.042000
3 0.987000 0.736000 0.022000 0.056000
2 0.063000 0.574000 0.126000 0.212000
2 0.363000 0.633000 0.114000 0.138000
2 0.182250 0.629880 0.152500 0.123760
