11 0.459500 0.716000 0.047000 0.028000
11 0.463030 0.694300 0.054060 0.028600
11 0.693420 0.600100 0.050840 0.040200
11 0.971930 0.264950 0.043860 0.037900
11 0.783430 0.549860 0.042860 0.031720
11 0.463040 0.640660 0.058080 0.025320
2 0.574000 0.911000 0.360000 0.174000
2 0.164000 0.877000 0.172000 0.098000
2 0.155000 0.779000 0.102000 0.090000
2 0.179000 0.503000 0.102000 0.110000
2 0.356000 0.580000 0.112000 0.144000
7 0.203000 0.399000 0.058000 0.038000
2 0.804000 0.620000 0.120000 0.120000
2 0.166000 0.670000 0.116000 0.140000
4 0.315000 0.135000 0.626000 0.270000
11 0.263000 0.413000 0.046000 0.038000
11 0.462000 0.564000 0.052000 0.028000
11 0.939000 0.329000 0.054000 0.038000
11 0.693000 0.730000 0.046000 0.028000
11 0.697000 0.638000 0.046000 0.028000
11 0.009000 0.611000 0.018000 0.046000
11 0.019000 0.434000 0.030000 0.044000
11 0.689000 0.524000 0.046000 0.032000
11 0.457000 0.614000 0.046000 0.028000
11 0.467000 0.532000 0.050000 0.028000
11 0.962000 0.287000 0.048000 0.034000
3 0.037000 0.389000 0.062000 0.058000
7 0.796000 0.772000 0.028000 0.056000
11 0.013000 0.552000 0.026000 0.052000
11 0.021000 0.855000 0.026000 0.046000
11 0.462000 0.670000 0.052000 0.028000
11 0.015000 0.949000 0.026000 0.046000
2 0.938000 0.017000 0.120000 0.034000
11 0.638000 0.587000 0.020000 0.046000
2 0.888000 0.864000 0.220000 0.268000
11 0.826000 0.253000 0.032000 0.046000
7 0.830000 0.779000 0.032000 0.050000
11 0.777000 0.522000 0.046000 0.028000
11 0.735000 0.538000 0.038000 0.024000
