2 0.814000 0.897000 0.176000 0.186000
2 0.659000 0.789000 0.134000 0.134000
2 0.195000 0.642000 0.118000 0.196000
2 0.363000 0.104000 0.246000 0.176000
2 0.682000 0.656000 0.144000 0.148000
2 0.843000 0.148000 0.162000 0.196000
2 0.405000 0.906000 0.090000 0.084000
2 0.369000 0.345000 0.278000 0.174000
2 0.440000 0.791000 0.092000 0.074000
2 0.043000 0.093000 0.086000 0.066000
2 0.959000 0.576000 0.078000 0.096000
7 0.858000 0.642000 0.036000 0.052000
11 0.820000 0.731000 0.032000 0.046000
2 0.576000 0.525000 0.088000 0.114000
2 0.175000 0.334000 0.098000 0.128000
2 0.608000 0.093000 0.124000 0.130000
11 0.842000 0.689000 0.028000 0.046000
11 0.758000 0.074000 0.028000 0.044000
11 0.950000 0.402000 0.032000 0.052000
7 0.686000 0.086000 0.032000 0.052000
2 0.543000 0.971000 0.170000 0.054000
2 0.192000 0.948000 0.088000 0.100000
2 0.957000 0.834000 0.082000 0.144000
2 0.523000 0.652000 0.118000 0.156000
2 0.071000 0.455000 0.142000 0.494000
11 0.550000 0.232000 0.048000 0.028000
11 0.892000 0.545000 0.028000 0.046000
2 0.964000 0.449000 0.068000 0.118000
11 0.765000 0.632000 0.042000 0.032000
11 0.994000 0.261000 0.008000 0.046000
11 0.933000 0.202000 0.042000 0.032000
2 0.121000 0.113000 0.086000 0.070000
