2 0.897000 0.197000 0.202000 0.178000
2 0.675000 0.202000 0.250000 0.196000
2 0.237000 0.762000 0.474000 0.176000
7 0.865000 0.874000 0.054000 0.076000
11 0.980000 0.671000 0.036000 0.046000
11 0.761000 0.310000 0.050000 0.020000
2 0.213000 0.546000 0.158000 0.284000
2 0.267000 0.116000 0.246000 0.084000
2 0.510000 0.450000 0.284000 0.180000
2 0.101000 0.957000 0.202000 0.082000
2 0.284000 0.978000 0.152000 0.040000
2 0.483000 0.266000 0.134000 0.096000
2 0.959000 0.445000 0.078000 0.182000
2 0.323000 0.039000 0.278000 0.078000
2 0.457000 0.973000 0.178000 0.050000
11 0.992000 0.723000 0.012000 0.042000
2 0.035000 0.054000 0.070000 0.108000
2 0.272000 0.263000 0.288000 0.166000
2 0.826000 0.396000 0.180000 0.108000
2 0.747000 0.813000 0.346000 0.370000
