7 0.099000 0.879000 0.058000 0.038000
2 0.518000 0.582000 0.196000 0.156000
7 0.246000 0.410000 0.048000 0.040000
2 0.367000 0.064000 0.302000 0.128000
2 0.913000 0.910000 0.170000 0.176000
11 0.017000 0.830000 0.034000 0.032000
2 0.284000 0.818000 0.180000 0.212000
2 0.846000 0.134000 0.304000 0.268000
2 0.112000 0.713000 0.224000 0.306000
2 0.938000 0.594000 0.120000 0.468000
2 0.691000 0.797000 0.330000 0.402000
2 0.715000 0.431000 0.430000 0.350000
2 0.245080 0.551690 0.202160 0.203380
2 0.450380 0.900380 0.188760 0.160760
2 0.181250 0.257510 0.198500 0.179020
2 0.496120 0.212110 0.180240 0.124220
2 0.419950 0.328900 0.183900 0.149800
2 0.061500 0.160740 0.123000 0.265480
2 0.087070 0.465770 0.174140 0.187540
2 0.390460 0.532980 0.116920 0.133960
