11 0.823860 0.351290 0.027720 0.054580
11 0.850300 0.349260 0.024600 0.050520
11 0.666510 0.093820 0.045020 0.023640
11 0.663160 0.065340 0.050320 0.030680
11 0.666040 0.117690 0.044080 0.027380
11 0.662490 0.190960 0.048980 0.025920
11 0.669790 0.143060 0.047580 0.026120
2 0.856370 0.473050 0.024740 0.050100
2 0.908140 0.467710 0.024280 0.055420
2 0.807000 0.477600 0.026000 0.051200
2 0.763000 0.619000 0.470000 0.202000
11 0.936320 0.473600 0.028640 0.051200
11 0.781370 0.472240 0.022740 0.044480
11 0.757210 0.478950 0.022420 0.057900
11 0.799990 0.351370 0.023980 0.046740
11 0.732700 0.475860 0.025400 0.055720
11 0.962650 0.478400 0.021300 0.044800
11 0.608000 0.131000 0.052000 0.034000
2 0.875000 0.156000 0.222000 0.312000
3 0.497000 0.809000 0.094000 0.066000
11 0.613000 0.080000 0.042000 0.032000
11 0.446000 0.083000 0.028000 0.050000
11 0.610000 0.237000 0.048000 0.030000
11 0.500000 0.212000 0.044000 0.024000
11 0.502000 0.159000 0.052000 0.030000
11 0.951000 0.354000 0.022000 0.044000
11 0.661000 0.035000 0.046000 0.030000
11 0.446000 0.197000 0.028000 0.050000
11 0.332000 0.148000 0.036000 0.028000
11 0.499000 0.242000 0.046000 0.024000
11 0.900000 0.352000 0.024000 0.044000
11 0.668000 0.162000 0.040000 0.024000
11 0.446000 0.137000 0.028000 0.050000
11 0.874000 0.353000 0.020000 0.042000
11 0.883000 0.474000 0.026000 0.052000
11 0.661000 0.240000 0.046000 0.024000
11 0.766000 0.026000 0.024000 0.024000
11 0.764000 0.111000 0.028000 0.022000
11 0.663000 0.010000 0.042000 0.020000
3 0.980000 0.413000 0.036000 0.066000
11 0.446000 0.014000 0.032000 0.028000
11 0.765000 0.137000 0.022000 0.022000
11 0.444000 0.253000 0.024000 0.046000
2 0.274000 0.035000 0.160000 0.070000
11 0.661000 0.217000 0.046000 0.022000
