2 0.125000 0.065000 0.178000 0.130000
11 0.476000 0.487000 0.028000 0.054000
7 0.403000 0.585000 0.030000 0.062000
7 0.355000 0.218000 0.038000 0.064000
7 0.603000 0.761000 0.042000 0.070000
11 0.490000 0.834000 0.028000 0.060000
11 0.368000 0.117000 0.024000 0.050000
11 0.408000 0.144000 0.028000 0.052000
11 0.476000 0.345000 0.028000 0.054000
11 0.629000 0.721000 0.026000 0.054000
11 0.614000 0.866000 0.028000 0.060000
11 0.468000 0.139000 0.020000 0.050000
11 0.604000 0.816000 0.024000 0.040000
2 0.857000 0.743000 0.282000 0.430000
11 0.504000 0.312000 0.028000 0.048000
11 0.492000 0.266000 0.024000 0.040000
11 0.300000 0.054000 0.028000 0.040000
2 0.178000 0.660630 0.356000 0.673260
11 0.444000 0.537000 0.024000 0.046000
11 0.351000 0.017000 0.034000 0.034000
11 0.610000 0.975000 0.028000 0.046000
2 0.774000 0.265000 0.452000 0.530000
11 0.590000 0.310000 0.032000 0.048000
7 0.400280 0.273560 0.040560 0.071120
11 0.286000 0.010000 0.032000 0.020000
2 0.156310 0.226220 0.180620 0.220440
11 0.453000 0.006000 0.038000 0.012000
11 0.316000 0.155000 0.024000 0.050000
11 0.520000 0.978000 0.024000 0.040000
11 0.335000 0.522000 0.018000 0.036000
7 0.626000 0.932490 0.032000 0.068980
6 0.594270 0.478150 0.052540 0.124300
