2 0.151000 0.308000 0.190000 0.168000
7 0.859130 0.469880 0.066260 0.043760
7 0.865000 0.425000 0.066000 0.046000
6 0.576000 0.285000 0.088000 0.066000
11 0.919000 0.633000 0.042000 0.038000
6 0.492000 0.712000 0.052000 0.092000
11 0.596000 0.469000 0.036000 0.046000
11 0.713000 0.538000 0.046000 0.032000
11 0.279000 0.116000 0.046000 0.040000
11 0.093000 0.074000 0.050000 0.044000
11 0.436000 0.174000 0.040000 0.036000
11 0.101000 0.024000 0.054000 0.044000
11 0.198000 0.127000 0.052000 0.046000
7 0.541000 0.592000 0.038000 0.064000
11 0.761000 0.559000 0.042000 0.030000
11 0.747000 0.410000 0.050000 0.040000
11 0.574000 0.515000 0.028000 0.042000
3 0.626000 0.362000 0.172000 0.116000
2 0.265000 0.512000 0.338000 0.372000
2 0.943000 0.131000 0.110000 0.258000
11 0.361000 0.209000 0.050000 0.042000
7 0.733250 0.223000 0.042500 0.070000
7 0.756500 0.229630 0.045000 0.071260
7 0.781750 0.236870 0.043500 0.069740
6 0.275000 0.168000 0.090000 0.064000
11 0.823000 0.518000 0.030000 0.044000
6 0.742000 0.276000 0.108000 0.060000
7 0.440000 0.126000 0.064000 0.044000
7 0.982000 0.504000 0.032000 0.056000
7 0.945000 0.591000 0.070000 0.046000
11 0.760000 0.485000 0.032000 0.046000
2 0.709000 0.779000 0.374000 0.438000
7 0.805250 0.247630 0.042500 0.071260
7 0.938000 0.342620 0.060000 0.041240
7 0.803000 0.441000 0.070000 0.050000
7 0.731130 0.164630 0.066260 0.041260
7 0.737130 0.143880 0.066260 0.043760
11 0.411000 0.234630 0.050000 0.041260
11 0.459000 0.260630 0.050000 0.041260
