2 0.227000 0.717000 0.110000 0.122000
2 0.742000 0.789000 0.144000 0.126000
2 0.400000 0.696000 0.084000 0.108000
2 0.257630 0.931380 0.091260 0.118760
7 0.246000 0.857000 0.076000 0.042000
2 0.350000 0.930000 0.108000 0.120000
2 0.173000 0.943000 0.110000 0.110000
11 0.627000 0.871000 0.050000 0.042000
7 0.957000 0.195000 0.074000 0.058000
11 0.362000 0.770000 0.044000 0.032000
2 0.502000 0.591000 0.116000 0.102000
11 0.366000 0.826000 0.044000 0.032000
11 0.705000 0.923000 0.042000 0.042000
2 0.929000 0.883000 0.138000 0.130000
11 0.102000 0.890000 0.040000 0.032000
11 0.476000 0.337000 0.048000 0.042000
11 0.520000 0.664000 0.032000 0.052000
6 0.883000 0.112000 0.082000 0.060000
2 0.668000 0.975000 0.116000 0.046000
11 0.136000 0.717000 0.028000 0.046000
11 0.053000 0.901000 0.050000 0.038000
2 0.101000 0.620000 0.098000 0.120000
2 0.925000 0.729000 0.122000 0.134000
7 0.747000 0.118000 0.070000 0.052000
11 0.482000 0.671000 0.028000 0.046000
2 0.291000 0.304870 0.582000 0.561740
2 0.643000 0.672000 0.158000 0.208000
2 0.442380 0.908250 0.108760 0.152500
11 0.418000 0.809000 0.036000 0.030000
6 0.611690 0.329230 0.115380 0.078460
6 0.725690 0.378920 0.095380 0.073840
11 0.553130 0.822630 0.046260 0.041260
