2 0.135850 0.675710 0.139700 0.151420
11 0.190000 0.711000 0.036000 0.034000
11 0.916000 0.746000 0.044000 0.040000
11 0.823000 0.854000 0.046000 0.044000
11 0.210000 0.730000 0.028000 0.036000
11 0.864000 0.804000 0.044000 0.036000
11 0.902000 0.765000 0.044000 0.042000
7 0.940000 0.607000 0.060000 0.062000
2 0.312000 0.927000 0.344000 0.142000
2 0.576000 0.399000 0.216000 0.214000
2 0.556000 0.797000 0.208000 0.186000
2 0.767000 0.472000 0.106000 0.120000
2 0.239910 0.540130 0.127820 0.132260
2 0.935000 0.249000 0.130000 0.178000
2 0.893180 0.053160 0.162360 0.106320
2 0.493880 0.069160 0.191760 0.138320
2 0.636120 0.132060 0.112240 0.112120
2 0.079250 0.344320 0.074500 0.088640
2 0.130740 0.382330 0.097480 0.104660
2 0.780570 0.630810 0.137140 0.141620
2 0.039110 0.799950 0.078220 0.115900
2 0.090590 0.172520 0.113180 0.109040
2 0.280040 0.278890 0.128080 0.149780
2 0.231020 0.212080 0.078040 0.104160
2 0.475880 0.657710 0.175760 0.163420
