2 0.470000 0.661000 0.196000 0.150000
2 0.680000 0.768000 0.184000 0.168000
7 0.508000 0.269000 0.064000 0.046000
2 0.924000 0.179000 0.148000 0.254000
2 0.821000 0.955000 0.126000 0.086000
2 0.624000 0.346000 0.168000 0.172000
11 0.243000 0.677000 0.038000 0.034000
2 0.290000 0.164000 0.104000 0.104000
2 0.245000 0.024000 0.158000 0.048000
2 0.300770 0.861540 0.181540 0.183080
2 0.031540 0.581230 0.063080 0.118460
2 0.143690 0.729080 0.175380 0.186160
12 0.250000 0.960000 0.112000 0.080000
12 0.077260 0.809900 0.118520 0.091800
2 0.221590 0.483210 0.391180 0.338420
