2 0.077000 0.767000 0.118000 0.102000
2 0.707000 0.744000 0.582000 0.268000
2 0.032000 0.504000 0.064000 0.112000
2 0.050000 0.955000 0.100000 0.086000
11 0.650000 0.557000 0.024000 0.042000
11 0.559000 0.552000 0.018000 0.040000
11 0.807000 0.589000 0.022000 0.042000
11 0.008000 0.590000 0.016000 0.032000
2 0.265000 0.804000 0.066000 0.112000
11 0.014000 0.675000 0.020000 0.038000
2 0.144000 0.621000 0.124000 0.098000
11 0.004000 0.770000 0.008000 0.040000
2 0.118000 0.872000 0.196000 0.088000
11 0.758000 0.578000 0.020000 0.036000
11 0.141900 0.425510 0.027800 0.055020
