2 0.724000 0.372000 0.124000 0.152000
3 0.216000 0.473000 0.088000 0.098000
11 0.564000 0.074000 0.048000 0.044000
2 0.273000 0.708000 0.478000 0.388000
2 0.662000 0.596000 0.176000 0.112000
3 0.347000 0.429000 0.082000 0.114000
2 0.505000 0.333000 0.182000 0.162000
2 0.082000 0.347000 0.124000 0.150000
11 0.126000 0.497000 0.044000 0.042000
11 0.052000 0.568000 0.036000 0.036000
3 0.740000 0.913000 0.076000 0.042000
11 0.512000 0.494000 0.048000 0.036000
3 0.849000 0.517000 0.042000 0.074000
11 0.425000 0.284000 0.042000 0.044000
2 0.950000 0.221000 0.096000 0.158000
3 0.796000 0.563000 0.064000 0.038000
2 0.895000 0.894000 0.086000 0.116000
3 0.743000 0.492000 0.042000 0.088000
3 0.682000 0.951000 0.052000 0.078000
11 0.876390 0.102870 0.020780 0.045740
11 0.878000 0.059000 0.028000 0.046000
11 0.862000 0.196000 0.024000 0.044000
11 0.715000 0.520000 0.042000 0.032000
3 0.803000 0.427000 0.070000 0.042000
11 0.147000 0.939000 0.038000 0.026000
2 0.978000 0.638000 0.040000 0.112000
11 0.629000 0.511000 0.046000 0.022000
2 0.929000 0.442000 0.138000 0.080000
2 0.317000 0.200000 0.390000 0.308000
11 0.844000 0.345000 0.024000 0.054000
2 0.948000 0.032000 0.100000 0.064000
3 0.823000 0.976000 0.046000 0.044000
2 0.048000 0.171000 0.096000 0.134000
2 0.904000 0.629000 0.136000 0.110000
11 0.010000 0.944000 0.020000 0.020000
2 0.710000 0.119000 0.228000 0.238000
7 0.577000 0.506000 0.046000 0.032000
11 0.014000 0.992000 0.028000 0.012000
2 0.022100 0.538990 0.044200 0.129980
6 0.353970 0.320890 0.103940 0.097780
2 0.575560 0.825640 0.303120 0.219280
11 0.193210 0.944640 0.054420 0.033280
2 0.921580 0.315050 0.095160 0.074100
2 0.916340 0.377750 0.100680 0.067500
2 0.580980 0.241510 0.093960 0.095020
2 0.733680 0.275870 0.111360 0.083740
2 0.948700 0.103250 0.101400 0.078500
