2 0.893000 0.327000 0.138000 0.118000
2 0.901000 0.568000 0.194000 0.280000
2 0.749000 0.520000 0.118000 0.124000
2 0.703000 0.726000 0.270000 0.276000
2 0.613000 0.532000 0.154000 0.128000
2 0.765000 0.248000 0.114000 0.136000
2 0.367000 0.458000 0.114000 0.100000
2 0.463000 0.890000 0.266000 0.216000
11 0.460000 0.007000 0.044000 0.014000
2 0.490000 0.597000 0.140000 0.138000
11 0.654000 0.067000 0.040000 0.030000
11 0.510000 0.018000 0.036000 0.028000
2 0.311000 0.726000 0.130000 0.120000
2 0.043000 0.957000 0.086000 0.082000
2 0.353000 0.108000 0.450000 0.216000
2 0.145000 0.790000 0.098000 0.120000
11 0.837000 0.008000 0.046000 0.016000
11 0.992000 0.767000 0.012000 0.038000
11 0.905000 0.026000 0.042000 0.028000
2 0.085860 0.144050 0.171720 0.228100
2 0.227490 0.942610 0.222980 0.113220
2 0.336970 0.337430 0.149940 0.126860
2 0.438310 0.279740 0.116620 0.111480
2 0.524950 0.232310 0.117900 0.116620
2 0.607180 0.173820 0.106360 0.107640
2 0.480850 0.395410 0.089700 0.094820
