11 0.927000 0.157000 0.034000 0.042000
7 0.040000 0.240000 0.048000 0.088000
3 0.171000 0.268000 0.070000 0.132000
11 0.201000 0.165000 0.030000 0.046000
3 0.260000 0.172000 0.064000 0.116000
2 0.312000 0.065000 0.204000 0.130000
2 0.542000 0.822000 0.256000 0.352000
11 0.948000 0.196000 0.028000 0.044000
2 0.067000 0.694000 0.134000 0.408000
2 0.941000 0.519000 0.114000 0.138000
11 0.119000 0.710000 0.030000 0.052000
11 0.893000 0.100000 0.038000 0.044000
2 0.961000 0.853000 0.074000 0.290000
3 0.013000 0.380000 0.026000 0.132000
11 0.991000 0.281000 0.014000 0.050000
2 0.689000 0.204000 0.354000 0.340000
2 0.388000 0.236000 0.176000 0.160000
2 0.524280 0.467050 0.380560 0.358100
2 0.093000 0.933000 0.186000 0.134000
2 0.946000 0.637000 0.108000 0.130000
