2 0.952000 0.793000 0.092000 0.114000
11 0.122000 0.721000 0.036000 0.046000
7 0.419000 0.534000 0.050000 0.052000
7 0.779000 0.119000 0.050000 0.046000
11 0.739000 0.157000 0.038000 0.042000
11 0.943000 0.595000 0.038000 0.042000
11 0.413000 0.205000 0.042000 0.038000
11 0.098000 0.353000 0.040000 0.038000
11 0.842000 0.465000 0.036000 0.034000
2 0.752000 0.516620 0.120000 0.149240
11 0.813000 0.427000 0.038000 0.038000
11 0.786000 0.391000 0.036000 0.034000
11 0.902000 0.538000 0.036000 0.032000
11 0.893000 0.024000 0.038000 0.044000
11 0.560000 0.013000 0.028000 0.026000
6 0.665000 0.262000 0.066000 0.096000
2 0.651000 0.938000 0.250000 0.120000
2 0.035000 0.734510 0.070000 0.177020
11 0.972000 0.633000 0.036000 0.038000
11 0.043000 0.624000 0.030000 0.044000
11 0.382000 0.150000 0.044000 0.032000
11 0.874500 0.504870 0.037000 0.041740
11 0.765000 0.360000 0.022000 0.028000
11 0.601000 0.091000 0.030000 0.034000
2 0.691000 0.106000 0.106000 0.116000
11 0.492000 0.459000 0.032000 0.034000
11 0.060000 0.665000 0.036000 0.046000
11 0.023000 0.583000 0.030000 0.046000
11 0.582000 0.049000 0.028000 0.042000
11 0.450000 0.496000 0.032000 0.032000
2 0.176000 0.274000 0.328000 0.364000
2 0.835000 0.634000 0.170000 0.148000
2 0.536000 0.509000 0.084000 0.114000
11 0.992000 0.670000 0.012000 0.036000
11 0.069000 0.302000 0.042000 0.032000
2 0.779000 0.892710 0.162000 0.213420
2 0.355510 0.718270 0.195020 0.204540
2 0.639850 0.423080 0.147700 0.146160
2 0.586620 0.726000 0.129240 0.140000
11 0.763230 0.356350 0.018460 0.020700
7 0.418940 0.533530 0.049880 0.051060
2 0.444000 0.954000 0.148000 0.092000
