2 0.776000 0.140000 0.444000 0.280000
2 0.199000 0.108000 0.226000 0.216000
3 0.411000 0.249000 0.110000 0.050000
2 0.782000 0.938000 0.204000 0.120000
2 0.158000 0.759000 0.144000 0.334000
3 0.289000 0.358000 0.054000 0.084000
3 0.388000 0.478000 0.120000 0.060000
7 0.368000 0.758000 0.036000 0.064000
11 0.389000 0.583000 0.026000 0.046000
11 0.419000 0.657000 0.022000 0.046000
11 0.068000 0.282000 0.036000 0.028000
11 0.374000 0.658000 0.024000 0.032000
2 0.120000 0.535000 0.240000 0.150000
11 0.403000 0.811000 0.030000 0.042000
11 0.304000 0.659000 0.024000 0.042000
11 0.408000 0.770000 0.020000 0.032000
11 0.769000 0.453000 0.050000 0.030000
3 0.501230 0.382450 0.058460 0.088900
2 0.136000 0.951000 0.156000 0.098000
