2 0.072000 0.698000 0.144000 0.168000
2 0.725000 0.386000 0.546000 0.356000
2 0.168000 0.503000 0.284000 0.178000
2 0.758000 0.109000 0.428000 0.218000
11 0.134000 0.827000 0.032000 0.038000
11 0.631000 0.655000 0.042000 0.042000
11 0.409000 0.433000 0.038000 0.038000
11 0.165000 0.786000 0.030000 0.036000
11 0.651000 0.775000 0.038000 0.042000
7 0.425000 0.080000 0.050000 0.032000
11 0.189000 0.060000 0.038000 0.028000
11 0.056000 0.027000 0.044000 0.030000
11 0.950000 0.024000 0.040000 0.032000
11 0.211000 0.146000 0.038000 0.024000
3 0.311000 0.387000 0.106000 0.058000
11 0.215000 0.171000 0.046000 0.026000
7 0.268000 0.328000 0.056000 0.036000
11 0.184000 0.752000 0.024000 0.032000
2 0.032000 0.189000 0.064000 0.374000
7 0.278000 0.610000 0.044000 0.056000
2 0.929000 0.952000 0.138000 0.092000
2 0.240000 0.940000 0.300000 0.116000
11 0.180000 0.013000 0.044000 0.026000
11 0.507000 0.631000 0.030000 0.034000
2 0.890000 0.684000 0.216000 0.288000
2 0.379000 0.705000 0.370000 0.246000
3 0.357000 0.543000 0.058000 0.062000
11 0.211000 0.708000 0.022000 0.028000
11 0.760000 0.580000 0.024000 0.040000
11 0.409000 0.286000 0.038000 0.028000
7 0.543000 0.080000 0.062000 0.040000
11 0.547000 0.047000 0.042000 0.026000
11 0.332000 0.315000 0.044000 0.030000
