2 0.832000 0.252000 0.148000 0.188000
2 0.809000 0.725000 0.378000 0.250000
2 0.673000 0.452000 0.134000 0.120000
2 0.110000 0.427000 0.108000 0.126000
2 0.283000 0.666000 0.122000 0.156000
2 0.164000 0.060000 0.104000 0.108000
2 0.327000 0.113000 0.174000 0.178000
2 0.784000 0.099000 0.124000 0.102000
2 0.545000 0.039000 0.130000 0.078000
2 0.589000 0.266000 0.114000 0.100000
2 0.094000 0.550000 0.096000 0.084000
2 0.141000 0.961000 0.282000 0.074000
2 0.892000 0.491000 0.176000 0.194000
2 0.157000 0.282000 0.178000 0.116000
2 0.441000 0.668000 0.142000 0.192000
11 0.496000 0.320000 0.036000 0.048000
11 0.510000 0.367000 0.032000 0.046000
3 0.673000 0.872000 0.042000 0.068000
11 0.573000 0.557000 0.026000 0.042000
7 0.980000 0.184000 0.036000 0.068000
11 0.526000 0.414000 0.028000 0.044000
2 0.354000 0.964000 0.088000 0.068000
11 0.558000 0.511000 0.028000 0.042000
11 0.326000 0.218000 0.028000 0.044000
11 0.948000 0.084000 0.028000 0.040000
3 0.638000 0.825000 0.064000 0.042000
2 0.071000 0.728000 0.114000 0.172000
11 0.964000 0.134000 0.024000 0.032000
11 0.989000 0.247000 0.018000 0.058000
11 0.542000 0.462000 0.032000 0.048000
11 0.901000 0.008000 0.038000 0.016000
