2 0.424000 0.265000 0.216000 0.402000
2 0.309000 0.630000 0.218000 0.396000
2 0.825000 0.904000 0.154000 0.188000
7 0.069000 0.722000 0.034000 0.056000
7 0.130000 0.610000 0.052000 0.064000
11 0.550000 0.546000 0.048000 0.028000
2 0.897000 0.136000 0.202000 0.272000
11 0.663000 0.615000 0.042000 0.026000
11 0.032000 0.957000 0.040000 0.046000
11 0.036000 0.814000 0.032000 0.036000
11 0.627000 0.935000 0.042000 0.038000
11 0.055000 0.772000 0.030000 0.048000
11 0.622000 0.038000 0.040000 0.028000
2 0.321000 0.936000 0.486000 0.124000
11 0.492000 0.015000 0.040000 0.026000
11 0.036000 0.588000 0.040000 0.028000
11 0.073000 0.991000 0.034000 0.014000
11 0.009000 0.708000 0.018000 0.028000
11 0.661000 0.548000 0.038000 0.024000
2 0.798000 0.545000 0.144000 0.186000
11 0.673000 0.888000 0.034000 0.020000
11 0.610000 0.009000 0.048000 0.018000
11 0.007000 0.738000 0.014000 0.032000
11 0.019000 0.656000 0.038000 0.036000
11 0.654000 0.500000 0.040000 0.024000
