6 0.649000 0.627000 0.098000 0.106000
3 0.330000 0.805000 0.092000 0.110000
3 0.508000 0.742000 0.092000 0.088000
3 0.112000 0.924000 0.088000 0.092000
11 0.756000 0.436000 0.040000 0.044000
11 0.410000 0.563000 0.040000 0.046000
3 0.362000 0.615000 0.092000 0.082000
11 0.855000 0.310000 0.038000 0.044000
11 0.594000 0.350000 0.044000 0.048000
7 0.580000 0.272000 0.052000 0.064000
11 0.031000 0.571000 0.046000 0.042000
11 0.107000 0.629000 0.042000 0.038000
11 0.860000 0.035000 0.044000 0.046000
11 0.793000 0.110000 0.034000 0.036000
11 0.072000 0.603000 0.036000 0.034000
11 0.555000 0.398000 0.046000 0.048000
11 0.167000 0.862000 0.050000 0.060000
2 0.195000 0.046000 0.386000 0.092000
11 0.962000 0.040000 0.036000 0.040000
2 0.054000 0.388000 0.108000 0.260000
2 0.065000 0.707000 0.130000 0.378000
11 0.839000 0.371000 0.034000 0.046000
2 0.797000 0.654000 0.402000 0.440000
7 0.858000 0.402000 0.040000 0.044000
2 0.374000 0.343000 0.640000 0.674000
