2 0.374000 0.334000 0.332000 0.388000
2 0.530000 0.904000 0.288000 0.188000
2 0.938000 0.124000 0.120000 0.244000
3 0.364000 0.612000 0.068000 0.108000
11 0.516000 0.629000 0.048000 0.038000
11 0.877000 0.715000 0.050000 0.042000
2 0.756000 0.384000 0.284000 0.444000
11 0.339000 0.552000 0.042000 0.032000
11 0.671000 0.670000 0.046000 0.028000
11 0.823000 0.703000 0.046000 0.038000
11 0.941000 0.726000 0.042000 0.036000
2 0.866000 0.952000 0.264000 0.092000
7 0.455000 0.541000 0.074000 0.038000
11 0.980000 0.735000 0.036000 0.030000
11 0.712000 0.682000 0.036000 0.032000
3 0.352000 0.733000 0.064000 0.058000
2 0.241000 0.061000 0.266000 0.122000
2 0.980000 0.411000 0.036000 0.222000
