7 0.075000 0.622000 0.062000 0.040000
11 0.173000 0.598000 0.046000 0.032000
11 0.127000 0.608000 0.046000 0.040000
11 0.280000 0.698000 0.040000 0.036000
11 0.901000 0.739000 0.046000 0.046000
3 0.293000 0.544000 0.062000 0.096000
11 0.657000 0.948000 0.046000 0.048000
7 0.040000 0.881000 0.032000 0.078000
11 0.808000 0.383000 0.028000 0.046000
11 0.728000 0.395000 0.032000 0.050000
11 0.937000 0.355000 0.034000 0.050000
11 0.865000 0.772000 0.046000 0.048000
11 0.906000 0.359000 0.028000 0.050000
11 0.632000 0.412000 0.032000 0.044000
11 0.615000 0.978000 0.054000 0.040000
3 0.139000 0.865000 0.062000 0.082000
11 0.781000 0.385000 0.026000 0.046000
11 0.677000 0.888000 0.050000 0.048000
2 0.664700 0.656980 0.345400 0.313960
11 0.827000 0.805000 0.038000 0.038000
2 0.413390 0.297010 0.826780 0.322020
2 0.434000 0.855000 0.360000 0.286000
2 0.896000 0.041000 0.204000 0.082000
