2 0.165000 0.567000 0.330000 0.502000
2 0.083000 0.119000 0.166000 0.238000
11 0.913000 0.260000 0.034000 0.044000
11 0.595000 0.581000 0.042000 0.042000
11 0.807000 0.745000 0.042000 0.038000
11 0.817000 0.051000 0.042000 0.046000
11 0.489000 0.358000 0.046000 0.032000
11 0.889000 0.384000 0.046000 0.044000
7 0.738000 0.055000 0.060000 0.054000
11 0.930000 0.939000 0.036000 0.046000
11 0.925000 0.136000 0.038000 0.044000
2 0.701000 0.351000 0.402000 0.538000
11 0.518000 0.472000 0.036000 0.032000
11 0.331000 0.478000 0.038000 0.052000
2 0.427370 0.826540 0.502740 0.345080
11 0.251000 0.704000 0.042000 0.032000
11 0.518000 0.102000 0.044000 0.040000
11 0.775000 0.795000 0.042000 0.038000
11 0.397000 0.338000 0.034000 0.052000
11 0.512000 0.422000 0.040000 0.032000
11 0.781000 0.018000 0.038000 0.036000
11 0.333000 0.089000 0.046000 0.030000
11 0.197000 0.781000 0.038000 0.026000
11 0.252000 0.867000 0.032000 0.034000
11 0.937000 0.329000 0.042000 0.038000
11 0.280000 0.663000 0.048000 0.034000
11 0.408000 0.383000 0.028000 0.046000
11 0.356000 0.164000 0.044000 0.032000
11 0.653950 0.763630 0.039900 0.047260
11 0.163000 0.022000 0.046000 0.036000
11 0.349000 0.529000 0.038000 0.042000
11 0.426000 0.013000 0.044000 0.026000
11 0.636000 0.612000 0.032000 0.032000
11 0.372000 0.008000 0.044000 0.016000
7 0.729000 0.984000 0.050000 0.028000
11 0.577000 0.698000 0.038000 0.048000
11 0.747000 0.951000 0.050000 0.042000
11 0.159000 0.985000 0.030000 0.026000
11 0.468000 0.006000 0.040000 0.012000
7 0.555000 0.685000 0.038000 0.046000
7 0.800000 0.876000 0.064000 0.052000
11 0.230000 0.897000 0.040000 0.038000
11 0.300000 0.378000 0.040000 0.048000
11 0.425000 0.431000 0.026000 0.050000
11 0.323000 0.774000 0.026000 0.024000
