2 0.580000 0.703000 0.124000 0.110000
2 0.386000 0.165000 0.116000 0.114000
2 0.814000 0.082000 0.120000 0.116000
2 0.784000 0.686000 0.108000 0.108000
2 0.057000 0.747000 0.102000 0.078000
2 0.276000 0.128000 0.076000 0.128000
2 0.317000 0.945000 0.122000 0.106000
2 0.067000 0.901000 0.082000 0.102000
2 0.617000 0.855000 0.098000 0.102000
2 0.610000 0.612000 0.128000 0.080000
2 0.665000 0.434000 0.138000 0.060000
11 0.520000 0.342000 0.024000 0.044000
11 0.531000 0.224000 0.026000 0.044000
2 0.638000 0.025000 0.104000 0.050000
2 0.285000 0.424000 0.094000 0.072000
11 0.470000 0.253000 0.024000 0.042000
11 0.133000 0.863000 0.030000 0.050000
11 0.136000 0.724000 0.028000 0.052000
11 0.136000 0.432000 0.028000 0.048000
7 0.136000 0.155000 0.028000 0.058000
11 0.138000 0.783000 0.024000 0.042000
2 0.655000 0.232000 0.134000 0.104000
11 0.457000 0.453000 0.022000 0.042000
11 0.226000 0.287000 0.024000 0.038000
2 0.846000 0.292000 0.092000 0.064000
11 0.510000 0.971000 0.032000 0.054000
11 0.226000 0.601000 0.024000 0.046000
2 0.975000 0.342000 0.046000 0.092000
11 0.138000 0.580000 0.024000 0.052000
11 0.480000 0.160000 0.024000 0.040000
11 0.132000 0.315000 0.036000 0.062000
2 0.028000 0.562000 0.056000 0.088000
2 0.395000 0.062000 0.154000 0.084000
11 0.462000 0.408000 0.028000 0.040000
2 0.312000 0.772000 0.152000 0.064000
2 0.037000 0.211000 0.074000 0.150000
11 0.448000 0.643000 0.028000 0.054000
11 0.505000 0.501000 0.026000 0.050000
11 0.493000 0.641000 0.022000 0.042000
2 0.034000 0.381000 0.068000 0.222000
11 0.550000 0.019000 0.028000 0.038000
7 0.504000 0.853000 0.028000 0.058000
2 0.301000 0.013000 0.126000 0.026000
2 0.323000 0.299000 0.134000 0.082000
11 0.545000 0.120000 0.026000 0.048000
11 0.222000 0.856000 0.028000 0.056000
2 0.279000 0.603000 0.102000 0.106000
11 0.464000 0.308000 0.024000 0.044000
2 0.846000 0.380000 0.100000 0.132000
11 0.139000 0.478000 0.022000 0.032000
2 0.414000 0.359000 0.072000 0.058000
11 0.462000 0.994000 0.032000 0.008000
11 0.517000 0.409000 0.018000 0.042000
2 0.982000 0.818000 0.032000 0.140000
2 0.754000 0.489000 0.092000 0.102000
2 0.060000 0.639000 0.088000 0.074000
2 0.654000 0.982000 0.188000 0.032000
