2 0.849000 0.881000 0.106000 0.114000
2 0.691000 0.237000 0.198000 0.174000
2 0.425000 0.086000 0.298000 0.156000
2 0.537000 0.777000 0.110000 0.138000
2 0.679000 0.636000 0.158000 0.152000
2 0.048000 0.505000 0.096000 0.090000
2 0.153000 0.695000 0.158000 0.126000
2 0.893000 0.212000 0.130000 0.144000
2 0.316000 0.335000 0.156000 0.118000
2 0.129080 0.413230 0.166160 0.098460
3 0.017000 0.935000 0.034000 0.046000
2 0.982000 0.718000 0.032000 0.152000
7 0.865000 0.989000 0.066000 0.018000
2 0.028000 0.040000 0.056000 0.076000
2 0.749000 0.872000 0.090000 0.096000
2 0.134460 0.304150 0.136920 0.112300
12 0.914500 0.647640 0.065000 0.075280
