7 0.629000 0.035000 0.038000 0.066000
11 0.693000 0.240000 0.046000 0.032000
2 0.920000 0.600000 0.156000 0.796000
11 0.685000 0.938000 0.046000 0.028000
11 0.781000 0.777000 0.026000 0.046000
11 0.346000 0.451000 0.024000 0.046000
11 0.587000 0.143000 0.026000 0.042000
11 0.492000 0.848000 0.032000 0.032000
11 0.121000 0.547000 0.026000 0.050000
11 0.788000 0.972000 0.052000 0.028000
11 0.288000 0.443000 0.024000 0.046000
11 0.069000 0.538000 0.026000 0.052000
11 0.487000 0.902000 0.042000 0.028000
11 0.566000 0.359000 0.024000 0.050000
2 0.213000 0.765000 0.326000 0.466000
11 0.042000 0.538000 0.028000 0.052000
7 0.934000 0.013000 0.072000 0.026000
11 0.246000 0.440000 0.020000 0.044000
11 0.004000 0.536000 0.008000 0.048000
11 0.582000 0.193000 0.020000 0.042000
2 0.295000 0.178000 0.586000 0.356000
11 0.578000 0.237000 0.020000 0.042000
