2 0.358000 0.133000 0.116000 0.094000
2 0.046000 0.715000 0.092000 0.106000
2 0.540000 0.435000 0.184000 0.110000
2 0.318000 0.930000 0.136000 0.112000
2 0.605000 0.626000 0.122000 0.116000
2 0.043000 0.280000 0.086000 0.100000
2 0.930000 0.957000 0.120000 0.082000
3 0.730000 0.533000 0.092000 0.050000
11 0.793000 0.942000 0.034000 0.060000
2 0.521000 0.781000 0.198000 0.158000
11 0.805000 0.507000 0.046000 0.030000
3 0.744000 0.739000 0.084000 0.046000
2 0.548000 0.328000 0.124000 0.116000
11 0.675000 0.141000 0.026000 0.046000
11 0.732000 0.447000 0.024000 0.038000
11 0.666000 0.052000 0.028000 0.052000
2 0.558000 0.020000 0.132000 0.040000
7 0.694000 0.340000 0.028000 0.056000
11 0.971000 0.654000 0.038000 0.040000
3 0.939000 0.608000 0.038000 0.080000
7 0.798000 0.403000 0.060000 0.030000
11 0.027000 0.507000 0.050000 0.030000
11 0.682000 0.187000 0.024000 0.046000
2 0.086000 0.501000 0.172000 0.162000
2 0.894000 0.781000 0.116000 0.102000
11 0.804000 0.984000 0.028000 0.028000
11 0.797000 0.447000 0.050000 0.030000
11 0.014000 0.557000 0.028000 0.042000
2 0.073000 0.054000 0.142000 0.108000
2 0.368000 0.684000 0.124000 0.184000
7 0.689000 0.282000 0.026000 0.048000
2 0.647000 0.989000 0.146000 0.018000
