2 0.539000 0.811000 0.318000 0.374000
2 0.442000 0.043000 0.260000 0.086000
2 0.163000 0.564000 0.326000 0.184000
3 0.808000 0.577000 0.116000 0.046000
11 0.837000 0.734000 0.046000 0.028000
11 0.756000 0.400000 0.024000 0.048000
3 0.797000 0.223000 0.098000 0.042000
11 0.853000 0.270000 0.034000 0.028000
11 0.845000 0.497000 0.042000 0.030000
11 0.745000 0.817000 0.018000 0.042000
11 0.747000 0.772000 0.022000 0.044000
11 0.756000 0.340000 0.024000 0.040000
2 0.079000 0.382000 0.158000 0.220000
11 0.109000 0.117000 0.026000 0.026000
11 0.765000 0.867000 0.022000 0.042000
7 0.923000 0.201000 0.062000 0.030000
11 0.330000 0.217000 0.028000 0.046000
2 0.579000 0.457000 0.194000 0.114000
