2 0.837000 0.789000 0.234000 0.218000
11 0.621000 0.247000 0.042000 0.050000
11 0.376000 0.726000 0.036000 0.048000
2 0.035000 0.906000 0.070000 0.184000
2 0.123000 0.712000 0.246000 0.288000
11 0.772000 0.167000 0.036000 0.050000
11 0.577000 0.452000 0.038000 0.048000
11 0.573000 0.557000 0.038000 0.042000
11 0.855000 0.034000 0.038000 0.052000
2 0.877000 0.483130 0.170000 0.226260
11 0.916000 0.355000 0.036000 0.046000
7 0.239880 0.923130 0.051760 0.070260
11 0.317000 0.403630 0.030000 0.051260
11 0.334000 0.414000 0.032000 0.044000
11 0.298000 0.971000 0.036000 0.046000
11 0.749000 0.073000 0.038000 0.038000
11 0.576000 0.351000 0.032000 0.042000
11 0.680000 0.388000 0.036000 0.048000
11 0.814000 0.253000 0.036000 0.046000
11 0.934000 0.927000 0.020000 0.042000
11 0.955000 0.941000 0.022000 0.050000
11 0.904000 0.929000 0.024000 0.046000
11 0.299000 0.391000 0.034000 0.042000
2 0.516120 0.188370 0.112240 0.132740
11 0.534000 0.364000 0.032000 0.040000
11 0.987000 0.287000 0.022000 0.054000
11 0.872000 0.932000 0.032000 0.044000
11 0.978000 0.937000 0.024000 0.050000
11 0.228000 0.982000 0.036000 0.032000
11 0.886000 0.982000 0.032000 0.024000
2 0.091000 0.448000 0.134000 0.156000
11 0.913000 0.237000 0.034000 0.046000
11 0.844000 0.985000 0.040000 0.026000
2 0.261750 0.537880 0.167500 0.163760
6 0.724500 0.165880 0.085000 0.103760
2 0.445500 0.290750 0.155000 0.177500
2 0.596000 0.087380 0.180000 0.174760
