2 0.715000 0.392000 0.246000 0.456000
11 0.163000 0.058000 0.046000 0.040000
11 0.204000 0.723000 0.048000 0.042000
2 0.700000 0.043000 0.364000 0.086000
2 0.141000 0.328000 0.282000 0.516000
11 0.116000 0.091000 0.040000 0.034000
11 0.978000 0.702000 0.040000 0.028000
2 0.952000 0.409000 0.092000 0.450000
11 0.571000 0.384000 0.022000 0.048000
11 0.207000 0.024000 0.046000 0.044000
7 0.327000 0.955000 0.054000 0.058000
11 0.474000 0.668000 0.036000 0.032000
11 0.386000 0.731000 0.036000 0.038000
11 0.518000 0.408000 0.020000 0.044000
11 0.019000 0.463000 0.038000 0.030000
2 0.411000 0.158000 0.222000 0.316000
3 0.563000 0.205000 0.074000 0.038000
2 0.962000 0.046000 0.072000 0.092000
2 0.703000 0.860000 0.590000 0.276000
11 0.578000 0.281000 0.020000 0.042000
11 0.578000 0.242000 0.020000 0.036000
2 0.130000 0.834000 0.260000 0.328000
11 0.989000 0.168000 0.018000 0.032000
3 0.575000 0.661000 0.050000 0.074000
11 0.277000 0.978000 0.042000 0.040000
11 0.527000 0.247000 0.018000 0.038000
3 0.601000 0.124000 0.038000 0.076000
11 0.982000 0.652000 0.032000 0.028000
11 0.945000 0.648000 0.042000 0.028000
11 0.242000 0.937000 0.040000 0.050000
11 0.458000 0.014000 0.028000 0.028000
2 0.372000 0.588000 0.264000 0.340000
11 0.556000 0.059000 0.032000 0.038000
