2 0.844000 0.656000 0.308000 0.684000
7 0.464000 0.612000 0.032000 0.060000
11 0.447000 0.731000 0.030000 0.046000
7 0.524000 0.650000 0.032000 0.060000
11 0.457000 0.673000 0.030000 0.042000
6 0.480000 0.520000 0.048000 0.108000
11 0.623000 0.338000 0.046000 0.040000
11 0.563000 0.783000 0.046000 0.042000
6 0.534000 0.351000 0.040000 0.094000
7 0.650000 0.529000 0.032000 0.058000
11 0.538000 0.964000 0.040000 0.040000
11 0.524000 0.168000 0.024000 0.040000
7 0.570000 0.055000 0.032000 0.054000
11 0.419000 0.137000 0.026000 0.050000
11 0.573000 0.307000 0.026000 0.046000
11 0.548000 0.478000 0.024000 0.044000
11 0.568000 0.366000 0.028000 0.044000
11 0.594000 0.631000 0.044000 0.050000
11 0.534000 0.597000 0.024000 0.046000
7 0.601000 0.095000 0.030000 0.054000
11 0.603000 0.033000 0.034000 0.050000
11 0.594000 0.144000 0.032000 0.052000
11 0.675000 0.173000 0.054000 0.030000
11 0.489000 0.687000 0.030000 0.042000
7 0.447000 0.195000 0.030000 0.058000
7 0.474000 0.081000 0.028000 0.054000
2 0.126000 0.656000 0.252000 0.684000
11 0.497000 0.079000 0.022000 0.050000
11 0.858000 0.206000 0.052000 0.036000
2 0.245000 0.125000 0.326000 0.250000
