11 0.085050 0.391300 0.042100 0.030600
2 0.101000 0.100000 0.202000 0.200000
2 0.227000 0.924000 0.218000 0.148000
11 0.541000 0.928000 0.046000 0.032000
11 0.034000 0.663000 0.036000 0.042000
11 0.649000 0.892000 0.050000 0.036000
11 0.547000 0.974000 0.050000 0.032000
2 0.799000 0.258000 0.398000 0.500000
11 0.647000 0.942000 0.046000 0.024000
11 0.663000 0.985000 0.050000 0.026000
11 0.089000 0.415000 0.038000 0.026000
2 0.636000 0.634000 0.724000 0.324000
2 0.014000 0.532000 0.028000 0.288000
