11 0.457000 0.596000 0.034000 0.044000
2 0.927000 0.526000 0.142000 0.232000
11 0.483000 0.677000 0.022000 0.046000
2 0.171000 0.272000 0.266000 0.292000
11 0.442000 0.552000 0.028000 0.040000
11 0.312000 0.443000 0.032000 0.042000
11 0.499000 0.729000 0.030000 0.050000
11 0.292000 0.458000 0.024000 0.036000
3 0.635000 0.978000 0.098000 0.044000
2 0.369500 0.863000 0.251000 0.262000
11 0.471000 0.640500 0.034000 0.045000
11 0.449000 0.563500 0.018000 0.019000
3 0.301500 0.200000 0.079000 0.076000
2 0.113000 0.774000 0.226000 0.232000
