2 0.093000 0.126000 0.186000 0.252000
2 0.753000 0.865000 0.194000 0.270000
11 0.816000 0.735000 0.040000 0.046000
11 0.857000 0.682000 0.042000 0.032000
11 0.368000 0.100000 0.044000 0.036000
11 0.446000 0.018000 0.056000 0.036000
7 0.788000 0.551000 0.056000 0.046000
11 0.589000 0.793000 0.042000 0.034000
11 0.269000 0.273000 0.046000 0.030000
11 0.550000 0.876000 0.048000 0.040000
2 0.355000 0.823000 0.290000 0.250000
11 0.172000 0.336000 0.028000 0.036000
11 0.394000 0.144000 0.040000 0.036000
2 0.638240 0.595650 0.220480 0.351300
11 0.731100 0.365070 0.050200 0.042140
11 0.740000 0.384000 0.036000 0.028000
11 0.320000 0.584000 0.040000 0.032000
11 0.645000 0.149000 0.034000 0.030000
11 0.362000 0.580000 0.036000 0.032000
2 0.026000 0.469000 0.052000 0.162000
11 0.465000 0.058000 0.046000 0.032000
7 0.543000 0.959000 0.050000 0.050000
11 0.994000 0.844000 0.008000 0.040000
2 0.012000 0.904000 0.024000 0.188000
2 0.523810 0.321770 0.187620 0.267540
2 0.911940 0.067970 0.175880 0.135940
2 0.942890 0.250420 0.113780 0.312840
2 0.305110 0.943980 0.190220 0.111960
11 0.179760 0.189870 0.039520 0.035740
