2 0.100000 0.820000 0.200000 0.356000
2 0.299000 0.260000 0.178000 0.172000
2 0.384000 0.079000 0.136000 0.158000
2 0.559000 0.705000 0.110000 0.126000
2 0.180000 0.527000 0.212000 0.158000
11 0.904000 0.475000 0.044000 0.034000
11 0.717000 0.897000 0.046000 0.038000
2 0.528000 0.278000 0.136000 0.108000
11 0.096000 0.603000 0.044000 0.034000
11 0.071000 0.645000 0.042000 0.034000
11 0.451000 0.167000 0.030000 0.038000
11 0.573000 0.842000 0.038000 0.028000
11 0.051000 0.589000 0.046000 0.034000
11 0.488000 0.080000 0.024000 0.040000
11 0.856000 0.965000 0.028000 0.042000
2 0.652000 0.202000 0.168000 0.180000
11 0.763000 0.384000 0.046000 0.032000
2 0.402000 0.647000 0.176000 0.202000
11 0.028000 0.634000 0.040000 0.036000
2 0.752000 0.037000 0.180000 0.074000
2 0.934000 0.756000 0.128000 0.216000
2 0.061000 0.263500 0.122000 0.347000
3 0.242000 0.731000 0.064000 0.054000
11 0.017000 0.569000 0.034000 0.038000
2 0.339000 0.885000 0.218000 0.218000
2 0.269000 0.412000 0.110000 0.096000
11 0.960000 0.408000 0.032000 0.044000
2 0.639000 0.908000 0.434000 0.180000
2 0.824820 0.682510 0.173640 0.149020
2 0.535780 0.423440 0.199560 0.130880
