2 0.594000 0.938000 0.144000 0.120000
2 0.301000 0.137000 0.182000 0.266000
2 0.575000 0.226000 0.098000 0.208000
2 0.575000 0.635000 0.134000 0.134000
2 0.584000 0.083000 0.116000 0.090000
2 0.786000 0.242000 0.204000 0.188000
2 0.703000 0.048000 0.110000 0.096000
11 0.669000 0.468000 0.042000 0.040000
2 0.192000 0.658000 0.384000 0.452000
11 0.084000 0.911000 0.040000 0.038000
2 0.555000 0.800000 0.110000 0.092000
11 0.781000 0.385000 0.038000 0.034000
11 0.911000 0.527000 0.038000 0.046000
3 0.966000 0.142000 0.064000 0.060000
7 0.492000 0.403000 0.032000 0.058000
3 0.966000 0.234000 0.064000 0.080000
11 0.212000 0.812000 0.036000 0.032000
2 0.160000 0.945000 0.112000 0.106000
11 0.483000 0.853000 0.022000 0.050000
2 0.707000 0.521000 0.222000 0.198000
7 0.944000 0.266000 0.056000 0.040000
2 0.892000 0.434000 0.212000 0.184000
3 0.477000 0.501000 0.082000 0.070000
11 0.495000 0.287000 0.026000 0.050000
11 0.908000 0.017000 0.032000 0.034000
11 0.497000 0.239000 0.022000 0.042000
11 0.495000 0.336000 0.026000 0.044000
11 0.902000 0.295000 0.036000 0.030000
11 0.477000 0.994000 0.030000 0.008000
2 0.947000 0.028000 0.102000 0.056000
7 0.313000 0.709000 0.090000 0.070000
