2 0.439000 0.317000 0.362000 0.290000
11 0.149000 0.918000 0.046000 0.032000
11 0.717000 0.177000 0.038000 0.050000
11 0.877000 0.712000 0.050000 0.036000
11 0.134000 0.728000 0.040000 0.032000
11 0.627000 0.569000 0.042000 0.038000
7 0.030000 0.937000 0.052000 0.042000
11 0.679000 0.125000 0.038000 0.050000
11 0.507000 0.572000 0.046000 0.040000
11 0.575000 0.584000 0.050000 0.036000
7 0.271000 0.873000 0.050000 0.038000
11 0.084000 0.740000 0.048000 0.036000
11 0.675000 0.550000 0.038000 0.036000
11 0.631000 0.069000 0.042000 0.054000
11 0.807000 0.895000 0.042000 0.034000
7 0.973000 0.943000 0.050000 0.050000
11 0.591000 0.021000 0.046000 0.042000
11 0.989000 0.848000 0.018000 0.032000
11 0.763000 0.235000 0.046000 0.054000
11 0.815000 0.946000 0.042000 0.032000
11 0.540000 0.200000 0.028000 0.028000
11 0.781000 0.989000 0.046000 0.018000
7 0.730300 0.761090 0.080600 0.054180
