2 0.329000 0.566000 0.226000 0.284000
11 0.102000 0.667000 0.024000 0.042000
2 0.796280 0.212110 0.404560 0.256220
2 0.017000 0.920000 0.034000 0.156000
11 0.456000 0.311000 0.044000 0.038000
2 0.955000 0.705000 0.086000 0.346000
11 0.091000 0.396000 0.026000 0.040000
2 0.402200 0.276190 0.428400 0.324380
2 0.299000 0.818000 0.150000 0.232000
2 0.016000 0.679000 0.032000 0.342000
2 0.802000 0.445000 0.328000 0.210000
2 0.311000 0.968000 0.130000 0.060000
2 0.523250 0.801170 0.346500 0.394340
2 0.867000 0.039000 0.262000 0.078000
2 0.849290 0.867090 0.282580 0.102180
