11 0.559000 0.158000 0.046000 0.044000
2 0.137000 0.828000 0.274000 0.344000
11 0.055000 0.707000 0.038000 0.038000
11 0.230000 0.468000 0.044000 0.044000
11 0.313000 0.460000 0.042000 0.036000
11 0.199000 0.573000 0.050000 0.046000
11 0.514000 0.200000 0.044000 0.044000
11 0.459000 0.244000 0.054000 0.052000
7 0.142000 0.628000 0.056000 0.056000
11 0.019000 0.670000 0.034000 0.036000
2 0.215000 0.046000 0.202000 0.092000
2 0.909000 0.043000 0.162000 0.086000
2 0.820000 0.311890 0.356000 0.487780
2 0.018000 0.662000 0.036000 0.296000
2 0.138810 0.381000 0.273620 0.266000
2 0.610920 0.407060 0.233840 0.238120
2 0.478840 0.542130 0.313680 0.312260
2 0.369110 0.646980 0.178220 0.173960
2 0.809000 0.768000 0.382000 0.464000
2 0.464520 0.095530 0.201040 0.191060
2 0.361230 0.182090 0.202460 0.208180
2 0.259670 0.271790 0.195340 0.219580
2 0.069150 0.512380 0.138300 0.196760
