2 0.174000 0.339000 0.348000 0.570000
2 0.894000 0.779000 0.208000 0.190000
2 0.581000 0.074000 0.162000 0.148000
2 0.940000 0.385000 0.116000 0.102000
11 0.781000 0.832000 0.046000 0.036000
2 0.445250 0.626900 0.170500 0.149800
7 0.378000 0.691000 0.044000 0.034000
2 0.122000 0.813000 0.244000 0.370000
11 0.513000 0.738000 0.046000 0.032000
7 0.888000 0.867000 0.056000 0.042000
2 0.874000 0.596000 0.248000 0.168000
11 0.155000 0.617000 0.038000 0.034000
3 0.939000 0.906000 0.066000 0.092000
7 0.459000 0.115000 0.034000 0.066000
11 0.286000 0.691000 0.056000 0.042000
11 0.160000 0.056000 0.052000 0.036000
7 0.366000 0.354000 0.044000 0.076000
2 0.316000 0.029000 0.232000 0.058000
2 0.664000 0.917000 0.464000 0.162000
7 0.008000 0.557000 0.016000 0.034000
3 0.969000 0.973000 0.058000 0.050000
2 0.673000 0.282000 0.446000 0.320000
6 0.069000 0.610000 0.098000 0.036000
2 0.945000 0.215000 0.106000 0.150000
2 0.952000 0.046000 0.092000 0.092000
7 0.213930 0.641490 0.071860 0.038980
2 0.640720 0.697850 0.125440 0.143700
2 0.742200 0.720110 0.136400 0.152220
2 0.369860 0.837940 0.171720 0.127880
2 0.338290 0.944980 0.148580 0.105960
2 0.469500 0.468200 0.151000 0.136400
