2 0.800000 0.693000 0.148000 0.166000
2 0.847000 0.229000 0.130000 0.178000
2 0.306000 0.809000 0.136000 0.130000
2 0.557000 0.548000 0.162000 0.252000
11 0.229000 0.212000 0.054000 0.036000
11 0.262000 0.160000 0.048000 0.036000
2 0.389000 0.196000 0.122000 0.208000
2 0.255000 0.604000 0.122000 0.116000
2 0.573000 0.860000 0.118000 0.212000
2 0.700000 0.952000 0.096000 0.092000
11 0.837000 0.499000 0.046000 0.026000
2 0.624000 0.138000 0.148000 0.184000
7 0.191000 0.267000 0.066000 0.042000
11 0.689000 0.044000 0.046000 0.032000
11 0.932000 0.080000 0.044000 0.032000
11 0.062000 0.974000 0.056000 0.040000
7 0.959000 0.032000 0.058000 0.044000
2 0.397000 0.392000 0.082000 0.136000
2 0.032000 0.581000 0.064000 0.178000
11 0.839000 0.473000 0.042000 0.026000
11 0.193000 0.900000 0.030000 0.052000
2 0.043000 0.086000 0.086000 0.172000
7 0.893000 0.017000 0.054000 0.034000
11 0.152000 0.313000 0.036000 0.026000
11 0.837000 0.947000 0.026000 0.046000
2 0.166000 0.068000 0.160000 0.136000
7 0.030000 0.886000 0.052000 0.040000
2 0.951000 0.417000 0.070000 0.150000
11 0.017000 0.960000 0.034000 0.040000
2 0.789000 0.982000 0.070000 0.032000
2 0.506000 0.140000 0.088000 0.240000
11 0.280000 0.934000 0.024000 0.048000
11 0.010000 0.725000 0.020000 0.046000
2 0.959000 0.594000 0.078000 0.152000
2 0.987000 0.860000 0.022000 0.140000
7 0.554000 0.984000 0.028000 0.028000
2 0.870000 0.992000 0.084000 0.012000
11 0.180000 0.288000 0.044000 0.032000
6 0.218630 0.459630 0.041260 0.071260
6 0.258750 0.450130 0.037500 0.056260
6 0.290750 0.471750 0.037500 0.047500
7 0.861380 0.432130 0.058760 0.036260
2 0.774630 0.153630 0.141260 0.151260
2 0.930500 0.267130 0.105000 0.146260
