2 0.133000 0.297000 0.118000 0.122000
2 0.350000 0.508000 0.156000 0.160000
2 0.691000 0.857000 0.106000 0.126000
2 0.420000 0.269000 0.144000 0.146000
2 0.913000 0.225000 0.170000 0.134000
2 0.440000 0.945000 0.156000 0.106000
2 0.039000 0.440000 0.078000 0.136000
2 0.934000 0.366000 0.112000 0.096000
2 0.095000 0.855000 0.154000 0.138000
11 0.316000 0.781000 0.036000 0.046000
11 0.430000 0.647000 0.036000 0.046000
2 0.243000 0.622000 0.182000 0.152000
11 0.212000 0.907000 0.036000 0.046000
11 0.795000 0.354000 0.038000 0.040000
3 0.403000 0.780000 0.058000 0.060000
11 0.249000 0.869000 0.038000 0.046000
11 0.391000 0.693000 0.034000 0.046000
11 0.871000 0.426000 0.042000 0.044000
2 0.237000 0.140000 0.158000 0.184000
3 0.695000 0.351000 0.070000 0.066000
7 0.028000 0.156000 0.056000 0.076000
3 0.971000 0.473000 0.054000 0.070000
11 0.351000 0.740000 0.042000 0.048000
11 0.613000 0.980000 0.042000 0.036000
11 0.417000 0.821000 0.038000 0.042000
11 0.603000 0.198000 0.042000 0.040000
3 0.514000 0.066000 0.080000 0.076000
2 0.535000 0.698000 0.142000 0.112000
2 0.786000 0.029000 0.112000 0.058000
11 0.460000 0.605000 0.032000 0.046000
2 0.941000 0.978000 0.090000 0.040000
2 0.025000 0.966000 0.050000 0.064000
11 0.540000 0.510000 0.028000 0.032000
2 0.786000 0.552000 0.100000 0.096000
2 0.891000 0.619000 0.134000 0.122000
11 0.509000 0.840000 0.034000 0.032000
2 0.014000 0.075000 0.028000 0.138000
2 0.809000 0.859000 0.150000 0.130000
2 0.925000 0.768000 0.138000 0.112000
2 0.721000 0.172000 0.110000 0.100000
2 0.443400 0.462540 0.122800 0.113080
2 0.621830 0.649830 0.127660 0.127660
2 0.547990 0.325990 0.151980 0.151980
2 0.793670 0.243070 0.103340 0.102140
