2 0.369000 0.520000 0.154000 0.144000
2 0.862000 0.844000 0.124000 0.144000
2 0.508000 0.796000 0.132000 0.120000
2 0.153000 0.315000 0.106000 0.118000
2 0.515000 0.313000 0.118000 0.122000
2 0.132000 0.698000 0.168000 0.176000
2 0.633000 0.225000 0.130000 0.126000
2 0.336000 0.170000 0.108000 0.116000
2 0.059000 0.381000 0.118000 0.134000
11 0.485000 0.196000 0.046000 0.036000
11 0.196000 0.411000 0.052000 0.042000
2 0.943000 0.287000 0.110000 0.138000
11 0.294000 0.338000 0.044000 0.040000
11 0.152000 0.440000 0.044000 0.040000
11 0.613000 0.096000 0.050000 0.036000
2 0.800000 0.231000 0.128000 0.138000
11 0.390000 0.266000 0.036000 0.040000
2 0.915000 0.527000 0.130000 0.158000
11 0.351000 0.295000 0.042000 0.038000
11 0.651000 0.073000 0.046000 0.038000
11 0.306000 0.928000 0.028000 0.032000
11 0.520000 0.168000 0.040000 0.036000
11 0.872000 0.945000 0.052000 0.042000
11 0.833000 0.978000 0.046000 0.040000
2 0.760000 0.865000 0.096000 0.102000
11 0.559000 0.041000 0.026000 0.046000
11 0.349000 0.907000 0.030000 0.046000
2 0.032000 0.125000 0.064000 0.122000
2 0.420000 0.971000 0.248000 0.054000
2 0.617000 0.010000 0.114000 0.020000
2 0.976000 0.148000 0.044000 0.132000
2 0.834000 0.083000 0.152000 0.134000
2 0.474000 0.063000 0.124000 0.126000
7 0.737000 0.014000 0.042000 0.028000
11 0.728000 0.982000 0.032000 0.032000
11 0.507000 0.006000 0.030000 0.012000
11 0.793000 0.989000 0.042000 0.018000
2 0.955000 0.766000 0.086000 0.088000
