2 0.253000 0.214000 0.146000 0.112000
2 0.089000 0.213000 0.178000 0.146000
2 0.652000 0.132000 0.140000 0.124000
2 0.465000 0.169000 0.122000 0.138000
3 0.753000 0.271000 0.110000 0.114000
3 0.578000 0.719000 0.064000 0.078000
3 0.310000 0.416000 0.068000 0.072000
11 0.574000 0.622000 0.056000 0.032000
11 0.063000 0.320000 0.046000 0.028000
11 0.412000 0.286000 0.048000 0.028000
11 0.948000 0.826000 0.048000 0.032000
11 0.973000 0.893000 0.050000 0.038000
11 0.489000 0.085000 0.046000 0.030000
11 0.277000 0.308000 0.046000 0.032000
11 0.513000 0.717000 0.046000 0.046000
11 0.183000 0.281000 0.022000 0.046000
11 0.888000 0.367000 0.056000 0.034000
11 0.291000 0.042000 0.038000 0.028000
3 0.978000 0.135000 0.040000 0.090000
11 0.321000 0.301000 0.046000 0.030000
11 0.881000 0.802000 0.042000 0.032000
11 0.366000 0.290000 0.044000 0.032000
2 0.529000 0.966000 0.154000 0.064000
11 0.789000 0.021000 0.042000 0.026000
11 0.985000 0.842000 0.026000 0.028000
9 0.559540 0.483230 0.367080 0.354460
2 0.846000 0.633000 0.184000 0.250000
11 0.332000 0.051000 0.032000 0.026000
11 0.884000 0.418000 0.056000 0.028000
2 0.969000 0.760000 0.058000 0.116000
11 0.235000 0.031000 0.050000 0.038000
11 0.133000 0.008000 0.038000 0.016000
2 0.507000 0.006000 0.122000 0.012000
2 0.940000 0.968000 0.116000 0.060000
11 0.408000 0.016000 0.048000 0.024000
6 0.720310 0.726920 0.084620 0.113840
2 0.374310 0.195540 0.104620 0.103080
11 0.769690 0.133690 0.035380 0.055380
