2 0.162000 0.906000 0.268000 0.184000
2 0.388000 0.594000 0.268000 0.188000
2 0.136000 0.067000 0.272000 0.134000
2 0.714000 0.846000 0.188000 0.304000
11 0.639000 0.568000 0.046000 0.028000
11 0.854000 0.229000 0.032000 0.054000
11 0.884000 0.516000 0.028000 0.056000
11 0.320000 0.042000 0.048000 0.032000
11 0.932000 0.577000 0.024000 0.046000
11 0.814000 0.035000 0.028000 0.058000
11 0.985000 0.819000 0.026000 0.046000
11 0.962000 0.726000 0.028000 0.048000
11 0.828000 0.101000 0.028000 0.054000
11 0.364000 0.106000 0.020000 0.048000
11 0.940000 0.627000 0.028000 0.050000
11 0.899000 0.427000 0.022000 0.042000
11 0.953000 0.679000 0.026000 0.046000
11 0.437280 0.100740 0.022560 0.049480
11 0.463000 0.101000 0.026000 0.054000
11 0.339000 0.351000 0.022000 0.054000
11 0.890000 0.377000 0.024000 0.046000
11 0.918000 0.527000 0.024000 0.054000
11 0.867000 0.289000 0.034000 0.058000
11 0.494000 0.460000 0.028000 0.052000
11 0.675000 0.082000 0.026000 0.052000
11 0.415000 0.100000 0.026000 0.052000
11 0.561000 0.339000 0.022000 0.050000
11 0.585000 0.338000 0.022000 0.048000
11 0.520000 0.458000 0.024000 0.048000
11 0.485000 0.343000 0.022000 0.054000
11 0.756000 0.582000 0.044000 0.028000
11 0.461000 0.342000 0.026000 0.052000
11 0.524000 0.089000 0.024000 0.058000
11 0.552000 0.091000 0.024000 0.054000
11 0.648000 0.082000 0.028000 0.052000
11 0.575000 0.091000 0.022000 0.054000
11 0.627000 0.520000 0.042000 0.032000
11 0.485000 0.048000 0.046000 0.040000
11 0.992000 0.872000 0.012000 0.052000
11 0.329000 0.007000 0.054000 0.014000
11 0.626150 0.493950 0.048300 0.039900
11 0.881830 0.341840 0.019660 0.043680
