11 0.387000 0.832000 0.054000 0.028000
11 0.325000 0.165000 0.046000 0.030000
11 0.243000 0.412000 0.050000 0.024000
11 0.261000 0.331000 0.046000 0.030000
11 0.429000 0.371000 0.046000 0.030000
7 0.432000 0.261000 0.056000 0.030000
11 0.314000 0.342000 0.044000 0.024000
11 0.309000 0.418000 0.042000 0.024000
11 0.444000 0.184000 0.044000 0.024000
11 0.440000 0.209000 0.044000 0.030000
7 0.311000 0.368000 0.050000 0.024000
2 0.111000 0.341000 0.194000 0.454000
11 0.261000 0.361000 0.046000 0.026000
11 0.323000 0.253000 0.046000 0.030000
2 0.961000 0.066000 0.074000 0.128000
11 0.311000 0.392000 0.042000 0.024000
11 0.378000 0.902000 0.044000 0.028000
7 0.325000 0.197000 0.050000 0.026000
11 0.426000 0.396000 0.040000 0.020000
11 0.434000 0.312000 0.044000 0.024000
11 0.322000 0.278000 0.044000 0.024000
2 0.621000 0.310000 0.162000 0.620000
7 0.484000 0.374000 0.048000 0.028000
2 0.048000 0.788000 0.096000 0.420000
