2 0.934000 0.282000 0.128000 0.132000
2 0.048000 0.693000 0.096000 0.130000
2 0.767000 0.115000 0.166000 0.158000
2 0.549000 0.670000 0.150000 0.148000
2 0.886000 0.814000 0.136000 0.148000
2 0.441000 0.374000 0.142000 0.148000
2 0.472000 0.095000 0.100000 0.110000
2 0.582000 0.095000 0.120000 0.134000
2 0.086000 0.149000 0.156000 0.158000
2 0.126000 0.955000 0.148000 0.086000
2 0.307000 0.205000 0.094000 0.094000
2 0.723000 0.515000 0.134000 0.106000
2 0.940000 0.619250 0.120000 0.122500
11 0.957000 0.564000 0.038000 0.036000
11 0.105000 0.024000 0.046000 0.032000
11 0.314000 0.110000 0.044000 0.036000
11 0.791000 0.453000 0.046000 0.042000
11 0.172000 0.035000 0.044000 0.042000
11 0.583000 0.310000 0.038000 0.036000
2 0.041000 0.855000 0.082000 0.138000
2 0.623000 0.420000 0.102000 0.112000
11 0.543000 0.283000 0.042000 0.042000
2 0.226000 0.249000 0.092000 0.106000
11 0.067000 0.008000 0.038000 0.016000
2 0.980000 0.439000 0.036000 0.158000
2 0.325000 0.010000 0.126000 0.020000
2 0.980000 0.774000 0.036000 0.108000
2 0.446000 0.020000 0.144000 0.040000
2 0.835370 0.919000 0.118740 0.122000
2 0.354250 0.254130 0.132500 0.116260
