11 0.305000 0.225000 0.026000 0.042000
11 0.162000 0.672000 0.028000 0.044000
2 0.651380 0.581770 0.434760 0.351540
2 0.760000 0.044000 0.364000 0.088000
2 0.526770 0.926380 0.265540 0.144760
2 0.059000 0.780000 0.118000 0.436000
2 0.089230 0.332150 0.178460 0.232300
2 0.209230 0.031540 0.078460 0.063080
3 0.267380 0.560150 0.170760 0.052300
3 0.124920 0.502310 0.053840 0.124620
3 0.356000 0.353080 0.080000 0.046160
2 0.942000 0.891000 0.116000 0.210000
2 0.800000 0.795540 0.200000 0.123080
2 0.927540 0.492000 0.143080 0.280000
2 0.654440 0.838570 0.140880 0.121140
2 0.763340 0.910150 0.266680 0.144300
