11 0.761000 0.503000 0.042000 0.050000
2 0.151000 0.197000 0.302000 0.390000
11 0.531000 0.216000 0.046000 0.044000
2 0.208460 0.441850 0.416920 0.387700
11 0.136000 0.293000 0.044000 0.042000
11 0.397000 0.123000 0.034000 0.038000
11 0.182000 0.320000 0.036000 0.032000
11 0.710000 0.510000 0.032000 0.044000
11 0.429000 0.173000 0.030000 0.042000
11 0.911000 0.779000 0.046000 0.050000
11 0.841000 0.682000 0.046000 0.052000
3 0.941000 0.961000 0.070000 0.074000
11 0.087000 0.332000 0.034000 0.032000
11 0.354000 0.071000 0.040000 0.042000
11 0.671000 0.397000 0.046000 0.046000
2 0.395000 0.773230 0.790000 0.450460
11 0.091000 0.397000 0.026000 0.022000
3 0.589000 0.301000 0.078000 0.062000
11 0.217000 0.292000 0.042000 0.036000
11 0.008000 0.469000 0.016000 0.034000
2 0.843000 0.342000 0.310000 0.684000
11 0.855000 0.009000 0.046000 0.018000
6 0.974000 0.775000 0.052000 0.090000
2 0.487380 0.464460 0.210760 0.256920
2 0.703850 0.727540 0.187700 0.263080
2 0.653690 0.050000 0.235380 0.100000
