2 0.210000 0.631000 0.140000 0.142000
2 0.869000 0.425000 0.138000 0.134000
2 0.124000 0.240000 0.092000 0.092000
2 0.206000 0.090000 0.156000 0.180000
11 0.830000 0.218000 0.052000 0.052000
11 0.709000 0.121000 0.042000 0.042000
11 0.948000 0.133000 0.048000 0.038000
2 0.241000 0.447000 0.094000 0.142000
11 0.663000 0.084000 0.042000 0.040000
11 0.621000 0.051000 0.042000 0.038000
11 0.978000 0.330000 0.040000 0.040000
11 0.096000 0.765000 0.044000 0.034000
2 0.050000 0.964000 0.100000 0.068000
2 0.023000 0.242000 0.046000 0.144000
11 0.987000 0.174000 0.022000 0.044000
2 0.499000 0.299000 0.194000 0.182000
2 0.724000 0.982000 0.152000 0.032000
2 0.032000 0.027000 0.064000 0.054000
11 0.066000 0.849000 0.032000 0.034000
2 0.153000 0.406000 0.098000 0.104000
