11 0.872000 0.745000 0.032000 0.046000
2 0.715000 0.349000 0.570000 0.698000
11 0.911000 0.106000 0.046000 0.040000
11 0.418000 0.524000 0.028000 0.040000
7 0.211000 0.426000 0.054000 0.044000
7 0.716000 0.643000 0.056000 0.046000
7 0.214400 0.403280 0.060800 0.042560
11 0.221000 0.377000 0.050000 0.034000
7 0.728000 0.594000 0.060000 0.044000
7 0.156220 0.400490 0.064440 0.044980
7 0.160000 0.371000 0.052000 0.042000
11 0.777000 0.007000 0.038000 0.014000
2 0.296670 0.212660 0.593340 0.425320
11 0.982000 0.198000 0.032000 0.036000
2 0.386000 0.754000 0.772000 0.488000
7 0.834000 0.653330 0.072000 0.054660
