2 0.839000 0.107000 0.318000 0.202000
2 0.825000 0.483000 0.170000 0.318000
11 0.607000 0.293000 0.042000 0.042000
3 0.601000 0.248000 0.130000 0.076000
3 0.924000 0.279000 0.084000 0.102000
11 0.493000 0.321000 0.038000 0.042000
7 0.575000 0.161000 0.050000 0.038000
3 0.957000 0.364000 0.082000 0.068000
11 0.096000 0.584000 0.044000 0.032000
3 0.271000 0.804000 0.038000 0.112000
11 0.466000 0.935000 0.048000 0.046000
11 0.805000 0.277000 0.046000 0.030000
7 0.862000 0.219000 0.060000 0.038000
11 0.314000 0.885000 0.044000 0.042000
11 0.033000 0.681000 0.050000 0.042000
11 0.143000 0.921000 0.042000 0.038000
11 0.146000 0.594000 0.048000 0.032000
11 0.392000 0.875000 0.044000 0.046000
11 0.509000 0.971000 0.046000 0.046000
2 0.496000 0.676000 0.328000 0.524000
11 0.482000 0.153000 0.044000 0.034000
11 0.013000 0.480000 0.026000 0.048000
3 0.037000 0.557000 0.074000 0.050000
11 0.240000 0.728000 0.024000 0.040000
11 0.433000 0.978000 0.050000 0.040000
11 0.794000 0.198000 0.060000 0.036000
11 0.024000 0.946000 0.048000 0.032000
3 0.088000 0.975000 0.108000 0.046000
11 0.834000 0.982000 0.032000 0.032000
2 0.087000 0.054000 0.158000 0.108000
11 0.276000 0.039000 0.040000 0.030000
11 0.388000 0.018000 0.032000 0.032000
11 0.429000 0.040000 0.046000 0.040000
2 0.258000 0.271000 0.512000 0.510000
11 0.139000 0.770000 0.034000 0.052000
11 0.231000 0.678000 0.030000 0.052000
3 0.539000 0.151000 0.070000 0.118000
11 0.352000 0.009000 0.044000 0.018000
2 0.943000 0.888000 0.110000 0.220000
11 0.526000 0.289000 0.036000 0.030000
11 0.032000 0.520000 0.032000 0.040000
11 0.237000 0.016000 0.026000 0.020000
11 0.438000 0.126000 0.044000 0.036000
