7 0.559000 0.571000 0.066000 0.034000
2 0.855000 0.352000 0.286000 0.664000
2 0.867000 0.786000 0.126000 0.224000
7 0.556000 0.604000 0.060000 0.032000
11 0.487000 0.215000 0.042000 0.042000
7 0.564000 0.538000 0.064000 0.032000
11 0.060000 0.271000 0.044000 0.030000
7 0.296000 0.095000 0.028000 0.062000
11 0.555000 0.480000 0.046000 0.032000
3 0.585000 0.405000 0.126000 0.086000
11 0.387000 0.072000 0.026000 0.048000
7 0.179000 0.285000 0.030000 0.066000
11 0.491000 0.126000 0.046000 0.044000
7 0.166000 0.349000 0.052000 0.074000
11 0.243000 0.316000 0.030000 0.060000
11 0.359000 0.367000 0.030000 0.074000
11 0.337000 0.675000 0.018000 0.046000
7 0.353000 0.029000 0.046000 0.058000
11 0.210000 0.675000 0.028000 0.054000
11 0.075000 0.008000 0.022000 0.016000
2 0.985000 0.770000 0.026000 0.200000
11 0.263000 0.097000 0.026000 0.066000
11 0.500000 0.036000 0.044000 0.036000
11 0.332000 0.624000 0.024000 0.048000
11 0.568000 0.510000 0.064000 0.032000
