7 0.403000 0.420500 0.058000 0.057000
2 0.556000 0.375000 0.172000 0.202000
2 0.357000 0.242000 0.330000 0.328000
11 0.299500 0.510500 0.047000 0.041000
11 0.354000 0.509000 0.048000 0.046000
2 0.151500 0.078000 0.231000 0.156000
11 0.397000 0.534000 0.034000 0.032000
11 0.327000 0.395000 0.046000 0.042000
11 0.272000 0.489000 0.048000 0.046000
2 0.637000 0.713500 0.174000 0.203000
2 0.320000 0.871000 0.144000 0.138000
2 0.214000 0.670500 0.128000 0.109000
2 0.055500 0.305500 0.111000 0.123000
2 0.730500 0.315000 0.113000 0.154000
2 0.831000 0.349000 0.134000 0.146000
2 0.935000 0.393500 0.126000 0.151000
2 0.857000 0.159500 0.122000 0.131000
7 0.945500 0.293000 0.067000 0.050000
11 0.927500 0.210500 0.051000 0.041000
2 0.477000 0.918000 0.178000 0.164000
2 0.960000 0.852500 0.080000 0.113000
2 0.954000 0.744000 0.092000 0.108000
2 0.105000 0.770000 0.210000 0.460000
