2 0.078000 0.887000 0.144000 0.186000
2 0.420000 0.689000 0.280000 0.250000
2 0.689000 0.319000 0.094000 0.106000
2 0.261000 0.309000 0.118000 0.098000
2 0.502000 0.262000 0.160000 0.108000
2 0.952000 0.461000 0.092000 0.114000
2 0.835000 0.542000 0.134000 0.100000
2 0.049000 0.276000 0.094000 0.136000
7 0.842240 0.294000 0.064480 0.040000
2 0.273000 0.920000 0.142000 0.156000
2 0.665000 0.137000 0.370000 0.146000
2 0.461000 0.480000 0.234000 0.160000
11 0.795000 0.224000 0.046000 0.032000
3 0.456000 0.164000 0.048000 0.084000
11 0.611000 0.174000 0.046000 0.036000
11 0.204000 0.100000 0.048000 0.028000
11 0.062000 0.093000 0.048000 0.026000
3 0.417000 0.091000 0.078000 0.054000
11 0.839000 0.240000 0.042000 0.032000
2 0.961000 0.603000 0.074000 0.070000
11 0.895000 0.255000 0.042000 0.034000
11 0.659000 0.190000 0.042000 0.036000
11 0.201000 0.853000 0.026000 0.042000
11 0.705000 0.204000 0.050000 0.036000
2 0.162000 0.625000 0.176000 0.266000
11 0.963000 0.330000 0.046000 0.028000
11 0.258000 0.104000 0.044000 0.028000
3 0.367000 0.145000 0.046000 0.082000
11 0.751000 0.213000 0.042000 0.034000
11 0.119000 0.408000 0.046000 0.032000
7 0.124000 0.097000 0.064000 0.030000
11 0.935000 0.269000 0.046000 0.034000
2 0.810000 0.410000 0.148000 0.160000
11 0.029000 0.766000 0.058000 0.032000
11 0.129000 0.153000 0.042000 0.022000
11 0.638000 0.037000 0.028000 0.046000
11 0.666000 0.037000 0.028000 0.046000
2 0.745000 0.864000 0.506000 0.268000
7 0.099000 0.048000 0.058000 0.032000
2 0.982000 0.216000 0.032000 0.116000
3 0.401000 0.210000 0.062000 0.036000
2 0.562000 0.026000 0.116000 0.052000
11 0.786000 0.277000 0.036000 0.030000
11 0.652000 0.243000 0.048000 0.030000
11 0.328000 0.035000 0.032000 0.030000
11 0.096000 0.782000 0.044000 0.028000
11 0.608000 0.230000 0.040000 0.028000
11 0.227000 0.157000 0.054000 0.026000
