2 0.612000 0.451000 0.200000 0.218000
11 0.607000 0.592000 0.042000 0.036000
3 0.466000 0.232000 0.060000 0.076000
11 0.667000 0.121000 0.042000 0.042000
11 0.623000 0.158000 0.046000 0.044000
11 0.580000 0.187000 0.040000 0.042000
2 0.259000 0.101000 0.266000 0.202000
11 0.465000 0.617000 0.046000 0.042000
11 0.649000 0.695000 0.042000 0.042000
11 0.170000 0.731000 0.044000 0.038000
11 0.454000 0.555000 0.040000 0.038000
11 0.509000 0.779000 0.034000 0.034000
11 0.504000 0.728000 0.036000 0.040000
11 0.442000 0.719000 0.036000 0.034000
11 0.541000 0.244000 0.038000 0.044000
11 0.372000 0.724000 0.032000 0.040000
2 0.788000 0.283000 0.312000 0.234000
11 0.404000 0.631000 0.040000 0.050000
11 0.275000 0.724000 0.034000 0.040000
11 0.308000 0.779000 0.040000 0.042000
11 0.966000 0.834000 0.036000 0.024000
11 0.529000 0.526000 0.034000 0.036000
11 0.426000 0.869000 0.036000 0.046000
11 0.176000 0.779000 0.036000 0.034000
11 0.855000 0.824000 0.038000 0.028000
11 0.658000 0.863000 0.024000 0.042000
11 0.055000 0.744000 0.038000 0.028000
11 0.723000 0.867000 0.022000 0.050000
11 0.240000 0.774000 0.032000 0.032000
11 0.244000 0.723000 0.032000 0.042000
11 0.389000 0.873000 0.030000 0.046000
11 0.232000 0.872000 0.028000 0.032000
11 0.978000 0.658000 0.040000 0.032000
11 0.965000 0.786000 0.042000 0.028000
11 0.622000 0.865000 0.032000 0.046000
11 0.592000 0.869000 0.028000 0.038000
11 0.980000 0.735000 0.036000 0.026000
11 0.541000 0.717000 0.038000 0.038000
11 0.134000 0.878000 0.032000 0.036000
11 0.976000 0.760000 0.044000 0.024000
11 0.966000 0.895000 0.036000 0.022000
2 0.562000 0.971000 0.872000 0.054000
11 0.570000 0.550000 0.024000 0.028000
11 0.362000 0.869000 0.024000 0.038000
