2 0.208000 0.192000 0.164000 0.184000
2 0.458000 0.152000 0.136000 0.112000
2 0.266000 0.327000 0.128000 0.090000
2 0.535000 0.876000 0.198000 0.228000
2 0.936000 0.890000 0.124000 0.208000
3 0.386000 0.242000 0.088000 0.068000
11 0.563000 0.174000 0.046000 0.036000
2 0.683250 0.586880 0.182500 0.193760
11 0.663000 0.462000 0.042000 0.032000
2 0.905000 0.161000 0.162000 0.158000
2 0.938000 0.467000 0.120000 0.186000
2 0.319000 0.529000 0.222000 0.126000
11 0.693000 0.095000 0.038000 0.034000
11 0.739000 0.071000 0.046000 0.042000
2 0.551750 0.328000 0.127500 0.120000
11 0.522000 0.271000 0.036000 0.034000
11 0.228000 0.024000 0.036000 0.048000
7 0.835000 0.017000 0.050000 0.034000
2 0.723000 0.270000 0.346000 0.272000
3 0.468000 0.269000 0.064000 0.102000
11 0.534000 0.587000 0.032000 0.046000
2 0.747000 0.709000 0.170000 0.154000
7 0.518000 0.620000 0.044000 0.056000
2 0.082000 0.874000 0.164000 0.112000
2 0.409000 0.641000 0.146000 0.126000
11 0.679000 0.176000 0.038000 0.036000
7 0.791000 0.040000 0.046000 0.040000
2 0.225000 0.640000 0.214000 0.088000
2 0.056000 0.017000 0.096000 0.034000
2 0.718000 0.043000 0.236000 0.086000
11 0.498000 0.391000 0.020000 0.030000
11 0.614880 0.619250 0.033760 0.042500
11 0.539250 0.664880 0.042500 0.053760
2 0.428500 0.738250 0.225000 0.172500
2 0.306500 0.412380 0.185000 0.128760
2 0.140380 0.065000 0.168760 0.130000
