7 0.395000 0.523000 0.046000 0.062000
11 0.110000 0.226000 0.036000 0.048000
11 0.171000 0.173000 0.042000 0.046000
11 0.435000 0.857000 0.030000 0.050000
11 0.490000 0.770000 0.028000 0.052000
11 0.142000 0.278000 0.032000 0.048000
11 0.248000 0.292000 0.036000 0.048000
11 0.383000 0.691000 0.030000 0.042000
11 0.509000 0.821000 0.034000 0.050000
11 0.292000 0.516000 0.040000 0.048000
11 0.169000 0.315000 0.034000 0.038000
11 0.419000 0.575000 0.030000 0.042000
11 0.472000 0.716000 0.028000 0.056000
11 0.215000 0.243000 0.042000 0.050000
11 0.402000 0.758000 0.032000 0.048000
11 0.524000 0.871000 0.032000 0.050000
11 0.025000 0.089000 0.034000 0.038000
11 0.455000 0.665000 0.026000 0.038000
7 0.092000 0.051000 0.044000 0.054000
11 0.306000 0.387000 0.040000 0.054000
11 0.335000 0.431000 0.038000 0.050000
11 0.463000 0.953000 0.026000 0.054000
2 0.127000 0.689000 0.254000 0.370000
11 0.360000 0.472000 0.032000 0.040000
7 0.419000 0.807000 0.034000 0.050000
2 0.052000 0.253000 0.104000 0.190000
11 0.263000 0.469000 0.034000 0.042000
11 0.274000 0.337000 0.036000 0.046000
11 0.062000 0.016000 0.040000 0.032000
11 0.436000 0.615000 0.024000 0.038000
11 0.477000 0.989000 0.030000 0.018000
11 0.122000 0.096000 0.028000 0.036000
2 0.037000 0.975000 0.074000 0.046000
