2 0.467000 0.930000 0.158000 0.128000
2 0.272000 0.866000 0.172000 0.144000
2 0.444000 0.809000 0.164000 0.110000
2 0.152000 0.566000 0.140000 0.152000
2 0.205000 0.720000 0.166000 0.116000
11 0.701000 0.132000 0.042000 0.036000
3 0.198000 0.459000 0.080000 0.058000
11 0.539000 0.168000 0.050000 0.040000
11 0.171000 0.389000 0.046000 0.038000
11 0.638000 0.038000 0.036000 0.044000
11 0.311000 0.306000 0.046000 0.040000
2 0.648000 0.277000 0.148000 0.166000
11 0.263000 0.529000 0.034000 0.058000
11 0.284000 0.578000 0.032000 0.048000
11 0.130000 0.415000 0.036000 0.030000
11 0.302000 0.626000 0.032000 0.052000
2 0.131000 0.888000 0.122000 0.112000
11 0.010000 0.438000 0.020000 0.044000
2 0.684000 0.779000 0.344000 0.170000
2 0.264000 0.213000 0.524000 0.422000
11 0.318000 0.671000 0.032000 0.046000
11 0.276000 0.395000 0.048000 0.042000
2 0.929000 0.830000 0.138000 0.336000
2 0.398000 0.617000 0.128000 0.126000
2 0.897000 0.151000 0.202000 0.298000
2 0.723000 0.586000 0.554000 0.224000
11 0.670000 0.008000 0.036000 0.016000
2 0.012000 0.837000 0.024000 0.122000
2 0.452390 0.396050 0.212780 0.192100
