2 0.237000 0.201000 0.118000 0.114000
2 0.128000 0.472000 0.144000 0.136000
2 0.326000 0.365000 0.120000 0.106000
2 0.295000 0.627000 0.130000 0.126000
2 0.498000 0.253000 0.132000 0.134000
2 0.790000 0.652000 0.112000 0.112000
2 0.372000 0.833000 0.120000 0.130000
2 0.471000 0.591000 0.110000 0.094000
2 0.451000 0.144000 0.106000 0.104000
2 0.065000 0.315000 0.130000 0.194000
2 0.598000 0.407000 0.108000 0.106000
2 0.714000 0.952000 0.124000 0.092000
2 0.124000 0.115000 0.144000 0.162000
2 0.812000 0.753000 0.108000 0.102000
2 0.927000 0.883000 0.142000 0.166000
11 0.531000 0.439000 0.038000 0.046000
11 0.589000 0.529000 0.034000 0.042000
11 0.376000 0.192000 0.036000 0.044000
3 0.618000 0.102000 0.088000 0.068000
11 0.802000 0.858000 0.040000 0.052000
11 0.477000 0.441000 0.030000 0.042000
11 0.345000 0.147000 0.034000 0.050000
11 0.361000 0.260000 0.038000 0.048000
11 0.788000 0.925000 0.040000 0.054000
2 0.772000 0.032000 0.148000 0.064000
11 0.722000 0.827000 0.036000 0.038000
11 0.724000 0.729000 0.032000 0.042000
11 0.658000 0.635000 0.032000 0.042000
11 0.451000 0.312000 0.034000 0.044000
2 0.323000 0.731000 0.114000 0.094000
11 0.613000 0.654000 0.042000 0.052000
7 0.665000 0.740000 0.046000 0.056000
11 0.698000 0.784000 0.036000 0.040000
11 0.285000 0.053000 0.030000 0.042000
11 0.962000 0.242000 0.044000 0.028000
11 0.772000 0.814000 0.036000 0.048000
2 0.361000 0.024000 0.114000 0.048000
2 0.495000 0.976000 0.118000 0.044000
11 0.872000 0.966000 0.040000 0.056000
2 0.975000 0.404000 0.046000 0.216000
3 0.749000 0.151000 0.046000 0.066000
11 0.857000 0.219000 0.042000 0.026000
2 0.643000 0.872000 0.094000 0.088000
11 0.992000 0.259000 0.012000 0.030000
2 0.392240 0.537870 0.128480 0.111740
2 0.751180 0.582850 0.106360 0.101700
2 0.443670 0.907530 0.159340 0.143060
2 0.229690 0.531000 0.143380 0.158000
