7 0.858000 0.701000 0.060000 0.050000
3 0.677000 0.842000 0.086000 0.156000
11 0.278000 0.923000 0.044000 0.042000
11 0.470000 0.851000 0.044000 0.038000
11 0.384000 0.883000 0.044000 0.038000
11 0.490000 0.925000 0.044000 0.030000
11 0.334000 0.902000 0.048000 0.036000
11 0.607000 0.798000 0.042000 0.040000
11 0.178000 0.962000 0.044000 0.036000
11 0.226000 0.945000 0.048000 0.042000
11 0.536000 0.906000 0.048000 0.036000
11 0.869000 0.751000 0.046000 0.034000
11 0.442000 0.943000 0.048000 0.038000
11 0.396000 0.962000 0.044000 0.036000
2 0.350000 0.303000 0.196000 0.234000
11 0.853000 0.788000 0.042000 0.032000
11 0.355000 0.978000 0.042000 0.032000
6 0.539000 0.858000 0.122000 0.068000
11 0.242000 0.989000 0.036000 0.018000
3 0.937000 0.616000 0.070000 0.060000
2 0.300000 0.052000 0.208000 0.104000
2 0.732000 0.626000 0.208000 0.208000
11 0.306000 0.989000 0.048000 0.018000
11 0.797000 0.722000 0.042000 0.036000
2 0.819000 0.954000 0.306000 0.088000
11 0.610000 0.008000 0.048000 0.016000
11 0.879000 0.404000 0.038000 0.056000
11 0.698000 0.010000 0.028000 0.020000
11 0.041000 0.992000 0.046000 0.012000
11 0.799000 0.812000 0.046000 0.032000
