2 0.732000 0.079000 0.200000 0.158000
2 0.938000 0.079000 0.120000 0.158000
11 0.601000 0.157000 0.046000 0.030000
11 0.548000 0.157000 0.052000 0.030000
2 0.310000 0.059000 0.216000 0.118000
3 0.435000 0.127000 0.082000 0.046000
11 0.080000 0.631000 0.020000 0.050000
7 0.295000 0.143000 0.050000 0.030000
11 0.009000 0.400000 0.018000 0.056000
2 0.108000 0.020000 0.212000 0.040000
11 0.681000 0.162000 0.042000 0.024000
2 0.543000 0.805000 0.914000 0.386000
2 0.557000 0.440000 0.886000 0.432000
2 0.565940 0.048100 0.155880 0.096200
11 0.956530 0.184610 0.045060 0.029220
