11 0.239000 0.059000 0.030000 0.046000
2 0.728000 0.917000 0.256000 0.162000
6 0.169000 0.888000 0.122000 0.064000
11 0.331000 0.800000 0.054000 0.044000
11 0.261000 0.793000 0.046000 0.034000
11 0.044000 0.982000 0.052000 0.032000
11 0.228000 0.909000 0.052000 0.034000
11 0.186000 0.056000 0.028000 0.044000
11 0.095000 0.028000 0.034000 0.044000
11 0.139000 0.047000 0.034000 0.054000
11 0.497000 0.035000 0.058000 0.046000
11 0.028000 0.012000 0.024000 0.024000
11 0.172000 0.156000 0.044000 0.044000
2 0.578000 0.652000 0.840000 0.636000
