2 0.867000 0.699000 0.262000 0.222000
2 0.399000 0.897000 0.338000 0.202000
7 0.583000 0.906000 0.046000 0.064000
11 0.935000 0.818000 0.046000 0.036000
11 0.023000 0.470000 0.046000 0.040000
11 0.128000 0.687000 0.032000 0.042000
11 0.747000 0.546000 0.042000 0.036000
11 0.893000 0.810000 0.038000 0.028000
11 0.543000 0.874000 0.034000 0.048000
11 0.157000 0.888000 0.030000 0.056000
3 0.929000 0.200000 0.074000 0.056000
2 0.668000 0.790000 0.192000 0.176000
2 0.927000 0.925000 0.142000 0.146000
11 0.795000 0.035000 0.046000 0.038000
11 0.950000 0.756000 0.040000 0.032000
7 0.569000 0.682000 0.066000 0.052000
11 0.503000 0.783000 0.030000 0.042000
11 0.972000 0.347000 0.036000 0.054000
11 0.853000 0.148000 0.042000 0.052000
2 0.443330 0.381920 0.850660 0.763840
11 0.987000 0.731000 0.022000 0.038000
2 0.940000 0.026000 0.116000 0.052000
