2 0.279000 0.659000 0.158000 0.098000
2 0.613000 0.922000 0.126000 0.144000
2 0.621000 0.598000 0.134000 0.152000
2 0.938000 0.107000 0.120000 0.158000
2 0.248000 0.491000 0.168000 0.110000
2 0.235000 0.127000 0.182000 0.090000
2 0.653000 0.721000 0.134000 0.110000
2 0.907000 0.654000 0.102000 0.116000
2 0.368000 0.907000 0.152000 0.102000
2 0.678000 0.082000 0.124000 0.160000
11 0.152000 0.877000 0.024000 0.042000
2 0.812000 0.666000 0.088000 0.148000
11 0.075000 0.483000 0.022000 0.042000
2 0.401000 0.795000 0.198000 0.122000
2 0.658000 0.417000 0.208000 0.094000
11 0.728000 0.489000 0.024000 0.046000
2 0.075000 0.901000 0.150000 0.194000
2 0.941000 0.447000 0.114000 0.094000
11 0.691000 0.538000 0.058000 0.032000
2 0.259000 0.035000 0.142000 0.070000
2 0.839000 0.976000 0.182000 0.044000
2 0.262000 0.313000 0.108000 0.122000
2 0.989000 0.672000 0.018000 0.144000
2 0.014000 0.332000 0.028000 0.132000
11 0.987000 0.345000 0.022000 0.030000
