2 0.965300 0.376520 0.066600 0.241040
2 0.906260 0.664130 0.184520 0.396260
2 0.867670 0.900520 0.259340 0.193040
2 0.841450 0.070290 0.170900 0.140580
11 0.710060 0.543420 0.040120 0.034840
11 0.702420 0.572870 0.048840 0.029740
11 0.694930 0.596070 0.045860 0.036140
11 0.674630 0.648620 0.049260 0.037240
11 0.660850 0.700930 0.049700 0.033860
11 0.640100 0.752500 0.048200 0.029000
11 0.598100 0.879070 0.048200 0.030140
11 0.605000 0.856000 0.046000 0.036000
11 0.888000 0.495000 0.048000 0.034000
11 0.739000 0.442000 0.046000 0.040000
11 0.666000 0.675000 0.048000 0.038000
11 0.624000 0.766000 0.048000 0.032000
11 0.719000 0.516000 0.050000 0.040000
11 0.807000 0.161000 0.022000 0.038000
11 0.571000 0.929000 0.050000 0.038000
11 0.854000 0.157000 0.024000 0.042000
11 0.980000 0.962000 0.036000 0.028000
11 0.647000 0.726000 0.046000 0.036000
11 0.832000 0.161000 0.028000 0.038000
11 0.683000 0.622000 0.042000 0.032000
11 0.624000 0.800000 0.056000 0.036000
13 0.163000 0.962000 0.254000 0.072000
11 0.985000 0.921000 0.026000 0.046000
