2 0.225000 0.484000 0.242000 0.260000
2 0.708000 0.413000 0.176000 0.158000
2 0.387000 0.712000 0.122000 0.112000
2 0.901000 0.703000 0.194000 0.242000
2 0.118000 0.906000 0.236000 0.184000
3 0.468000 0.888000 0.072000 0.120000
3 0.298000 0.904000 0.104000 0.060000
11 0.027000 0.256000 0.054000 0.036000
11 0.800000 0.953000 0.048000 0.038000
11 0.105000 0.647000 0.046000 0.038000
11 0.181000 0.694000 0.038000 0.028000
11 0.273000 0.310000 0.038000 0.028000
11 0.744000 0.268000 0.048000 0.028000
11 0.853000 0.969000 0.050000 0.034000
11 0.902000 0.982000 0.048000 0.032000
11 0.631000 0.987000 0.042000 0.022000
2 0.417000 0.568000 0.090000 0.092000
11 0.150000 0.663000 0.040000 0.034000
3 0.183000 0.775000 0.066000 0.106000
2 0.370000 0.968000 0.252000 0.060000
11 0.224000 0.703000 0.028000 0.038000
7 0.136000 0.684000 0.044000 0.036000
2 0.680000 0.654000 0.304000 0.228000
11 0.972000 0.991000 0.036000 0.014000
