2 0.612000 0.699000 0.124000 0.130000
2 0.335000 0.663000 0.130000 0.142000
2 0.936000 0.146000 0.124000 0.156000
2 0.209000 0.178000 0.134000 0.120000
2 0.596000 0.041000 0.156000 0.082000
2 0.041000 0.487000 0.082000 0.142000
2 0.959000 0.904000 0.078000 0.124000
2 0.612000 0.352000 0.152000 0.112000
2 0.506000 0.569000 0.060000 0.102000
2 0.083000 0.867000 0.150000 0.134000
2 0.310000 0.389000 0.128000 0.206000
2 0.587000 0.153000 0.158000 0.142000
2 0.043000 0.673000 0.086000 0.106000
2 0.622000 0.503000 0.144000 0.198000
2 0.920000 0.019000 0.156000 0.038000
2 0.959000 0.402000 0.078000 0.120000
11 0.791000 0.807000 0.026000 0.050000
11 0.806000 0.394000 0.024000 0.048000
11 0.786000 0.677000 0.028000 0.050000
2 0.924000 0.589000 0.148000 0.154000
11 0.776000 0.563000 0.028000 0.046000
2 0.638000 0.904000 0.184000 0.172000
2 0.971000 0.292000 0.054000 0.104000
11 0.795000 0.855000 0.026000 0.038000
11 0.781000 0.610000 0.026000 0.048000
2 0.434000 0.759000 0.092000 0.082000
2 0.268000 0.035000 0.124000 0.070000
12 0.033130 0.235130 0.066260 0.046260
