2 0.415000 0.094000 0.158000 0.180000
2 0.144000 0.229000 0.172000 0.142000
2 0.052000 0.422000 0.104000 0.164000
2 0.947000 0.120000 0.102000 0.092000
3 0.757000 0.369000 0.074000 0.058000
11 0.879000 0.580000 0.038000 0.044000
11 0.902000 0.621000 0.036000 0.042000
2 0.155440 0.490140 0.138880 0.204280
11 0.656000 0.127000 0.036000 0.046000
11 0.712000 0.241000 0.036000 0.050000
11 0.624000 0.060000 0.036000 0.052000
2 0.836000 0.929000 0.296000 0.138000
11 0.854000 0.529000 0.032000 0.042000
11 0.953000 0.400000 0.038000 0.028000
2 0.760000 0.056000 0.144000 0.112000
11 0.617000 0.179000 0.034000 0.046000
11 0.677000 0.171000 0.034000 0.046000
2 0.075000 0.874000 0.150000 0.248000
11 0.536000 0.232000 0.036000 0.048000
11 0.947000 0.890000 0.046000 0.040000
7 0.566000 0.082000 0.040000 0.052000
2 0.371200 0.659780 0.122400 0.119560
11 0.985000 0.945000 0.026000 0.050000
11 0.545000 0.034000 0.046000 0.060000
7 0.684000 0.408000 0.056000 0.044000
11 0.598000 0.020000 0.032000 0.040000
2 0.037000 0.035000 0.074000 0.070000
6 0.832640 0.412000 0.081280 0.104000
2 0.977000 0.647880 0.046000 0.175760
2 0.021000 0.141000 0.042000 0.146000
2 0.644000 0.714000 0.208000 0.152000
11 0.992000 0.330000 0.012000 0.036000
2 0.517000 0.479000 0.186000 0.198000
11 0.675000 0.298000 0.026000 0.036000
2 0.849000 0.260000 0.126000 0.148000
2 0.481140 0.626110 0.174280 0.188220
2 0.301600 0.420210 0.287200 0.284420
2 0.828070 0.169670 0.124140 0.107340
