2 0.910000 0.834000 0.176000 0.328000
2 0.141000 0.938000 0.090000 0.120000
7 0.748000 0.729000 0.028000 0.050000
2 0.344000 0.280000 0.680000 0.216000
11 0.766000 0.886000 0.024000 0.052000
2 0.906000 0.245000 0.184000 0.490000
11 0.802000 0.741000 0.024000 0.042000
11 0.765000 0.651000 0.022000 0.046000
11 0.759000 0.825000 0.018000 0.042000
2 0.134000 0.551000 0.268000 0.306000
11 0.814000 0.844000 0.020000 0.040000
3 0.772000 0.613000 0.092000 0.042000
7 0.891000 0.564000 0.070000 0.028000
2 0.325000 0.943000 0.302000 0.110000
11 0.825000 0.932000 0.022000 0.052000
11 0.774000 0.946000 0.032000 0.060000
11 0.811000 0.795000 0.022000 0.054000
11 0.797000 0.703000 0.022000 0.038000
11 0.754000 0.772000 0.020000 0.036000
11 0.775000 0.749000 0.022000 0.038000
2 0.395000 0.588000 0.302000 0.192000
2 0.636000 0.688000 0.168000 0.224000
2 0.673330 0.898000 0.138660 0.204000
6 0.105330 0.370000 0.126660 0.056000
2 0.533330 0.966670 0.134660 0.065340
2 0.052670 0.921330 0.105340 0.142660
