2 0.194000 0.948000 0.276000 0.100000
2 0.922000 0.383000 0.152000 0.194000
2 0.742000 0.367000 0.256000 0.218000
2 0.607000 0.795000 0.254000 0.202000
2 0.342860 0.468330 0.281720 0.596660
11 0.304000 0.181000 0.032000 0.050000
3 0.041000 0.874000 0.082000 0.064000
2 0.571000 0.030000 0.142000 0.060000
3 0.280000 0.114000 0.100000 0.072000
11 0.055000 0.726000 0.030000 0.048000
11 0.143000 0.456000 0.030000 0.052000
11 0.906000 0.184000 0.056000 0.036000
11 0.461000 0.960000 0.050000 0.032000
11 0.855000 0.231000 0.038000 0.030000
11 0.187000 0.320000 0.030000 0.048000
3 0.412000 0.054000 0.052000 0.100000
11 0.040000 0.775000 0.028000 0.050000
11 0.238000 0.172000 0.028000 0.044000
11 0.205000 0.273000 0.026000 0.046000
11 0.300000 0.031000 0.028000 0.050000
11 0.221000 0.222000 0.022000 0.044000
11 0.937000 0.115000 0.042000 0.038000
11 0.970000 0.208000 0.032000 0.032000
2 0.032000 0.159940 0.064000 0.139880
11 0.128000 0.502000 0.028000 0.048000
7 0.500000 0.851000 0.028000 0.054000
11 0.541000 0.984000 0.046000 0.028000
11 0.991000 0.284000 0.014000 0.032000
2 0.957000 0.922000 0.082000 0.152000
11 0.204000 0.008000 0.036000 0.016000
2 0.989000 0.665000 0.018000 0.194000
2 0.559190 0.278890 0.194380 0.153780
2 0.401650 0.744580 0.199300 0.145160
