2 0.793000 0.061000 0.274000 0.122000
11 0.510000 0.348000 0.044000 0.056000
7 0.911000 0.319000 0.046000 0.058000
7 0.036000 0.916000 0.040000 0.064000
11 0.911000 0.388000 0.046000 0.052000
3 0.370000 0.075000 0.076000 0.078000
11 0.057000 0.820000 0.034000 0.052000
2 0.931000 0.239000 0.134000 0.242000
11 0.969000 0.344000 0.034000 0.048000
11 0.957000 0.113000 0.046000 0.034000
11 0.969000 0.464000 0.034000 0.036000
2 0.506000 0.478000 0.652000 0.476000
11 0.992000 0.375000 0.012000 0.026000
