2 0.230000 0.839000 0.104000 0.098000
2 0.205000 0.629000 0.130000 0.130000
2 0.316000 0.501000 0.112000 0.106000
2 0.327000 0.874000 0.114000 0.100000
2 0.705000 0.783000 0.106000 0.134000
2 0.620000 0.557000 0.148000 0.098000
2 0.654000 0.218000 0.144000 0.436000
2 0.075000 0.969000 0.134000 0.058000
11 0.105000 0.423000 0.026000 0.046000
2 0.551000 0.839000 0.174000 0.134000
11 0.013000 0.770000 0.026000 0.040000
11 0.056000 0.612000 0.028000 0.040000
2 0.023000 0.352000 0.046000 0.132000
2 0.012000 0.531000 0.024000 0.130000
2 0.293000 0.304000 0.586000 0.252000
2 0.271000 0.957000 0.082000 0.082000
2 0.037000 0.039000 0.074000 0.078000
