2 0.888000 0.074000 0.220000 0.148000
2 0.911000 0.883000 0.174000 0.230000
2 0.100000 0.372000 0.200000 0.132000
11 0.257000 0.870000 0.034000 0.036000
11 0.391000 0.666000 0.034000 0.036000
11 0.139000 0.914000 0.034000 0.032000
11 0.471000 0.329000 0.050000 0.034000
2 0.575000 0.118000 0.430000 0.236000
11 0.291000 0.765000 0.038000 0.034000
2 0.181000 0.120000 0.358000 0.232000
11 0.807000 0.255000 0.034000 0.034000
11 0.525000 0.341000 0.042000 0.034000
2 0.264000 0.695000 0.528000 0.610000
11 0.913000 0.663000 0.042000 0.042000
11 0.359000 0.772000 0.034000 0.036000
11 0.569000 0.351000 0.046000 0.034000
11 0.173000 0.317000 0.042000 0.026000
11 0.046000 0.994000 0.036000 0.008000
2 0.538840 0.770340 0.709680 0.456680
11 0.108000 0.450000 0.036000 0.024000
