2 0.166000 0.652000 0.264000 0.140000
3 0.477000 0.784000 0.118000 0.060000
3 0.347000 0.876000 0.058000 0.096000
3 0.954000 0.765000 0.088000 0.078000
11 0.165000 0.289000 0.046000 0.030000
11 0.321000 0.190000 0.042000 0.036000
11 0.356000 0.447000 0.040000 0.030000
11 0.160000 0.241000 0.048000 0.034000
3 0.705000 0.849000 0.062000 0.098000
2 0.768000 0.582000 0.464000 0.392000
11 0.948000 0.645000 0.048000 0.058000
11 0.592000 0.062000 0.036000 0.040000
11 0.298000 0.034000 0.044000 0.032000
11 0.389000 0.557000 0.038000 0.050000
11 0.344000 0.352000 0.040000 0.032000
11 0.338000 0.316000 0.044000 0.032000
11 0.371000 0.494000 0.046000 0.036000
11 0.507000 0.647000 0.030000 0.046000
11 0.823000 0.830000 0.046000 0.032000
11 0.068000 0.751000 0.036000 0.050000
11 0.306000 0.570000 0.040000 0.024000
11 0.335000 0.267000 0.042000 0.030000
11 0.347000 0.403000 0.034000 0.030000
11 0.421000 0.055000 0.042000 0.030000
11 0.123000 0.749000 0.038000 0.054000
11 0.168000 0.334000 0.036000 0.020000
11 0.395000 0.610000 0.042000 0.036000
11 0.316000 0.133000 0.032000 0.030000
11 0.787000 0.864000 0.046000 0.028000
2 0.067000 0.247000 0.094000 0.486000
11 0.844000 0.870000 0.052000 0.028000
11 0.143000 0.034000 0.014000 0.032000
11 0.773000 0.834000 0.046000 0.032000
11 0.478000 0.489000 0.044000 0.030000
2 0.646000 0.345330 0.288000 0.390660
2 0.854670 0.075330 0.209340 0.150660
2 0.518670 0.046000 0.149340 0.092000
