2 0.294000 0.070000 0.188000 0.140000
2 0.106000 0.717000 0.160000 0.122000
2 0.206000 0.915000 0.284000 0.166000
2 0.745000 0.290000 0.110000 0.076000
11 0.169000 0.332000 0.038000 0.044000
11 0.046000 0.619000 0.036000 0.038000
11 0.625000 0.696000 0.046000 0.032000
11 0.805000 0.510000 0.046000 0.032000
11 0.110000 0.548000 0.036000 0.040000
2 0.927000 0.504000 0.142000 0.248000
11 0.541000 0.814000 0.038000 0.036000
11 0.205000 0.418000 0.038000 0.048000
11 0.093000 0.427000 0.038000 0.042000
11 0.848000 0.844000 0.024000 0.040000
11 0.978000 0.672000 0.040000 0.032000
11 0.122000 0.401000 0.028000 0.030000
11 0.343000 0.253000 0.034000 0.042000
11 0.626000 0.895000 0.040000 0.042000
11 0.563000 0.122000 0.038000 0.036000
2 0.509000 0.354000 0.330000 0.292000
11 0.014000 0.668000 0.028000 0.040000
2 0.124000 0.612000 0.108000 0.096000
11 0.014000 0.524000 0.028000 0.040000
11 0.545000 0.017000 0.038000 0.034000
11 0.132000 0.515000 0.036000 0.042000
11 0.850000 0.945000 0.028000 0.042000
11 0.245000 0.379000 0.042000 0.046000
2 0.025000 0.454000 0.050000 0.164000
2 0.612000 0.968000 0.116000 0.060000
11 0.043000 0.489000 0.030000 0.030000
11 0.710000 0.963000 0.052000 0.046000
11 0.316000 0.155000 0.040000 0.038000
11 0.084000 0.992000 0.040000 0.012000
11 0.663000 0.927000 0.042000 0.042000
