2 0.747000 0.501000 0.330000 0.218000
2 0.133000 0.300000 0.250000 0.212000
2 0.392000 0.106000 0.144000 0.120000
2 0.705000 0.201000 0.106000 0.106000
2 0.892000 0.237000 0.212000 0.146000
2 0.425150 0.395770 0.322300 0.251540
2 0.123000 0.878000 0.142000 0.140000
2 0.955000 0.582000 0.086000 0.156000
11 0.583350 0.834890 0.026700 0.049780
11 0.601740 0.843140 0.031480 0.042280
11 0.624000 0.847000 0.028000 0.038000
2 0.510000 0.966000 0.128000 0.064000
2 0.317000 0.934000 0.142000 0.128000
11 0.249490 0.610090 0.022980 0.052180
11 0.274000 0.615000 0.032000 0.046000
2 0.917000 0.025000 0.162000 0.050000
2 0.135000 0.055000 0.266000 0.106000
2 0.890690 0.970000 0.097380 0.060000
