11 0.677000 0.471000 0.042000 0.030000
11 0.749000 0.315000 0.046000 0.030000
11 0.776000 0.270000 0.056000 0.032000
11 0.833000 0.287000 0.046000 0.030000
11 0.575000 0.261000 0.042000 0.030000
11 0.886000 0.359000 0.040000 0.030000
11 0.589000 0.210000 0.034000 0.028000
11 0.442000 0.165000 0.044000 0.030000
11 0.628000 0.279000 0.056000 0.038000
11 0.455000 0.224000 0.042000 0.028000
11 0.803000 0.330000 0.042000 0.028000
11 0.697000 0.301000 0.046000 0.030000
11 0.629000 0.223000 0.046000 0.030000
11 0.677000 0.239000 0.042000 0.030000
11 0.490000 0.181000 0.048000 0.030000
11 0.539000 0.197000 0.050000 0.034000
11 0.719000 0.252000 0.034000 0.028000
11 0.523000 0.244000 0.054000 0.032000
11 0.775000 0.467000 0.042000 0.022000
2 0.162100 0.554990 0.324200 0.245980
