2 0.312000 0.885000 0.148000 0.162000
2 0.119000 0.795000 0.238000 0.278000
2 0.048000 0.505000 0.096000 0.166000
11 0.211000 0.360000 0.034000 0.036000
11 0.112000 0.290000 0.032000 0.048000
11 0.265000 0.472000 0.042000 0.048000
11 0.372000 0.654000 0.044000 0.052000
11 0.160000 0.369000 0.036000 0.042000
11 0.437000 0.752000 0.038000 0.052000
11 0.509000 0.883000 0.034000 0.046000
11 0.183000 0.313000 0.034000 0.046000
11 0.031000 0.113000 0.030000 0.054000
11 0.013000 0.071000 0.026000 0.042000
7 0.196000 0.633000 0.064000 0.038000
3 0.274000 0.571000 0.084000 0.090000
2 0.018000 0.358000 0.036000 0.148000
11 0.134000 0.327000 0.032000 0.042000
11 0.060000 0.065000 0.036000 0.062000
11 0.087000 0.124000 0.026000 0.032000
11 0.052000 0.168000 0.032000 0.036000
11 0.040000 0.014000 0.032000 0.028000
7 0.212000 0.447000 0.048000 0.058000
