2 0.892000 0.137000 0.212000 0.274000
2 0.759000 0.459000 0.222000 0.110000
3 0.204000 0.172000 0.172000 0.060000
11 0.230000 0.585000 0.028000 0.050000
11 0.259000 0.326000 0.026000 0.048000
11 0.237000 0.531000 0.026000 0.046000
11 0.208000 0.781000 0.028000 0.046000
11 0.212000 0.731000 0.024000 0.046000
3 0.411000 0.179000 0.074000 0.046000
11 0.199000 0.837000 0.022000 0.054000
11 0.186000 0.976000 0.028000 0.044000
11 0.242000 0.488000 0.024000 0.040000
11 0.254000 0.379000 0.028000 0.050000
11 0.248000 0.437000 0.024000 0.046000
2 0.779000 0.618000 0.302000 0.244000
2 0.530000 0.280000 0.188000 0.560000
2 0.971000 0.781000 0.054000 0.306000
11 0.266000 0.259000 0.020000 0.026000
11 0.240000 0.656000 0.032000 0.036000
11 0.153000 0.781000 0.018000 0.026000
11 0.351000 0.017000 0.022000 0.030000
