2 0.744000 0.696000 0.168000 0.160000
2 0.595000 0.425000 0.134000 0.134000
2 0.256000 0.899000 0.128000 0.126000
2 0.114000 0.263000 0.144000 0.138000
2 0.380000 0.365000 0.108000 0.118000
2 0.376000 0.751000 0.120000 0.114000
3 0.735000 0.379000 0.066000 0.078000
2 0.281000 0.351000 0.106000 0.138000
11 0.640000 0.601000 0.032000 0.038000
11 0.855000 0.855000 0.038000 0.046000
3 0.850000 0.524000 0.056000 0.060000
2 0.962000 0.389000 0.072000 0.182000
2 0.097000 0.939000 0.122000 0.110000
11 0.529000 0.729000 0.034000 0.042000
11 0.936000 0.857000 0.032000 0.042000
2 0.479000 0.567000 0.206000 0.178000
11 0.654000 0.191000 0.040000 0.034000
11 0.881000 0.266000 0.030000 0.040000
2 0.428880 0.679380 0.153760 0.138760
2 0.287880 0.778250 0.123760 0.132500
