2 0.917000 0.115000 0.162000 0.230000
2 0.887000 0.899000 0.222000 0.198000
3 0.309000 0.920000 0.106000 0.056000
11 0.337000 0.657000 0.022000 0.046000
11 0.396000 0.328000 0.020000 0.044000
11 0.703000 0.171000 0.046000 0.030000
7 0.349000 0.881000 0.026000 0.050000
2 0.651000 0.557000 0.494000 0.746000
3 0.471000 0.122000 0.130000 0.080000
11 0.387000 0.679000 0.026000 0.046000
11 0.320000 0.747000 0.020000 0.034000
2 0.587000 0.052000 0.298000 0.104000
11 0.897000 0.563000 0.026000 0.038000
2 0.178000 0.634000 0.356000 0.728000
2 0.966000 0.541000 0.064000 0.370000
7 0.992000 0.398000 0.012000 0.052000
