2 0.262000 0.260000 0.216000 0.372000
2 0.173000 0.590000 0.314000 0.272000
2 0.419000 0.900000 0.170000 0.196000
2 0.848000 0.933000 0.076000 0.114000
2 0.930000 0.926500 0.092000 0.101000
11 0.952000 0.801000 0.056000 0.030000
11 0.261000 0.525000 0.046000 0.038000
11 0.227000 0.511000 0.046000 0.030000
11 0.207000 0.488000 0.054000 0.036000
11 0.367000 0.629000 0.038000 0.022000
11 0.863000 0.815000 0.050000 0.034000
11 0.357000 0.603500 0.066000 0.035000
2 0.648500 0.557500 0.141000 0.067000
2 0.617500 0.483000 0.163000 0.074000
2 0.589500 0.411000 0.151000 0.082000
2 0.707500 0.712000 0.119000 0.124000
2 0.762000 0.263000 0.128000 0.106000
2 0.866000 0.315500 0.112000 0.083000
2 0.409000 0.066500 0.134000 0.081000
2 0.452500 0.143000 0.093000 0.070000
2 0.149000 0.917000 0.190000 0.166000
2 0.968000 0.145000 0.064000 0.126000
2 0.963000 0.448000 0.074000 0.164000
2 0.902500 0.376500 0.109000 0.129000
2 0.709000 0.193000 0.126000 0.114000
2 0.594000 0.098500 0.168000 0.145000
2 0.806500 0.725500 0.069000 0.111000
2 0.899000 0.705500 0.074000 0.103000
2 0.670000 0.957500 0.076000 0.075000
2 0.768000 0.951500 0.080000 0.083000
3 0.574500 0.821000 0.089000 0.054000
11 0.788000 0.154000 0.032000 0.064000
2 0.903000 0.090500 0.130000 0.141000
2 0.796000 0.046000 0.156000 0.092000
