2 0.138000 0.138000 0.156000 0.172000
2 0.259000 0.510000 0.202000 0.180000
2 0.478000 0.186000 0.244000 0.180000
2 0.830000 0.616000 0.116000 0.144000
2 0.809000 0.270000 0.150000 0.124000
2 0.529000 0.531000 0.106000 0.086000
2 0.945000 0.589000 0.106000 0.126000
2 0.441000 0.672000 0.106000 0.096000
2 0.112000 0.432000 0.120000 0.128000
2 0.504000 0.749000 0.112000 0.094000
2 0.682000 0.867000 0.124000 0.126000
2 0.260000 0.925000 0.148000 0.138000
7 0.148000 0.627000 0.060000 0.042000
3 0.521000 0.910000 0.058000 0.056000
11 0.096000 0.599000 0.044000 0.042000
11 0.387000 0.735000 0.038000 0.038000
2 0.585000 0.336000 0.098000 0.100000
2 0.218000 0.800000 0.108000 0.128000
11 0.555000 0.965000 0.038000 0.042000
2 0.054000 0.728000 0.108000 0.124000
2 0.673000 0.664000 0.106000 0.080000
3 0.647000 0.069000 0.082000 0.046000
11 0.584000 0.989000 0.032000 0.018000
7 0.308000 0.678000 0.064000 0.052000
2 0.008000 0.054000 0.016000 0.108000
11 0.495000 0.982000 0.038000 0.032000
2 0.731000 0.018000 0.074000 0.036000
