2 0.721000 0.093000 0.138000 0.138000
3 0.528000 0.461000 0.072000 0.114000
7 0.915560 0.796370 0.055120 0.036740
7 0.913000 0.763000 0.062000 0.046000
11 0.576000 0.666000 0.032000 0.048000
11 0.632000 0.805000 0.032000 0.046000
2 0.790000 0.668000 0.416000 0.636000
11 0.556000 0.797000 0.024000 0.042000
11 0.580000 0.858000 0.032000 0.052000
2 0.302000 0.811000 0.600000 0.374000
3 0.480000 0.557000 0.092000 0.062000
11 0.636000 0.985000 0.032000 0.026000
11 0.594000 0.713000 0.032000 0.046000
2 0.775000 0.232000 0.142000 0.140000
11 0.949180 0.808200 0.042360 0.032400
7 0.982000 0.777000 0.032000 0.046000
11 0.600000 0.906000 0.028000 0.048000
2 0.482000 0.297000 0.220000 0.218000
11 0.691000 0.987000 0.034000 0.022000
2 0.922000 0.050000 0.152000 0.100000
2 0.198390 0.385160 0.396780 0.330320
2 0.090000 0.168000 0.180000 0.332000
11 0.505000 0.687000 0.026000 0.042000
11 0.906000 0.721000 0.064000 0.046000
2 0.657960 0.230190 0.171920 0.260380
