2 0.724000 0.184000 0.228000 0.228000
11 0.842000 0.095000 0.036000 0.034000
11 0.548000 0.142000 0.040000 0.048000
11 0.168000 0.661000 0.040000 0.038000
11 0.497000 0.055000 0.034000 0.046000
2 0.170000 0.931000 0.220000 0.134000
11 0.522000 0.096000 0.036000 0.044000
2 0.140000 0.059000 0.280000 0.118000
2 0.345000 0.390000 0.230000 0.204000
2 0.538000 0.780000 0.404000 0.348000
2 0.606000 0.024000 0.148000 0.048000
11 0.937000 0.869000 0.034000 0.046000
11 0.818000 0.756000 0.028000 0.032000
2 0.931000 0.612000 0.134000 0.276000
2 0.090000 0.698000 0.180000 0.408000
2 0.538000 0.978000 0.180000 0.040000
11 0.010000 0.939000 0.020000 0.054000
11 0.684000 0.529000 0.028000 0.034000
11 0.724000 0.450000 0.040000 0.052000
11 0.147000 0.615000 0.038000 0.038000
2 0.867000 0.006000 0.182000 0.012000
11 0.573000 0.192000 0.026000 0.036000
