2 0.090220 0.254870 0.180440 0.133740
2 0.826140 0.726850 0.320280 0.361700
2 0.749000 0.579000 0.166000 0.174000
2 0.823000 0.292000 0.350000 0.368000
11 0.321000 0.477000 0.042000 0.038000
2 0.565530 0.535620 0.291060 0.303240
7 0.449000 0.382040 0.054000 0.052080
11 0.029000 0.784000 0.046000 0.052000
11 0.102000 0.785000 0.040000 0.046000
11 0.823000 0.441000 0.046000 0.042000
7 0.139000 0.668000 0.050000 0.052000
11 0.283000 0.516000 0.034000 0.032000
11 0.287000 0.587000 0.034000 0.038000
11 0.030000 0.859000 0.044000 0.046000
2 0.293420 0.713330 0.166840 0.154660
11 0.256000 0.623000 0.040000 0.046000
11 0.913000 0.494000 0.042000 0.036000
11 0.292000 0.208000 0.048000 0.040000
2 0.647000 0.800000 0.178000 0.232000
11 0.654000 0.195000 0.040000 0.046000
3 0.584000 0.252000 0.080000 0.092000
2 0.957000 0.809000 0.082000 0.314000
11 0.989000 0.553000 0.018000 0.042000
11 0.777000 0.418000 0.046000 0.040000
2 0.231000 0.904000 0.450000 0.188000
2 0.072000 0.061000 0.144000 0.122000
2 0.547000 0.968000 0.202000 0.060000
8 0.527510 0.051150 0.179020 0.102300
2 0.203680 0.273770 0.175360 0.159540
2 0.313150 0.316720 0.130300 0.125440
2 0.245680 0.418290 0.147360 0.148580
2 0.187060 0.500630 0.118120 0.113260
2 0.096820 0.550030 0.193640 0.168060
2 0.368890 0.351500 0.121780 0.151000
2 0.060280 0.662740 0.120560 0.237480
2 0.445170 0.638120 0.242340 0.180240
2 0.436640 0.834550 0.169280 0.157100
11 0.428790 0.718530 0.053580 0.045060
