2 0.389000 0.094000 0.182000 0.188000
2 0.892000 0.273000 0.212000 0.542000
11 0.328000 0.180000 0.032000 0.044000
11 0.021000 0.563000 0.034000 0.046000
7 0.781650 0.234120 0.055300 0.084240
2 0.279000 0.618000 0.142000 0.144000
7 0.702000 0.661000 0.036000 0.074000
11 0.696000 0.401000 0.024000 0.042000
2 0.061000 0.193000 0.122000 0.214000
2 0.880000 0.846000 0.236000 0.304000
2 0.568000 0.383460 0.272000 0.374920
2 0.518000 0.884000 0.140000 0.176000
2 0.652000 0.104000 0.168000 0.208000
11 0.573000 0.975000 0.026000 0.046000
3 0.585000 0.645000 0.050000 0.106000
11 0.091000 0.445000 0.042000 0.034000
2 0.048000 0.684000 0.096000 0.120000
11 0.520000 0.509000 0.032000 0.034000
2 0.184160 0.299080 0.176320 0.202160
2 0.437020 0.528710 0.162040 0.185420
6 0.800670 0.602070 0.089340 0.060140
2 0.110270 0.880310 0.220540 0.144620
2 0.721740 0.962800 0.087480 0.073600
2 0.297500 0.398350 0.211000 0.272700
