2 0.133000 0.158000 0.138000 0.132000
2 0.885000 0.136000 0.226000 0.232000
2 0.501000 0.159000 0.126000 0.126000
2 0.700000 0.397000 0.136000 0.122000
11 0.883000 0.839000 0.046000 0.042000
3 0.779000 0.782000 0.086000 0.084000
11 0.631000 0.661000 0.042000 0.046000
2 0.104000 0.423000 0.176000 0.162000
2 0.067000 0.046000 0.134000 0.092000
11 0.679000 0.583000 0.038000 0.046000
2 0.737000 0.255000 0.126000 0.122000
11 0.687000 0.807000 0.042000 0.042000
11 0.825000 0.809000 0.042000 0.046000
11 0.921000 0.877000 0.038000 0.042000
2 0.110910 0.850070 0.189820 0.256140
11 0.183000 0.765000 0.038000 0.042000
11 0.543000 0.661000 0.042000 0.054000
11 0.334000 0.890000 0.048000 0.040000
11 0.723000 0.541000 0.042000 0.046000
7 0.596000 0.922000 0.056000 0.052000
11 0.111000 0.682000 0.038000 0.040000
11 0.349000 0.123000 0.038000 0.038000
11 0.953000 0.907000 0.038000 0.038000
3 0.259000 0.827000 0.074000 0.074000
3 0.654000 0.505000 0.060000 0.078000
11 0.306000 0.077000 0.040000 0.038000
11 0.042000 0.607000 0.044000 0.042000
2 0.537000 0.534000 0.146000 0.144000
11 0.146000 0.723000 0.036000 0.042000
11 0.014000 0.567000 0.028000 0.042000
2 0.276000 0.712000 0.096000 0.092000
2 0.393000 0.065000 0.090000 0.098000
11 0.080000 0.640000 0.032000 0.032000
2 0.362000 0.671000 0.116000 0.102000
2 0.339000 0.377000 0.134000 0.142000
2 0.982000 0.839000 0.032000 0.154000
7 0.975000 0.277000 0.046000 0.046000
2 0.409000 0.631000 0.158000 0.170000
3 0.764240 0.521440 0.072480 0.082880
3 0.873670 0.642050 0.055340 0.056100
2 0.267580 0.286840 0.147160 0.117680
2 0.225540 0.223130 0.119080 0.130260
2 0.224170 0.658950 0.100340 0.093900
2 0.052120 0.943690 0.104240 0.111380
