2 0.770000 0.398000 0.432000 0.424000
2 0.286000 0.063000 0.128000 0.126000
2 0.809000 0.071000 0.326000 0.142000
2 0.477000 0.828000 0.330000 0.260000
11 0.169000 0.147000 0.050000 0.034000
11 0.151000 0.399000 0.046000 0.030000
11 0.160000 0.327000 0.048000 0.030000
11 0.151000 0.897000 0.046000 0.038000
11 0.176000 0.038000 0.048000 0.028000
11 0.158000 0.236000 0.032000 0.036000
3 0.021000 0.842000 0.042000 0.196000
2 0.959000 0.797000 0.078000 0.366000
11 0.157000 0.359000 0.046000 0.030000
2 0.012000 0.144000 0.024000 0.284000
11 0.176000 0.012000 0.048000 0.024000
11 0.157000 0.991000 0.034000 0.014000
11 0.161000 0.207000 0.038000 0.030000
2 0.798000 0.735000 0.272000 0.150000
11 0.150000 0.482000 0.044000 0.028000
11 0.449000 0.010000 0.038000 0.020000
