2 0.655000 0.774000 0.282000 0.292000
11 0.754000 0.244000 0.036000 0.052000
11 0.211000 0.058000 0.050000 0.040000
11 0.657000 0.230000 0.046000 0.044000
11 0.874000 0.603000 0.048000 0.062000
11 0.847000 0.539000 0.038000 0.042000
7 0.279000 0.168000 0.046000 0.056000
11 0.046000 0.765000 0.036000 0.034000
11 0.716000 0.180000 0.036000 0.044000
3 0.343000 0.390000 0.074000 0.052000
11 0.675000 0.111000 0.038000 0.050000
11 0.689000 0.062000 0.038000 0.056000
3 0.580000 0.045000 0.068000 0.058000
11 0.014000 0.946000 0.028000 0.040000
11 0.372000 0.120000 0.032000 0.040000
11 0.128000 0.730000 0.040000 0.028000
11 0.008000 0.909000 0.016000 0.034000
11 0.037000 0.989000 0.034000 0.018000
11 0.457000 0.009000 0.038000 0.018000
11 0.992000 0.046000 0.012000 0.036000
3 0.244000 0.229000 0.084000 0.074000
2 0.471000 0.971000 0.262000 0.054000
2 0.774000 0.957000 0.448000 0.082000
11 0.621000 0.018000 0.042000 0.036000
2 0.191000 0.035000 0.370000 0.070000
11 0.952000 0.068000 0.028000 0.036000
