11 0.357000 0.631000 0.046000 0.034000
11 0.744000 0.413000 0.056000 0.042000
11 0.538000 0.497000 0.060000 0.042000
13 0.689000 0.968000 0.222000 0.060000
11 0.965000 0.926000 0.042000 0.028000
2 0.145000 0.846000 0.290000 0.304000
11 0.980000 0.974000 0.036000 0.032000
11 0.639000 0.463000 0.046000 0.030000
3 0.932000 0.901000 0.080000 0.046000
11 0.869000 0.932000 0.046000 0.040000
2 0.405000 0.215000 0.810000 0.430000
11 0.973000 0.654000 0.042000 0.032000
11 0.017000 0.689000 0.034000 0.030000
2 0.517000 0.742000 0.426000 0.328000
11 0.889000 0.984000 0.046000 0.028000
11 0.361000 0.566000 0.050000 0.032000
11 0.687000 0.439000 0.050000 0.038000
