2 0.100000 0.770000 0.200000 0.188000
2 0.501000 0.631000 0.346000 0.218000
2 0.673000 0.174000 0.182000 0.156000
2 0.418000 0.291000 0.112000 0.106000
2 0.894000 0.402000 0.208000 0.172000
2 0.119000 0.377000 0.118000 0.122000
2 0.910000 0.064000 0.176000 0.128000
11 0.577000 0.413000 0.046000 0.030000
11 0.084000 0.091000 0.048000 0.034000
7 0.120000 0.142000 0.076000 0.048000
2 0.514000 0.201000 0.172000 0.210000
11 0.255000 0.209000 0.034000 0.058000
2 0.198000 0.232000 0.140000 0.112000
2 0.234880 0.325500 0.133760 0.095000
7 0.326750 0.218880 0.037500 0.053760
