11 0.592000 0.747000 0.048000 0.042000
11 0.619000 0.682000 0.046000 0.040000
7 0.113000 0.452000 0.058000 0.040000
2 0.873000 0.552000 0.222000 0.208000
11 0.758000 0.726000 0.048000 0.036000
11 0.310000 0.554000 0.048000 0.036000
11 0.576000 0.641000 0.060000 0.042000
11 0.689000 0.705000 0.046000 0.034000
11 0.193000 0.548000 0.046000 0.032000
11 0.633000 0.818000 0.038000 0.028000
7 0.191000 0.584000 0.066000 0.032000
11 0.784000 0.788000 0.060000 0.040000
11 0.041000 0.492000 0.050000 0.044000
11 0.518000 0.582000 0.044000 0.036000
7 0.115000 0.550000 0.066000 0.036000
11 0.823000 0.743000 0.054000 0.042000
11 0.441000 0.620000 0.046000 0.036000
11 0.573000 0.802000 0.046000 0.040000
11 0.411000 0.577000 0.050000 0.038000
11 0.525000 0.656000 0.050000 0.036000
3 0.841000 0.865000 0.066000 0.110000
2 0.582880 0.450000 0.297760 0.200000
11 0.454000 0.538000 0.052000 0.040000
11 0.532000 0.620000 0.036000 0.028000
2 0.222080 0.806620 0.444160 0.213240
3 0.568000 0.835000 0.120000 0.070000
2 0.700000 0.072000 0.188000 0.144000
3 0.009000 0.228000 0.018000 0.116000
2 0.212280 0.207150 0.324560 0.414300
2 0.468860 0.186100 0.161720 0.132200
2 0.372530 0.378460 0.161060 0.168920
2 0.672170 0.289880 0.232340 0.147760
7 0.660650 0.669760 0.053300 0.039520
2 0.766420 0.499770 0.140840 0.179540
2 0.869170 0.072070 0.162340 0.136140
