2 0.256000 0.085000 0.180000 0.170000
2 0.625000 0.961000 0.102000 0.074000
11 0.830000 0.253000 0.040000 0.034000
11 0.781000 0.693000 0.038000 0.038000
11 0.527000 0.948000 0.038000 0.044000
11 0.157000 0.798000 0.042000 0.040000
11 0.680000 0.106000 0.036000 0.040000
3 0.888000 0.571000 0.092000 0.078000
11 0.865000 0.291000 0.046000 0.046000
11 0.641000 0.071000 0.042000 0.042000
11 0.608000 0.036000 0.032000 0.036000
11 0.226000 0.855000 0.040000 0.038000
11 0.721000 0.146000 0.038000 0.036000
11 0.220000 0.928000 0.036000 0.032000
11 0.068000 0.804000 0.028000 0.028000
3 0.906000 0.427000 0.140000 0.162000
11 0.176000 0.895000 0.048000 0.042000
2 0.901000 0.885000 0.194000 0.226000
11 0.325000 0.939000 0.042000 0.038000
11 0.261000 0.171000 0.030000 0.030000
11 0.495000 0.982000 0.038000 0.032000
11 0.461000 0.941000 0.038000 0.042000
11 0.013000 0.675000 0.026000 0.038000
11 0.178000 0.264000 0.044000 0.024000
3 0.439000 0.980000 0.074000 0.036000
2 0.019000 0.084000 0.038000 0.156000
2 0.832000 0.092000 0.332000 0.184000
2 0.043000 0.265000 0.086000 0.102000
3 0.980000 0.574000 0.036000 0.084000
3 0.362000 0.985000 0.064000 0.026000
2 0.125000 0.629000 0.242000 0.222000
11 0.036000 0.780000 0.032000 0.032000
2 0.027000 0.816000 0.054000 0.132000
2 0.484000 0.417000 0.568000 0.386000
11 0.511000 0.004000 0.030000 0.008000
11 0.140000 0.008000 0.036000 0.016000
2 0.138000 0.957000 0.156000 0.082000
11 0.066000 0.726000 0.032000 0.036000
11 0.256000 0.883000 0.032000 0.038000
2 0.404000 0.770000 0.580000 0.300000
