2 0.160000 0.115000 0.320000 0.230000
11 0.418000 0.953000 0.036000 0.054000
2 0.354310 0.625690 0.564620 0.475380
11 0.536000 0.777000 0.036000 0.046000
11 0.340000 0.279000 0.048000 0.034000
2 0.899000 0.514620 0.198000 0.197240
11 0.231000 0.316000 0.050000 0.032000
11 0.485000 0.800000 0.038000 0.048000
11 0.578000 0.881000 0.028000 0.042000
11 0.185000 0.328000 0.046000 0.032000
11 0.140000 0.345000 0.052000 0.034000
11 0.331000 0.333000 0.054000 0.034000
11 0.406000 0.841000 0.036000 0.046000
11 0.285000 0.351000 0.050000 0.042000
11 0.145000 0.400000 0.038000 0.032000
11 0.964000 0.199000 0.040000 0.022000
11 0.425000 0.302000 0.046000 0.032000
11 0.092000 0.359000 0.044000 0.030000
11 0.513000 0.915000 0.026000 0.038000
11 0.210000 0.955000 0.028000 0.042000
2 0.014000 0.578000 0.028000 0.192000
11 0.236000 0.364000 0.052000 0.040000
11 0.482000 0.921000 0.036000 0.046000
11 0.379000 0.318000 0.046000 0.036000
