7 0.862000 0.881000 0.060000 0.034000
11 0.976000 0.812000 0.044000 0.032000
7 0.872000 0.802000 0.052000 0.040000
11 0.980000 0.684000 0.036000 0.036000
3 0.784000 0.052000 0.080000 0.104000
11 0.881000 0.035000 0.062000 0.030000
11 0.992000 0.614000 0.012000 0.028000
11 0.984000 0.740000 0.028000 0.028000
11 0.975000 0.892000 0.046000 0.028000
7 0.980000 0.714000 0.036000 0.032000
2 0.444000 0.432000 0.888000 0.236000
11 0.992000 0.564000 0.012000 0.028000
11 0.980000 0.844000 0.036000 0.032000
