2 0.377000 0.465000 0.134000 0.142000
2 0.954000 0.446000 0.088000 0.124000
2 0.357000 0.289000 0.130000 0.114000
2 0.700000 0.131000 0.144000 0.114000
11 0.561000 0.745000 0.050000 0.038000
2 0.662000 0.459000 0.120000 0.090000
2 0.509000 0.543000 0.146000 0.134000
11 0.539000 0.795000 0.050000 0.038000
2 0.293000 0.053000 0.094000 0.078000
11 0.374000 0.814000 0.048000 0.036000
7 0.626000 0.825000 0.068000 0.042000
11 0.671000 0.705000 0.046000 0.042000
11 0.770000 0.703000 0.052000 0.038000
11 0.430000 0.788000 0.052000 0.040000
11 0.087000 0.457000 0.034000 0.042000
11 0.490000 0.773000 0.048000 0.046000
11 0.619000 0.729000 0.046000 0.042000
2 0.839000 0.383000 0.126000 0.082000
2 0.052000 0.348000 0.104000 0.220000
11 0.144000 0.265000 0.036000 0.042000
2 0.200000 0.167000 0.100000 0.082000
11 0.597000 0.772000 0.046000 0.036000
11 0.747000 0.866000 0.042000 0.032000
2 0.173000 0.807000 0.346000 0.142000
7 0.651000 0.754000 0.046000 0.036000
2 0.504000 0.056000 0.092000 0.080000
2 0.788000 0.487000 0.096000 0.114000
11 0.823000 0.686000 0.046000 0.032000
11 0.987000 0.781000 0.022000 0.038000
2 0.874000 0.013000 0.140000 0.026000
2 0.711000 0.936000 0.250000 0.124000
2 0.705000 0.557000 0.090000 0.086000
2 0.950000 0.923000 0.096000 0.114000
11 0.877000 0.673000 0.070000 0.042000
2 0.172000 0.027000 0.092000 0.054000
2 0.446750 0.355380 0.157500 0.118760
