2 0.682000 0.398000 0.108000 0.128000
2 0.955000 0.115000 0.086000 0.146000
2 0.624000 0.747000 0.100000 0.106000
3 0.627000 0.934000 0.042000 0.076000
2 0.890000 0.312000 0.124000 0.132000
3 0.797000 0.215000 0.078000 0.042000
2 0.931000 0.900000 0.134000 0.108000
2 0.894000 0.537000 0.208000 0.238000
2 0.283580 0.948000 0.107160 0.100000
11 0.807000 0.321000 0.022000 0.046000
11 0.831000 0.936000 0.042000 0.032000
11 0.272000 0.836000 0.052000 0.028000
2 0.430000 0.555000 0.100000 0.110000
11 0.854000 0.049000 0.024000 0.042000
3 0.673000 0.984000 0.070000 0.028000
7 0.894000 0.952000 0.060000 0.036000
2 0.656000 0.621000 0.140000 0.190000
3 0.687000 0.885000 0.078000 0.050000
11 0.673000 0.827000 0.022000 0.046000
2 0.023000 0.164000 0.046000 0.072000
11 0.804000 0.033000 0.020000 0.042000
2 0.631000 0.202000 0.238000 0.168000
2 0.395000 0.293000 0.254000 0.138000
11 0.747000 0.380000 0.022000 0.048000
11 0.728000 0.481000 0.024000 0.046000
2 0.451000 0.733000 0.270000 0.254000
11 0.788000 0.419000 0.024000 0.038000
2 0.032000 0.365000 0.064000 0.106000
2 0.518000 0.971000 0.204000 0.054000
2 0.774000 0.850000 0.080000 0.112000
11 0.894000 0.071000 0.024000 0.038000
2 0.214000 0.675000 0.192000 0.094000
2 0.228120 0.575350 0.316240 0.138700
2 0.136000 0.931000 0.216000 0.134000
2 0.026000 0.068000 0.028000 0.136000
11 0.687000 0.737000 0.022000 0.042000
2 0.580000 0.021000 0.412000 0.042000
2 0.975000 0.322000 0.046000 0.092000
2 0.201300 0.474900 0.402600 0.153800
2 0.375460 0.959580 0.082920 0.079160
11 0.757900 0.651750 0.027800 0.055500
11 0.762560 0.599830 0.029120 0.043660
