11 0.199000 0.357000 0.030000 0.034000
11 0.218000 0.310000 0.036000 0.048000
3 0.201000 0.423000 0.106000 0.050000
11 0.146000 0.504000 0.056000 0.028000
11 0.062000 0.044000 0.024000 0.032000
2 0.661000 0.203460 0.674000 0.402920
11 0.307000 0.708000 0.054000 0.028000
11 0.264000 0.342000 0.016000 0.032000
11 0.797000 0.603000 0.050000 0.034000
7 0.333000 0.071000 0.042000 0.058000
11 0.401000 0.033000 0.042000 0.050000
11 0.216000 0.700000 0.044000 0.024000
2 0.429690 0.938760 0.795380 0.121520
3 0.248310 0.512310 0.084620 0.104620
3 0.054620 0.779850 0.109240 0.047700
