2 0.784000 0.546000 0.180000 0.176000
11 0.353000 0.813000 0.038000 0.046000
7 0.559000 0.406000 0.046000 0.072000
7 0.605000 0.305160 0.038000 0.062320
7 0.719000 0.194000 0.034000 0.056000
7 0.423000 0.701790 0.050000 0.071580
7 0.779000 0.208000 0.042000 0.060000
3 0.355000 0.962000 0.078000 0.072000
7 0.684000 0.403000 0.036000 0.058000
11 0.957000 0.266000 0.046000 0.032000
11 0.449000 0.893000 0.034000 0.046000
3 0.893000 0.039000 0.054000 0.078000
11 0.387260 0.753790 0.038520 0.063580
11 0.446000 0.619000 0.032000 0.046000
7 0.654130 0.215920 0.044260 0.051840
11 0.664000 0.184000 0.032000 0.044000
11 0.526260 0.471630 0.044520 0.047260
11 0.931000 0.096000 0.042000 0.036000
3 0.696000 0.323000 0.108000 0.074000
11 0.512000 0.774000 0.040000 0.052000
2 0.684000 0.955000 0.204000 0.086000
11 0.492000 0.522000 0.032000 0.036000
11 0.989000 0.078000 0.018000 0.044000
11 0.709000 0.268000 0.042000 0.036000
11 0.482000 0.825000 0.036000 0.042000
2 0.947000 0.045000 0.102000 0.090000
2 0.649370 0.860310 0.194740 0.184620
2 0.880490 0.607560 0.128980 0.163120
2 0.932000 0.747000 0.136000 0.454000
