2 0.762000 0.502500 0.236000 0.165000
2 0.359000 0.080000 0.170000 0.160000
2 0.692000 0.929000 0.176000 0.138000
2 0.104000 0.612000 0.128000 0.120000
2 0.235000 0.274000 0.102000 0.104000
2 0.054500 0.177000 0.105000 0.158000
11 0.049000 0.221000 0.034000 0.038000
11 0.381000 0.146000 0.034000 0.044000
2 0.083000 0.458500 0.138000 0.137000
11 0.016000 0.364000 0.032000 0.040000
11 0.053000 0.318000 0.038000 0.040000
2 0.513000 0.872000 0.110000 0.132000
11 0.129000 0.233000 0.030000 0.030000
11 0.410500 0.086000 0.041000 0.044000
3 0.971500 0.727500 0.055000 0.131000
11 0.945500 0.624000 0.035000 0.060000
2 0.048000 0.738500 0.092000 0.117000
2 0.139500 0.342500 0.103000 0.113000
2 0.061000 0.535000 0.106000 0.102000
2 0.785000 0.766000 0.154000 0.124000
2 0.306500 0.334500 0.141000 0.197000
2 0.594000 0.730500 0.088000 0.089000
11 0.011500 0.266500 0.023000 0.029000
2 0.174000 0.515500 0.096000 0.115000
3 0.906000 0.780500 0.072000 0.065000
2 0.899000 0.369500 0.202000 0.331000
2 0.563000 0.070500 0.158000 0.129000
3 0.919500 0.014000 0.047000 0.028000
2 0.131310 0.060000 0.210620 0.120000
