2 0.749000 0.943000 0.158000 0.110000
2 0.279000 0.550000 0.166000 0.112000
2 0.503000 0.798000 0.082000 0.124000
2 0.888000 0.129000 0.132000 0.130000
2 0.905000 0.932000 0.134000 0.132000
2 0.853000 0.287000 0.114000 0.098000
2 0.257000 0.416000 0.110000 0.092000
2 0.255000 0.070000 0.150000 0.084000
2 0.192000 0.274000 0.128000 0.100000
2 0.284000 0.840000 0.180000 0.124000
2 0.046000 0.886000 0.092000 0.116000
2 0.876000 0.471000 0.124000 0.094000
2 0.400000 0.726000 0.132000 0.104000
11 0.131000 0.451000 0.026000 0.046000
2 0.041000 0.723000 0.082000 0.078000
2 0.615000 0.800000 0.074000 0.092000
11 0.146000 0.563000 0.024000 0.046000
11 0.095000 0.610000 0.026000 0.048000
2 0.672000 0.328000 0.096000 0.080000
11 0.041000 0.084000 0.026000 0.048000
2 0.025000 0.425000 0.050000 0.074000
2 0.833000 0.673330 0.334000 0.294660
11 0.085000 0.546000 0.030000 0.056000
11 0.069000 0.382000 0.026000 0.044000
11 0.123000 0.384000 0.022000 0.040000
11 0.075000 0.437000 0.022000 0.046000
11 0.171000 0.795000 0.026000 0.046000
11 0.089000 0.017000 0.022000 0.034000
11 0.115000 0.295000 0.022000 0.046000
11 0.152000 0.619000 0.024000 0.054000
11 0.030000 0.025000 0.024000 0.050000
11 0.057000 0.245000 0.022000 0.042000
2 0.388000 0.463000 0.128000 0.066000
11 0.105000 0.752000 0.026000 0.052000
3 0.081000 0.976000 0.046000 0.044000
11 0.059000 0.290000 0.022000 0.048000
3 0.157000 0.923000 0.070000 0.050000
11 0.162000 0.749000 0.024000 0.046000
2 0.549000 0.597000 0.222000 0.102000
2 0.723000 0.125000 0.106000 0.078000
2 0.338000 0.146000 0.140000 0.112000
