2 0.545000 0.147000 0.110000 0.122000
2 0.259000 0.758000 0.146000 0.156000
2 0.812000 0.389000 0.124000 0.146000
2 0.631000 0.342000 0.126000 0.152000
2 0.363000 0.110000 0.146000 0.124000
2 0.083000 0.372000 0.158000 0.180000
2 0.100000 0.070000 0.160000 0.140000
2 0.273000 0.917000 0.202000 0.162000
2 0.740000 0.797000 0.472000 0.246000
3 0.070000 0.687000 0.044000 0.098000
2 0.336000 0.486000 0.200000 0.144000
2 0.973000 0.422000 0.050000 0.156000
11 0.222000 0.384000 0.028000 0.048000
3 0.122000 0.755000 0.088000 0.042000
11 0.171000 0.233000 0.026000 0.050000
2 0.037000 0.775000 0.074000 0.126000
11 0.205000 0.034000 0.026000 0.052000
2 0.382000 0.296000 0.184000 0.264000
11 0.135000 0.987000 0.026000 0.022000
2 0.052000 0.599000 0.104000 0.106000
11 0.270000 0.119000 0.020000 0.030000
11 0.121000 0.510000 0.026000 0.044000
2 0.043000 0.920000 0.086000 0.156000
2 0.006000 0.140000 0.012000 0.124000
