2 0.450000 0.350000 0.144000 0.128000
3 0.445000 0.212000 0.090000 0.144000
3 0.768000 0.270000 0.084000 0.060000
2 0.538000 0.501000 0.164000 0.218000
11 0.839000 0.083000 0.042000 0.026000
3 0.797000 0.118000 0.078000 0.108000
11 0.499000 0.184000 0.046000 0.036000
7 0.583100 0.165000 0.066200 0.042000
3 0.435000 0.029000 0.094000 0.058000
14 0.824930 0.565310 0.205860 0.390620
7 0.816000 0.387000 0.040000 0.054000
11 0.784000 0.330000 0.032000 0.056000
2 0.698000 0.893000 0.176000 0.130000
2 0.604000 0.740000 0.292000 0.248000
11 0.982000 0.093000 0.032000 0.022000
11 0.413000 0.004000 0.042000 0.008000
6 0.602920 0.361520 0.081840 0.119040
5 0.263520 0.803310 0.527040 0.390620
