2 0.678000 0.109000 0.116000 0.114000
2 0.226000 0.837000 0.384000 0.322000
11 0.016000 0.695000 0.032000 0.050000
7 0.036000 0.638000 0.036000 0.056000
11 0.777000 0.219000 0.046000 0.034000
2 0.966000 0.262000 0.064000 0.108000
11 0.388000 0.313000 0.036000 0.054000
2 0.518000 0.213000 0.120000 0.098000
2 0.978000 0.583000 0.040000 0.102000
2 0.098460 0.115850 0.196920 0.127700
2 0.100000 0.028000 0.192000 0.056000
2 0.376000 0.012000 0.176000 0.024000
2 0.887000 0.897000 0.222000 0.202000
2 0.256000 0.268150 0.160000 0.252300
2 0.222150 0.500000 0.212300 0.260000
2 0.081540 0.409080 0.163080 0.446160
2 0.840700 0.014430 0.049400 0.028860
2 0.980920 0.586040 0.033840 0.060080
2 0.081120 0.030950 0.146240 0.061900
2 0.758600 0.322830 0.077200 0.081660
2 0.606130 0.048550 0.140260 0.097100
2 0.886000 0.406410 0.228000 0.180820
11 0.971510 0.306990 0.043020 0.029980
2 0.396630 0.145520 0.085260 0.095040
2 0.906730 0.758290 0.173460 0.184580
2 0.307780 0.103910 0.127560 0.111820
2 0.766100 0.037510 0.096200 0.075020
13 0.603240 0.939830 0.150480 0.119660
