2 0.489000 0.338000 0.170000 0.200000
2 0.923000 0.063000 0.126000 0.118000
2 0.763000 0.078000 0.122000 0.140000
11 0.165000 0.874000 0.042000 0.044000
11 0.102000 0.672000 0.040000 0.032000
11 0.238000 0.347000 0.044000 0.030000
11 0.239000 0.259000 0.042000 0.026000
2 0.484000 0.931000 0.272000 0.134000
11 0.236000 0.746000 0.040000 0.024000
11 0.110000 0.622000 0.048000 0.032000
2 0.807990 0.799000 0.383980 0.398000
11 0.105000 0.434000 0.046000 0.028000
11 0.236000 0.626000 0.052000 0.032000
11 0.239000 0.534000 0.046000 0.032000
11 0.165000 0.247000 0.026000 0.046000
11 0.242000 0.698000 0.036000 0.020000
11 0.019000 0.809000 0.030000 0.030000
11 0.241000 0.122000 0.050000 0.028000
11 0.204000 0.835000 0.048000 0.042000
11 0.102000 0.722000 0.040000 0.028000
11 0.243000 0.169000 0.050000 0.034000
11 0.243000 0.074000 0.050000 0.032000
11 0.235000 0.028000 0.050000 0.040000
2 0.417320 0.525740 0.170640 0.199480
2 0.029820 0.241100 0.059640 0.278200
2 0.754990 0.515370 0.173980 0.174740
