2 0.327000 0.181000 0.382000 0.362000
2 0.413000 0.842000 0.126000 0.120000
2 0.911000 0.383000 0.174000 0.206000
2 0.165000 0.902000 0.102000 0.084000
11 0.514000 0.343000 0.044000 0.034000
2 0.673000 0.774000 0.062000 0.124000
11 0.469000 0.603000 0.046000 0.034000
11 0.490000 0.450000 0.056000 0.032000
11 0.545000 0.213000 0.046000 0.034000
11 0.659000 0.164000 0.042000 0.032000
11 0.489000 0.507000 0.046000 0.030000
11 0.561000 0.093000 0.042000 0.030000
7 0.558000 0.143000 0.060000 0.042000
11 0.406000 0.620000 0.044000 0.028000
11 0.939000 0.639000 0.030000 0.046000
11 0.666000 0.112000 0.048000 0.032000
11 0.299000 0.574000 0.038000 0.028000
2 0.528000 0.962000 0.080000 0.072000
11 0.964000 0.677000 0.032000 0.042000
11 0.237000 0.587000 0.042000 0.026000
2 0.412000 0.982000 0.100000 0.032000
11 0.918000 0.522000 0.032000 0.044000
11 0.423000 0.544000 0.042000 0.032000
11 0.318000 0.420000 0.044000 0.032000
2 0.897000 0.781000 0.158000 0.270000
2 0.715000 0.483000 0.098000 0.134000
2 0.677000 0.931000 0.126000 0.134000
11 0.395000 0.670000 0.042000 0.028000
2 0.139000 0.794000 0.106000 0.116000
11 0.585000 0.008000 0.042000 0.016000
11 0.171030 0.396310 0.034060 0.024620
11 0.910650 0.583130 0.025300 0.058260
