11 0.450720 0.163960 0.045440 0.031920
11 0.474560 0.100580 0.049120 0.033160
2 0.326000 0.675000 0.652000 0.150000
2 0.871000 0.144000 0.254000 0.284000
11 0.276000 0.810000 0.048000 0.028000
11 0.393000 0.061000 0.050000 0.042000
11 0.280000 0.067000 0.048000 0.038000
11 0.744000 0.911000 0.036000 0.046000
11 0.342000 0.190000 0.044000 0.036000
11 0.489000 0.268000 0.046000 0.036000
11 0.464000 0.207000 0.052000 0.042000
11 0.509960 0.297820 0.039920 0.035640
11 0.553000 0.268000 0.042000 0.036000
11 0.533000 0.227000 0.050000 0.038000
11 0.507090 0.165960 0.054180 0.039920
11 0.522000 0.186000 0.044000 0.036000
11 0.317000 0.153000 0.038000 0.034000
11 0.425530 0.133390 0.047060 0.042780
11 0.414000 0.104000 0.044000 0.036000
11 0.580000 0.309000 0.040000 0.034000
11 0.670000 0.261000 0.036000 0.030000
11 0.585000 0.802000 0.042000 0.032000
11 0.379000 0.271000 0.046000 0.038000
11 0.485000 0.125000 0.046000 0.034000
11 0.717000 0.947000 0.038000 0.046000
11 0.362000 0.008000 0.044000 0.016000
11 0.401000 0.311000 0.042000 0.030000
11 0.539000 0.800000 0.042000 0.028000
11 0.550000 0.015000 0.036000 0.026000
11 0.645000 0.223000 0.042000 0.030000
11 0.455230 0.062670 0.058460 0.041340
11 0.443000 0.037000 0.046000 0.038000
11 0.422000 0.008000 0.044000 0.016000
