2 0.428000 0.251000 0.236000 0.234000
2 0.726000 0.580000 0.204000 0.200000
6 0.575000 0.608000 0.106000 0.108000
2 0.072000 0.046000 0.144000 0.092000
11 0.953000 0.539000 0.038000 0.042000
11 0.289000 0.379000 0.042000 0.038000
2 0.880000 0.335000 0.236000 0.354000
11 0.809000 0.673000 0.046000 0.042000
11 0.888000 0.913000 0.036000 0.042000
11 0.248000 0.342000 0.040000 0.036000
11 0.823000 0.809000 0.046000 0.054000
3 0.717000 0.719000 0.054000 0.078000
11 0.846000 0.643000 0.036000 0.038000
7 0.081000 0.159000 0.054000 0.050000
11 0.471000 0.539000 0.042000 0.050000
11 0.899000 0.839000 0.042000 0.042000
11 0.550000 0.539000 0.036000 0.042000
11 0.946000 0.877000 0.032000 0.042000
11 0.916000 0.972000 0.036000 0.036000
11 0.393000 0.470000 0.038000 0.040000
11 0.213000 0.285000 0.054000 0.054000
2 0.931000 0.698000 0.134000 0.304000
7 0.459000 0.913000 0.046000 0.050000
2 0.572000 0.083000 0.408000 0.166000
11 0.339000 0.068000 0.046000 0.044000
2 0.732000 0.948000 0.172000 0.100000
11 0.754000 0.527000 0.036000 0.038000
11 0.006000 0.084000 0.012000 0.040000
2 0.984000 0.060000 0.028000 0.116000
11 0.420000 0.006000 0.036000 0.012000
2 0.234000 0.500000 0.456000 0.452000
7 0.980000 0.914000 0.036000 0.052000
