2 0.428000 0.830000 0.540000 0.328000
2 0.093000 0.114000 0.186000 0.228000
3 0.820000 0.547000 0.060000 0.070000
11 0.949000 0.573000 0.046000 0.030000
7 0.584570 0.686110 0.069140 0.040220
11 0.645000 0.706000 0.050000 0.032000
2 0.307000 0.124000 0.270000 0.244000
2 0.677000 0.173000 0.238000 0.206000
2 0.037000 0.691000 0.074000 0.154000
2 0.978000 0.105000 0.040000 0.138000
2 0.892000 0.437000 0.212000 0.206000
11 0.619000 0.668000 0.046000 0.032000
7 0.722000 0.009000 0.056000 0.018000
11 0.561240 0.652450 0.046480 0.028900
