2 0.853000 0.123000 0.290000 0.246000
2 0.532000 0.127000 0.284000 0.254000
3 0.691000 0.270000 0.042000 0.060000
11 0.686000 0.131000 0.032000 0.054000
2 0.199000 0.121000 0.322000 0.234000
11 0.353000 0.180000 0.022000 0.044000
2 0.708000 0.874000 0.204000 0.248000
2 0.807000 0.490000 0.274000 0.260000
2 0.045000 0.964000 0.090000 0.068000
7 0.523000 0.306000 0.054000 0.028000
2 0.413000 0.860000 0.294000 0.196000
2 0.202000 0.816000 0.148000 0.164000
11 0.189000 0.946000 0.050000 0.024000
2 0.154000 0.980000 0.152000 0.036000
3 0.575000 0.286000 0.042000 0.060000
2 0.280000 0.423000 0.216000 0.198000
11 0.413000 0.304000 0.038000 0.024000
2 0.516000 0.992000 0.168000 0.012000
