11 0.705000 0.423000 0.050000 0.030000
11 0.058000 0.240000 0.048000 0.032000
11 0.507000 0.225000 0.050000 0.030000
11 0.414000 0.298000 0.044000 0.032000
11 0.295000 0.265000 0.050000 0.030000
11 0.273000 0.330000 0.054000 0.028000
2 0.841000 0.857000 0.194000 0.282000
11 0.863000 0.248000 0.050000 0.036000
11 0.529000 0.432000 0.058000 0.032000
11 0.863000 0.315000 0.050000 0.034000
11 0.647000 0.459000 0.046000 0.030000
11 0.925000 0.285000 0.046000 0.030000
11 0.629000 0.290000 0.046000 0.028000
7 0.712000 0.219000 0.064000 0.034000
11 0.626000 0.393000 0.060000 0.030000
7 0.597000 0.257000 0.074000 0.034000
2 0.127000 0.837000 0.254000 0.322000
11 0.419000 0.331000 0.050000 0.030000
11 0.006000 0.275000 0.012000 0.030000
11 0.955000 0.754000 0.022000 0.048000
11 0.985000 0.447000 0.026000 0.030000
11 0.480000 0.006000 0.040000 0.012000
11 0.318000 0.006000 0.036000 0.012000
11 0.433000 0.004000 0.038000 0.008000
7 0.380000 0.007000 0.048000 0.014000
2 0.965810 0.861380 0.067620 0.094760
11 0.983000 0.753000 0.022000 0.046000
