2 0.396000 0.173000 0.192000 0.174000
2 0.305000 0.407000 0.150000 0.194000
11 0.444000 0.433000 0.040000 0.050000
11 0.243000 0.707000 0.038000 0.046000
11 0.573000 0.361000 0.038000 0.038000
11 0.724000 0.159000 0.032000 0.038000
11 0.154000 0.933000 0.036000 0.042000
11 0.543000 0.404000 0.034000 0.036000
11 0.520000 0.332000 0.040000 0.044000
7 0.131000 0.258000 0.034000 0.056000
11 0.311000 0.717000 0.030000 0.038000
11 0.393000 0.504000 0.038000 0.044000
11 0.280000 0.759000 0.036000 0.038000
11 0.121000 0.311000 0.026000 0.042000
11 0.643000 0.164000 0.038000 0.044000
11 0.362000 0.543000 0.036000 0.042000
2 0.427000 0.904000 0.162000 0.180000
11 0.417000 0.470000 0.030000 0.040000
11 0.483000 0.484000 0.034000 0.040000
11 0.220000 0.837000 0.036000 0.046000
3 0.768000 0.044000 0.084000 0.084000
11 0.168000 0.056000 0.024000 0.044000
3 0.051000 0.937000 0.046000 0.078000
2 0.440000 0.346000 0.092000 0.092000
11 0.638000 0.271000 0.028000 0.030000
11 0.272000 0.666000 0.032000 0.036000
11 0.336000 0.583000 0.036000 0.038000
2 0.713000 0.518000 0.570000 0.464000
11 0.159000 0.113000 0.022000 0.042000
11 0.694000 0.200000 0.020000 0.028000
11 0.215000 0.753000 0.030000 0.046000
