2 0.096000 0.222000 0.192000 0.140000
11 0.409000 0.637000 0.042000 0.046000
11 0.592000 0.436000 0.036000 0.040000
2 0.902000 0.819000 0.100000 0.138000
11 0.976000 0.831000 0.036000 0.042000
2 0.826000 0.927000 0.152000 0.142000
2 0.456000 0.787000 0.160000 0.102000
2 0.364000 0.405000 0.324000 0.374000
2 0.112000 0.791000 0.224000 0.334000
2 0.955000 0.414000 0.086000 0.172000
2 0.941000 0.686000 0.114000 0.124000
2 0.046000 0.018000 0.092000 0.036000
11 0.193000 0.052000 0.030000 0.052000
2 0.953000 0.582000 0.082000 0.084000
11 0.128000 0.016000 0.028000 0.032000
2 0.717000 0.009000 0.138000 0.018000
2 0.602000 0.507000 0.168000 0.186000
2 0.396000 0.873500 0.144000 0.119000
11 0.171000 0.047000 0.034000 0.046000
2 0.686500 0.679500 0.089000 0.087000
2 0.507500 0.698500 0.131000 0.117000
2 0.730000 0.167500 0.172000 0.179000
2 0.620500 0.916500 0.129000 0.125000
2 0.612000 0.243000 0.132000 0.138000
2 0.601500 0.670500 0.087000 0.089000
2 0.557500 0.589000 0.095000 0.086000
2 0.800500 0.452500 0.109000 0.109000
2 0.792500 0.344000 0.137000 0.136000
2 0.619500 0.141500 0.079000 0.079000
