2 0.627000 0.680000 0.190000 0.212000
2 0.100000 0.633000 0.184000 0.214000
11 0.658000 0.072000 0.052000 0.036000
2 0.107000 0.092000 0.118000 0.120000
2 0.047000 0.430000 0.090000 0.084000
2 0.282740 0.353700 0.197480 0.183400
11 0.745000 0.036000 0.046000 0.036000
2 0.885000 0.405000 0.226000 0.234000
3 0.888000 0.024000 0.084000 0.048000
2 0.244490 0.725660 0.176980 0.175320
3 0.790000 0.019000 0.064000 0.038000
2 0.899000 0.714000 0.198000 0.180000
2 0.978000 0.082000 0.040000 0.164000
2 0.453000 0.964000 0.138000 0.068000
2 0.827000 0.948000 0.250000 0.100000
2 0.065000 0.877000 0.098000 0.098000
2 0.381000 0.028000 0.166000 0.056000
2 0.611670 0.226680 0.195340 0.185360
11 0.527000 0.120000 0.046000 0.032000
11 0.802000 0.793000 0.032000 0.042000
11 0.004000 0.021000 0.008000 0.038000
11 0.607000 0.089000 0.042000 0.030000
2 0.793690 0.249930 0.175380 0.223860
2 0.441970 0.273530 0.183940 0.191060
2 0.424340 0.641670 0.236680 0.195340
