2 0.652000 0.791000 0.148000 0.122000
2 0.610000 0.041000 0.120000 0.082000
2 0.596000 0.148000 0.112000 0.096000
2 0.805000 0.789000 0.130000 0.126000
2 0.869000 0.622000 0.150000 0.152000
2 0.310000 0.742000 0.108000 0.116000
2 0.039000 0.601000 0.078000 0.146000
2 0.529000 0.443000 0.106000 0.142000
2 0.447000 0.762000 0.114000 0.120000
2 0.214000 0.313000 0.084000 0.114000
2 0.680000 0.352000 0.084000 0.104000
2 0.573000 0.256000 0.102000 0.096000
2 0.374000 0.305000 0.100000 0.110000
2 0.177000 0.968000 0.110000 0.060000
2 0.900000 0.032000 0.144000 0.064000
2 0.858000 0.437000 0.108000 0.078000
2 0.916000 0.226000 0.100000 0.096000
2 0.050000 0.955000 0.100000 0.086000
2 0.860000 0.343000 0.084000 0.114000
2 0.142000 0.668000 0.076000 0.116000
11 0.412000 0.880000 0.048000 0.032000
3 0.501000 0.922000 0.050000 0.060000
11 0.597000 0.936000 0.046000 0.032000
11 0.096000 0.834000 0.044000 0.032000
2 0.372000 0.171000 0.116000 0.118000
11 0.649000 0.944000 0.050000 0.036000
11 0.463000 0.894000 0.050000 0.032000
3 0.545000 0.978000 0.066000 0.040000
2 0.343000 0.405000 0.142000 0.086000
11 0.802000 0.982000 0.052000 0.032000
11 0.721000 0.966000 0.066000 0.036000
2 0.309000 0.980000 0.094000 0.036000
2 0.501000 0.590000 0.098000 0.116000
2 0.331000 0.622000 0.118000 0.108000
2 0.089000 0.137000 0.138000 0.270000
7 0.989000 0.543000 0.018000 0.050000
2 0.381000 0.053000 0.102000 0.078000
2 0.208000 0.043000 0.100000 0.086000
2 0.560000 0.341380 0.100000 0.090760
11 0.700920 0.879850 0.033840 0.047700
