2 0.348000 0.647000 0.176000 0.194000
2 0.087000 0.593000 0.142000 0.202000
2 0.264000 0.855000 0.216000 0.286000
11 0.765000 0.589000 0.050000 0.050000
2 0.661000 0.781000 0.446000 0.434000
6 0.633000 0.375000 0.094000 0.114000
2 0.415000 0.468000 0.194000 0.236000
11 0.414000 0.229000 0.044000 0.058000
11 0.110000 0.216000 0.048000 0.028000
3 0.770000 0.382000 0.040000 0.084000
3 0.740000 0.491000 0.064000 0.062000
11 0.978000 0.381000 0.040000 0.026000
3 0.268000 0.183000 0.092000 0.094000
3 0.691000 0.538000 0.070000 0.060000
2 0.037000 0.910000 0.074000 0.176000
11 0.305000 0.009000 0.046000 0.018000
6 0.532000 0.282000 0.060000 0.072000
3 0.460000 0.283000 0.072000 0.066000
2 0.726000 0.201000 0.148000 0.102000
2 0.941000 0.968000 0.114000 0.060000
11 0.509000 0.209000 0.034000 0.046000
2 0.284670 0.353330 0.265340 0.198660
2 0.076660 0.323330 0.153320 0.114660
2 0.904000 0.552000 0.192000 0.228000
11 0.269810 0.085790 0.031620 0.059580
