2 0.230000 0.680000 0.176000 0.156000
2 0.758000 0.426000 0.128000 0.132000
11 0.895000 0.867000 0.042000 0.042000
2 0.714000 0.194000 0.144000 0.320000
3 0.077180 0.524890 0.070360 0.057780
11 0.060000 0.521000 0.036000 0.050000
6 0.082000 0.299000 0.052000 0.122000
11 0.211000 0.276000 0.034000 0.040000
11 0.858000 0.827000 0.040000 0.038000
7 0.738510 0.702090 0.053020 0.056180
11 0.930000 0.906000 0.036000 0.036000
3 0.067000 0.086000 0.058000 0.088000
3 0.597000 0.445000 0.074000 0.046000
2 0.921820 0.607840 0.155640 0.135680
7 0.778510 0.744510 0.049020 0.049020
11 0.837000 0.225000 0.038000 0.038000
11 0.701000 0.659000 0.042000 0.042000
11 0.814000 0.781000 0.036000 0.038000
11 0.960000 0.936000 0.032000 0.032000
2 0.959000 0.318000 0.078000 0.132000
11 0.790000 0.138000 0.028000 0.052000
2 0.759000 0.018000 0.130000 0.036000
6 0.188700 0.105040 0.113400 0.042080
3 0.543140 0.480150 0.050280 0.064300
3 0.186030 0.558490 0.104060 0.068980
11 0.406800 0.039780 0.045600 0.031560
9 0.344820 0.282000 0.501640 0.412000
2 0.825340 0.498560 0.134680 0.141120
2 0.872480 0.555790 0.136960 0.111580
3 0.492510 0.044260 0.045020 0.040520
2 0.401580 0.803840 0.099160 0.115680
2 0.884560 0.051950 0.105120 0.103900
