2 0.094000 0.899000 0.188000 0.198000
2 0.796000 0.417000 0.120000 0.146000
2 0.166000 0.670000 0.160000 0.148000
2 0.871000 0.797000 0.106000 0.134000
3 0.354000 0.629000 0.100000 0.046000
11 0.142000 0.518000 0.056000 0.036000
3 0.292000 0.525000 0.040000 0.098000
3 0.410000 0.200000 0.132000 0.072000
11 0.387000 0.514000 0.026000 0.044000
11 0.089000 0.506000 0.050000 0.032000
2 0.476000 0.613000 0.128000 0.134000
2 0.515000 0.460000 0.134000 0.144000
3 0.374000 0.413000 0.108000 0.050000
11 0.191000 0.927000 0.050000 0.034000
2 0.947000 0.563000 0.102000 0.166000
2 0.634000 0.710000 0.148000 0.144000
2 0.095000 0.303000 0.142000 0.114000
2 0.844000 0.538000 0.132000 0.152000
11 0.234000 0.893000 0.024000 0.038000
2 0.463000 0.924000 0.174000 0.148000
11 0.035000 0.308000 0.022000 0.044000
2 0.762000 0.982000 0.148000 0.032000
2 0.233000 0.356000 0.126000 0.120000
11 0.193000 0.888000 0.030000 0.048000
2 0.046000 0.019000 0.092000 0.038000
2 0.012000 0.276000 0.024000 0.140000
2 0.167080 0.063840 0.186160 0.127680
2 0.811380 0.892000 0.150760 0.120000
