2 0.761000 0.860000 0.134000 0.148000
2 0.619000 0.828000 0.130000 0.128000
2 0.166000 0.140000 0.116000 0.124000
2 0.589000 0.561000 0.142000 0.146000
2 0.075000 0.255000 0.150000 0.154000
2 0.597000 0.417000 0.102000 0.098000
2 0.786000 0.315000 0.156000 0.166000
2 0.452000 0.678000 0.120000 0.124000
2 0.290000 0.110000 0.136000 0.152000
11 0.435000 0.823000 0.042000 0.038000
2 0.459000 0.046000 0.138000 0.092000
11 0.641000 0.629000 0.042000 0.038000
11 0.381000 0.873000 0.042000 0.046000
11 0.869000 0.427000 0.038000 0.042000
2 0.207000 0.796000 0.130000 0.120000
11 0.710000 0.564000 0.040000 0.036000
2 0.457000 0.964000 0.086000 0.068000
11 0.028000 0.548000 0.048000 0.052000
2 0.085000 0.786000 0.170000 0.240000
2 0.663000 0.961000 0.134000 0.074000
2 0.321000 0.786000 0.110000 0.120000
2 0.906000 0.649000 0.092000 0.078000
11 0.503000 0.756000 0.046000 0.040000
2 0.971000 0.508000 0.054000 0.132000
2 0.908000 0.851000 0.172000 0.158000
2 0.732000 0.448000 0.116000 0.112000
2 0.950000 0.028000 0.096000 0.056000
2 0.491000 0.299000 0.118000 0.122000
2 0.908710 0.273410 0.149420 0.158820
