2 0.749000 0.100000 0.326000 0.188000
2 0.207480 0.652770 0.366960 0.209540
11 0.865000 0.246000 0.054000 0.032000
2 0.468000 0.046000 0.192000 0.092000
11 0.751000 0.212000 0.050000 0.036000
2 0.292000 0.287000 0.312000 0.170000
11 0.703000 0.200000 0.046000 0.032000
11 0.790000 0.893000 0.028000 0.038000
2 0.839080 0.458620 0.146160 0.229240
11 0.863000 0.303000 0.050000 0.034000
11 0.812000 0.803000 0.032000 0.042000
2 0.070000 0.360000 0.140000 0.204000
11 0.784000 0.279000 0.052000 0.034000
2 0.148000 0.943000 0.296000 0.110000
11 0.693000 0.253000 0.046000 0.030000
3 0.950000 0.307000 0.060000 0.094000
2 0.705000 0.770000 0.198000 0.376000
2 0.961000 0.855000 0.074000 0.158000
2 0.694000 0.366000 0.204000 0.184000
2 0.866000 0.985000 0.176000 0.026000
2 0.959000 0.628780 0.078000 0.309560
2 0.540920 0.319080 0.173840 0.166160
2 0.459690 0.702540 0.207380 0.225080
