2 0.079000 0.277000 0.158000 0.166000
2 0.287000 0.101000 0.114000 0.130000
2 0.816000 0.234000 0.144000 0.140000
11 0.315000 0.286000 0.030000 0.032000
2 0.496000 0.566000 0.248000 0.220000
2 0.657000 0.099000 0.158000 0.130000
2 0.804000 0.922000 0.332000 0.152000
2 0.502000 0.337000 0.196000 0.210000
2 0.788000 0.123000 0.116000 0.098000
11 0.911000 0.094000 0.054000 0.048000
2 0.973000 0.351000 0.050000 0.130000
11 0.842000 0.053000 0.036000 0.034000
7 0.094000 0.561000 0.040000 0.050000
2 0.923000 0.037000 0.126000 0.074000
11 0.366000 0.767000 0.040000 0.046000
2 0.034000 0.551000 0.068000 0.138000
2 0.178000 0.832000 0.356000 0.332000
11 0.508000 0.687000 0.036000 0.042000
2 0.327000 0.444000 0.162000 0.128000
2 0.193000 0.198750 0.170000 0.157500
2 0.573500 0.234500 0.135000 0.125000
