2 0.297000 0.886000 0.182000 0.152000
2 0.774000 0.070000 0.152000 0.140000
2 0.298000 0.531000 0.120000 0.110000
2 0.936000 0.275000 0.124000 0.134000
2 0.172000 0.728000 0.116000 0.116000
2 0.043000 0.571000 0.086000 0.170000
11 0.278000 0.307000 0.040000 0.046000
2 0.430000 0.239000 0.120000 0.106000
11 0.939000 0.051000 0.038000 0.054000
11 0.020000 0.784000 0.040000 0.060000
11 0.242000 0.224000 0.036000 0.044000
2 0.722000 0.643000 0.092000 0.102000
2 0.784000 0.957000 0.080000 0.082000
11 0.344000 0.267000 0.036000 0.046000
2 0.689000 0.335000 0.166000 0.138000
2 0.230000 0.371000 0.200000 0.250000
2 0.522000 0.652000 0.128000 0.120000
2 0.616000 0.114000 0.116000 0.112000
11 0.287000 0.204000 0.030000 0.036000
11 0.976000 0.412000 0.044000 0.040000
2 0.980000 0.507000 0.036000 0.114000
2 0.745000 0.885000 0.066000 0.078000
11 0.989000 0.207000 0.018000 0.042000
7 0.144000 0.984000 0.044000 0.028000
2 0.555000 0.009000 0.138000 0.018000
2 0.057000 0.982000 0.114000 0.032000
2 0.247900 0.798190 0.143800 0.124380
2 0.080180 0.148580 0.160360 0.125160
2 0.076090 0.062190 0.108180 0.096380
2 0.490580 0.184910 0.113160 0.109820
2 0.671510 0.575380 0.103020 0.118760
2 0.720630 0.434260 0.205260 0.144520
