2 0.131000 0.774000 0.098000 0.116000
2 0.129000 0.607000 0.086000 0.070000
2 0.142000 0.057000 0.144000 0.114000
2 0.482000 0.782000 0.088000 0.120000
2 0.213000 0.696000 0.082000 0.116000
2 0.116000 0.362000 0.152000 0.152000
2 0.230000 0.321000 0.088000 0.110000
2 0.540000 0.511000 0.096000 0.098000
2 0.333000 0.893000 0.082000 0.102000
2 0.539000 0.413000 0.106000 0.098000
2 0.473000 0.908000 0.070000 0.116000
2 0.191000 0.891000 0.082000 0.042000
2 0.735000 0.458000 0.138000 0.128000
2 0.529000 0.651000 0.078000 0.102000
2 0.334000 0.026000 0.100000 0.052000
2 0.726000 0.911000 0.100000 0.094000
2 0.379000 0.408000 0.102000 0.108000
2 0.900000 0.491000 0.152000 0.174000
2 0.838000 0.964000 0.120000 0.068000
3 0.085000 0.167000 0.054000 0.098000
2 0.735000 0.784000 0.094000 0.088000
2 0.056000 0.665000 0.072000 0.074000
2 0.018000 0.885000 0.036000 0.098000
2 0.701000 0.980000 0.106000 0.036000
2 0.020000 0.772000 0.040000 0.100000
11 0.991000 0.491000 0.014000 0.046000
11 0.523000 0.211000 0.046000 0.034000
11 0.991000 0.615000 0.014000 0.046000
11 0.989000 0.670000 0.018000 0.048000
11 0.547000 0.573000 0.042000 0.026000
3 0.014000 0.087000 0.028000 0.054000
2 0.420000 0.067000 0.124000 0.134000
2 0.686000 0.085000 0.392000 0.170000
2 0.283000 0.510000 0.058000 0.124000
2 0.488000 0.982000 0.080000 0.032000
2 0.045000 0.987000 0.050000 0.022000
11 0.035000 0.004000 0.046000 0.008000
