3 0.417000 0.874000 0.058000 0.120000
3 0.732000 0.902000 0.060000 0.128000
3 0.321000 0.658000 0.070000 0.060000
11 0.042000 0.323000 0.036000 0.022000
11 0.837000 0.485000 0.026000 0.046000
11 0.253000 0.078000 0.018000 0.044000
11 0.127570 0.273140 0.023140 0.046280
11 0.148790 0.279570 0.025580 0.051140
11 0.186000 0.243000 0.044000 0.026000
11 0.844000 0.633000 0.024000 0.046000
7 0.070000 0.142000 0.024000 0.048000
7 0.049000 0.893000 0.030000 0.054000
11 0.091000 0.324000 0.042000 0.024000
2 0.941000 0.506600 0.118000 0.089200
11 0.072000 0.091000 0.040000 0.026000
11 0.023000 0.186000 0.022000 0.044000
11 0.851000 0.738000 0.030000 0.060000
11 0.807000 0.952000 0.022000 0.056000
3 0.338000 0.976000 0.072000 0.044000
11 0.070000 0.841000 0.024000 0.046000
11 0.103000 0.903000 0.022000 0.042000
11 0.111000 0.024000 0.022000 0.044000
7 0.177000 0.194000 0.050000 0.028000
11 0.171000 0.091000 0.046000 0.026000
7 0.113000 0.989000 0.054000 0.018000
11 0.125000 0.907000 0.022000 0.046000
11 0.020000 0.885000 0.024000 0.042000
7 0.085000 0.027000 0.022000 0.050000
11 0.166000 0.989000 0.044000 0.018000
11 0.024000 0.839000 0.020000 0.042000
11 0.021000 0.091000 0.042000 0.026000
11 0.073000 0.895000 0.018000 0.042000
7 0.054000 0.277000 0.028000 0.046000
11 0.839000 0.536000 0.022000 0.048000
11 0.047000 0.141000 0.022000 0.046000
11 0.159000 0.927000 0.022000 0.050000
11 0.071000 0.987000 0.022000 0.022000
11 0.070000 0.186000 0.024000 0.044000
11 0.849000 0.797000 0.022000 0.050000
11 0.028000 0.028000 0.020000 0.044000
11 0.103000 0.274000 0.022000 0.044000
7 0.171000 0.142000 0.046000 0.028000
11 0.187000 0.918000 0.018000 0.040000
11 0.182000 0.218000 0.048000 0.024000
11 0.173000 0.166000 0.046000 0.028000
11 0.007000 0.323000 0.014000 0.022000
11 0.060000 0.025000 0.020000 0.046000
11 0.021000 0.141000 0.026000 0.046000
11 0.021000 0.985000 0.030000 0.026000
11 0.045000 0.188000 0.022000 0.044000
7 0.009000 0.278000 0.018000 0.044000
11 0.006000 0.688000 0.012000 0.028000
11 0.047000 0.982000 0.022000 0.032000
7 0.286000 0.844000 0.028000 0.068000
8 0.619000 0.346000 0.110000 0.272000
8 0.487580 0.352480 0.107160 0.284960
11 0.100790 0.385400 0.053580 0.026800
2 0.940540 0.620290 0.117080 0.148580
2 0.942710 0.755330 0.113420 0.126660
