11 0.591000 0.442000 0.046000 0.048000
11 0.742000 0.198000 0.052000 0.052000
11 0.805000 0.172000 0.038000 0.044000
11 0.543000 0.506000 0.050000 0.052000
2 0.188000 0.414000 0.320000 0.400000
11 0.640000 0.383000 0.052000 0.050000
11 0.069000 0.013000 0.046000 0.026000
11 0.529000 0.573000 0.034000 0.046000
11 0.934000 0.016000 0.036000 0.032000
11 0.682000 0.278000 0.044000 0.044000
2 0.397000 0.100000 0.270000 0.200000
11 0.670000 0.337000 0.036000 0.042000
11 0.888000 0.058000 0.048000 0.048000
2 0.224180 0.129030 0.256360 0.214060
