2 0.065000 0.938000 0.130000 0.120000
2 0.211000 0.795000 0.150000 0.186000
2 0.398000 0.934000 0.320000 0.128000
2 0.883000 0.666000 0.094000 0.120000
2 0.736000 0.700000 0.092000 0.096000
11 0.396000 0.443000 0.032000 0.038000
2 0.115000 0.035000 0.230000 0.070000
3 0.266000 0.634000 0.076000 0.064000
2 0.231000 0.491000 0.146000 0.174000
11 0.168000 0.652000 0.040000 0.036000
11 0.243000 0.698000 0.050000 0.036000
3 0.313000 0.089000 0.154000 0.122000
11 0.080000 0.604000 0.040000 0.032000
2 0.528000 0.496000 0.368000 0.208000
11 0.287000 0.014000 0.050000 0.028000
11 0.008000 0.557000 0.016000 0.042000
2 0.820000 0.247000 0.356000 0.490000
11 0.039000 0.582000 0.038000 0.036000
2 0.057000 0.717000 0.114000 0.258000
2 0.052000 0.242000 0.104000 0.240000
11 0.596000 0.142000 0.064000 0.048000
2 0.468000 0.700000 0.276000 0.152000
11 0.721000 0.010000 0.046000 0.020000
11 0.029000 0.112000 0.034000 0.044000
