2 0.779000 0.109000 0.134000 0.126000
2 0.454000 0.374000 0.128000 0.096000
2 0.433000 0.276000 0.170000 0.116000
2 0.411000 0.478000 0.142000 0.124000
2 0.756000 0.495000 0.124000 0.102000
2 0.732000 0.604000 0.116000 0.116000
2 0.477000 0.173000 0.138000 0.102000
2 0.439000 0.682000 0.130000 0.080000
2 0.763000 0.411000 0.130000 0.074000
2 0.460000 0.074000 0.144000 0.108000
2 0.464000 0.857000 0.124000 0.078000
2 0.774000 0.311000 0.116000 0.086000
2 0.761000 0.968000 0.114000 0.060000
2 0.430000 0.969000 0.124000 0.058000
2 0.113000 0.442000 0.222000 0.108000
7 0.860000 0.538000 0.028000 0.052000
2 0.973000 0.869000 0.050000 0.110000
7 0.560000 0.587000 0.028000 0.054000
11 0.876000 0.807000 0.024000 0.042000
11 0.884000 0.201000 0.028000 0.046000
11 0.557000 0.636000 0.022000 0.040000
11 0.570000 0.346000 0.024000 0.052000
11 0.883000 0.251000 0.026000 0.042000
11 0.575000 0.240000 0.022000 0.044000
11 0.894000 0.055000 0.024000 0.046000
11 0.572000 0.141000 0.028000 0.046000
11 0.950000 0.151000 0.024000 0.046000
11 0.844000 0.727000 0.024000 0.046000
11 0.892000 0.098000 0.020000 0.040000
11 0.874000 0.340000 0.028000 0.048000
11 0.568000 0.396000 0.020000 0.040000
2 0.177000 0.313000 0.066000 0.094000
11 0.848000 0.677000 0.024000 0.042000
2 0.253000 0.038000 0.078000 0.072000
2 0.728000 0.793000 0.108000 0.070000
2 0.211000 0.577000 0.078000 0.046000
2 0.726000 0.858000 0.104000 0.068000
2 0.014000 0.161000 0.028000 0.106000
11 0.564000 0.483000 0.020000 0.042000
11 0.566000 0.053000 0.024000 0.050000
2 0.161000 0.736000 0.122000 0.084000
2 0.057000 0.082000 0.114000 0.072000
7 0.554000 0.728000 0.028000 0.052000
2 0.071000 0.911000 0.142000 0.158000
2 0.776000 0.729000 0.120000 0.078000
2 0.781000 0.229000 0.122000 0.082000
11 0.824000 0.982000 0.028000 0.032000
11 0.807000 0.640000 0.042000 0.032000
11 0.575000 0.187000 0.022000 0.042000
2 0.165000 0.980000 0.042000 0.036000
11 0.564000 0.534000 0.020000 0.052000
7 0.832000 0.943000 0.028000 0.038000
