7 0.281000 0.213000 0.058000 0.066000
7 0.368000 0.107000 0.048000 0.058000
7 0.277000 0.096000 0.046000 0.052000
7 0.326000 0.160000 0.056000 0.064000
11 0.100000 0.018000 0.044000 0.036000
11 0.911000 0.217000 0.038000 0.042000
11 0.013000 0.016000 0.026000 0.032000
11 0.881000 0.013000 0.042000 0.026000
11 0.729000 0.016000 0.042000 0.032000
11 0.048000 0.013000 0.040000 0.026000
11 0.759000 0.150000 0.046000 0.044000
2 0.312000 0.043000 0.308000 0.086000
11 0.875000 0.092000 0.046000 0.044000
7 0.420000 0.040000 0.060000 0.076000
14 0.886000 0.412620 0.220000 0.269240
