2 0.633000 0.459000 0.138000 0.110000
2 0.735000 0.099000 0.138000 0.142000
11 0.087000 0.126000 0.034000 0.044000
2 0.445000 0.090000 0.162000 0.132000
11 0.164000 0.013000 0.032000 0.026000
2 0.212000 0.676000 0.168000 0.120000
2 0.580000 0.239000 0.124000 0.190000
2 0.068000 0.504000 0.132000 0.140000
3 0.014000 0.226000 0.028000 0.080000
2 0.113000 0.311000 0.122000 0.106000
2 0.880330 0.097830 0.120660 0.127660
11 0.871000 0.013000 0.042000 0.026000
2 0.959800 0.140410 0.079600 0.164820
11 0.978000 0.040000 0.040000 0.032000
11 0.785000 0.008000 0.046000 0.016000
2 0.032000 0.098000 0.064000 0.104000
2 0.864000 0.205000 0.120000 0.138000
2 0.039000 0.030000 0.078000 0.060000
2 0.855000 0.424000 0.082000 0.112000
2 0.931000 0.908000 0.134000 0.180000
2 0.314520 0.046990 0.113040 0.093980
2 0.175070 0.433900 0.162140 0.155800
