2 0.299000 0.899000 0.198000 0.198000
2 0.163000 0.538000 0.326000 0.220000
6 0.784000 0.551000 0.068000 0.126000
7 0.645000 0.860000 0.042000 0.072000
2 0.527000 0.719000 0.214000 0.114000
11 0.499000 0.091000 0.038000 0.026000
2 0.636850 0.529660 0.261700 0.355320
11 0.698000 0.638000 0.028000 0.048000
2 0.108000 0.847000 0.216000 0.250000
3 0.681000 0.791000 0.070000 0.054000
11 0.886000 0.120000 0.032000 0.056000
11 0.856000 0.197000 0.028000 0.050000
11 0.941000 0.126000 0.034000 0.060000
2 0.504700 0.934800 0.149400 0.125600
11 0.467000 0.841000 0.038000 0.046000
11 0.832000 0.269000 0.028000 0.046000
11 0.596000 0.982000 0.028000 0.032000
11 0.858000 0.266000 0.024000 0.052000
2 0.659000 0.046000 0.154000 0.092000
11 0.247000 0.764000 0.050000 0.028000
2 0.877410 0.839000 0.242820 0.318000
11 0.772000 0.513000 0.028000 0.046000
2 0.743030 0.268840 0.162060 0.201680
7 0.814000 0.320000 0.036000 0.060000
11 0.922000 0.018000 0.024000 0.036000
2 0.352750 0.656530 0.201500 0.125060
2 0.821000 0.068000 0.142000 0.136000
11 0.512000 0.046000 0.040000 0.036000
2 0.155450 0.234680 0.310900 0.469360
11 0.193610 0.753800 0.043220 0.027600
11 0.150610 0.739410 0.049220 0.034820
11 0.103810 0.726000 0.039620 0.024000
2 0.573640 0.219420 0.211280 0.118840
2 0.453830 0.576630 0.171660 0.157260
