2 0.145000 0.848000 0.274000 0.300000
2 0.493000 0.920000 0.298000 0.156000
11 0.687000 0.087000 0.050000 0.034000
11 0.831540 0.464920 0.043080 0.033840
11 0.841000 0.439000 0.046000 0.034000
3 0.932000 0.236000 0.060000 0.060000
2 0.930000 0.708500 0.140000 0.341000
11 0.923000 0.492000 0.034000 0.032000
11 0.925000 0.463000 0.046000 0.030000
11 0.945000 0.415000 0.042000 0.034000
11 0.795000 0.580000 0.038000 0.040000
11 0.677000 0.823000 0.034000 0.038000
11 0.860000 0.393000 0.048000 0.030000
11 0.874000 0.347000 0.048000 0.034000
3 0.657690 0.051380 0.055380 0.070760
