11 0.735000 0.513000 0.038000 0.026000
11 0.403000 0.507000 0.054000 0.030000
11 0.251000 0.634000 0.042000 0.028000
11 0.516000 0.644000 0.048000 0.032000
11 0.493000 0.056000 0.050000 0.036000
11 0.399000 0.463000 0.062000 0.038000
11 0.036000 0.462000 0.040000 0.028000
11 0.251000 0.462000 0.042000 0.028000
11 0.471000 0.102000 0.042000 0.032000
11 0.504000 0.439000 0.064000 0.042000
11 0.855000 0.978000 0.046000 0.032000
11 0.154000 0.599000 0.064000 0.042000
11 0.499000 0.580000 0.054000 0.032000
11 0.953000 0.629000 0.046000 0.038000
11 0.360000 0.082000 0.048000 0.036000
