2 0.913000 0.828000 0.170000 0.168000
11 0.932000 0.432000 0.044000 0.028000
11 0.404000 0.354000 0.052000 0.028000
2 0.068000 0.790000 0.136000 0.268000
11 0.388000 0.016000 0.052000 0.032000
2 0.585000 0.563000 0.282000 0.262000
11 0.514000 0.372000 0.044000 0.024000
7 0.560000 0.057000 0.064000 0.042000
7 0.841000 0.131000 0.066000 0.034000
2 0.256000 0.485000 0.444000 0.270000
2 0.795330 0.515670 0.146660 0.135340
11 0.079000 0.008000 0.050000 0.016000
2 0.911000 0.691000 0.174000 0.126000
2 0.930670 0.547330 0.137340 0.134660
2 0.766000 0.664670 0.152000 0.117340
