6 0.823200 0.119000 0.166400 0.090000
2 0.153000 0.860000 0.306000 0.276000
6 0.391000 0.419000 0.122000 0.086000
11 0.263000 0.507000 0.038000 0.038000
11 0.138000 0.405000 0.040000 0.034000
11 0.488000 0.229000 0.052000 0.046000
11 0.641000 0.277000 0.050000 0.042000
11 0.566000 0.331000 0.040000 0.034000
11 0.971000 0.209000 0.038000 0.042000
11 0.345000 0.251000 0.054000 0.046000
7 0.059000 0.529000 0.054000 0.050000
11 0.025000 0.663000 0.042000 0.042000
11 0.515000 0.364000 0.042000 0.040000
11 0.029000 0.476000 0.054000 0.048000
11 0.202000 0.395000 0.044000 0.042000
11 0.167000 0.447000 0.038000 0.034000
2 0.596000 0.716000 0.788000 0.564000
11 0.033000 0.021000 0.042000 0.042000
3 0.975000 0.168000 0.046000 0.092000
2 0.318000 0.233000 0.632000 0.462000
11 0.006000 0.050000 0.012000 0.048000
