2 0.376000 0.770000 0.392000 0.244000
2 0.430000 0.450000 0.220000 0.264000
11 0.186000 0.882000 0.044000 0.032000
11 0.303000 0.463000 0.030000 0.050000
2 0.714000 0.819000 0.144000 0.314000
2 0.138000 0.563000 0.276000 0.262000
11 0.118000 0.187000 0.044000 0.042000
11 0.176000 0.210000 0.040000 0.036000
11 0.271000 0.916000 0.042000 0.028000
2 0.880000 0.874000 0.236000 0.248000
11 0.233000 0.257000 0.046000 0.038000
11 0.536000 0.255000 0.020000 0.038000
2 0.037000 0.925000 0.074000 0.146000
2 0.870000 0.305750 0.260000 0.535500
2 0.253620 0.109380 0.507240 0.218760
11 0.316000 0.932000 0.052000 0.032000
11 0.558000 0.108000 0.028000 0.044000
11 0.070000 0.846000 0.044000 0.028000
7 0.494000 0.987000 0.064000 0.022000
11 0.021000 0.828000 0.034000 0.028000
11 0.545000 0.152000 0.026000 0.036000
11 0.529000 0.204000 0.022000 0.048000
