2 0.338000 0.235000 0.332000 0.406000
11 0.863000 0.555000 0.042000 0.046000
2 0.355000 0.749000 0.454000 0.498000
11 0.914000 0.179000 0.032000 0.042000
11 0.087000 0.165000 0.034000 0.046000
2 0.795000 0.212000 0.398000 0.424000
11 0.587000 0.150000 0.026000 0.044000
11 0.576000 0.311000 0.024000 0.038000
11 0.367000 0.971000 0.042000 0.046000
11 0.032000 0.682000 0.028000 0.040000
3 0.629000 0.472000 0.102000 0.100000
6 0.164000 0.024000 0.060000 0.048000
11 0.433000 0.867000 0.034000 0.042000
11 0.596000 0.204000 0.020000 0.036000
7 0.229000 0.018000 0.042000 0.036000
11 0.080000 0.617000 0.024000 0.042000
11 0.018000 0.582000 0.036000 0.020000
2 0.034000 0.118000 0.068000 0.236000
