2 0.353000 0.198000 0.278000 0.188000
2 0.634000 0.688000 0.120000 0.120000
2 0.899000 0.421000 0.126000 0.142000
2 0.768000 0.281000 0.120000 0.118000
2 0.901000 0.807000 0.130000 0.126000
2 0.462000 0.583000 0.120000 0.174000
7 0.848000 0.935000 0.060000 0.046000
2 0.489000 0.872000 0.114000 0.136000
2 0.793000 0.603000 0.106000 0.078000
11 0.289000 0.619000 0.034000 0.046000
11 0.233000 0.469000 0.034000 0.046000
3 0.936000 0.939000 0.068000 0.066000
11 0.241000 0.711000 0.034000 0.046000
11 0.287000 0.503000 0.030000 0.046000
11 0.643000 0.069000 0.046000 0.046000
11 0.890000 0.247000 0.040000 0.038000
11 0.767000 0.157000 0.046000 0.042000
7 0.410000 0.679000 0.048000 0.046000
11 0.601000 0.035000 0.046000 0.042000
11 0.238000 0.568000 0.028000 0.036000
11 0.645000 0.809000 0.042000 0.038000
11 0.770000 0.882000 0.040000 0.032000
11 0.689000 0.835000 0.046000 0.042000
2 0.301000 0.971000 0.186000 0.054000
2 0.330000 0.784000 0.116000 0.144000
11 0.583000 0.777000 0.038000 0.038000
11 0.927000 0.273000 0.034000 0.034000
11 0.503000 0.733000 0.046000 0.042000
11 0.190000 0.553000 0.036000 0.042000
2 0.679000 0.931000 0.306000 0.134000
11 0.543000 0.758000 0.042000 0.036000
11 0.457000 0.707000 0.046000 0.038000
2 0.605000 0.394000 0.122000 0.100000
11 0.817000 0.194000 0.042000 0.040000
11 0.150000 0.476000 0.044000 0.032000
2 0.273000 0.043000 0.170000 0.086000
2 0.982000 0.458000 0.032000 0.108000
7 0.969000 0.987000 0.050000 0.022000
11 0.691000 0.102000 0.042000 0.040000
2 0.101000 0.698000 0.202000 0.276000
3 0.350000 0.662000 0.048000 0.056000
11 0.985000 0.322000 0.026000 0.044000
11 0.991000 0.879000 0.014000 0.046000
2 0.885000 0.675000 0.106000 0.110000
