2 0.185000 0.650000 0.214000 0.244000
2 0.601000 0.121000 0.154000 0.158000
2 0.974000 0.431000 0.048000 0.106000
11 0.550000 0.497000 0.024000 0.026000
11 0.373500 0.772000 0.031000 0.040000
11 0.249000 0.940000 0.034000 0.036000
11 0.920000 0.199000 0.044000 0.038000
11 0.974500 0.980000 0.049000 0.036000
11 0.486000 0.549000 0.040000 0.054000
11 0.884000 0.177000 0.032000 0.030000
3 0.815000 0.146000 0.058000 0.108000
2 0.811000 0.958000 0.118000 0.084000
11 0.969000 0.979000 0.034000 0.042000
2 0.369000 0.031000 0.090000 0.062000
2 0.209000 0.068500 0.118000 0.109000
2 0.731500 0.384500 0.115000 0.105000
2 0.465000 0.355000 0.162000 0.186000
2 0.333000 0.459000 0.174000 0.186000
2 0.676500 0.458500 0.097000 0.109000
2 0.064000 0.059000 0.124000 0.114000
2 0.501500 0.195500 0.119000 0.127000
2 0.605500 0.662500 0.131000 0.109000
2 0.589500 0.773000 0.139000 0.146000
2 0.766500 0.298000 0.105000 0.108000
2 0.962500 0.535500 0.073000 0.075000
2 0.893730 0.863190 0.159460 0.126380
2 0.407000 0.908000 0.254000 0.184000
2 0.971500 0.710000 0.051000 0.072000
2 0.948000 0.085000 0.104000 0.110000
2 0.094500 0.833500 0.189000 0.231000
11 0.459500 0.462500 0.039000 0.041000
11 0.985500 0.941000 0.027000 0.050000
