2 0.792000 0.153000 0.412000 0.306000
3 0.710000 0.461000 0.096000 0.086000
3 0.835000 0.314000 0.106000 0.060000
11 0.499000 0.679000 0.046000 0.046000
11 0.583000 0.255000 0.046000 0.034000
11 0.671000 0.494000 0.046000 0.040000
3 0.710000 0.341000 0.096000 0.078000
11 0.608000 0.320000 0.052000 0.040000
11 0.563000 0.695000 0.038000 0.042000
11 0.417000 0.190000 0.050000 0.036000
11 0.397000 0.239000 0.046000 0.034000
11 0.687000 0.575000 0.034000 0.042000
3 0.855000 0.431000 0.066000 0.086000
7 0.387000 0.731000 0.058000 0.066000
11 0.687000 0.299000 0.034000 0.030000
2 0.402000 0.046000 0.196000 0.092000
11 0.626000 0.638000 0.040000 0.056000
11 0.916000 0.520000 0.028000 0.048000
7 0.419000 0.832000 0.038000 0.064000
11 0.479000 0.777000 0.034000 0.054000
11 0.317000 0.929000 0.038000 0.046000
11 0.969000 0.468000 0.042000 0.036000
2 0.328000 0.575000 0.628000 0.526000
11 0.265000 0.985000 0.038000 0.026000
11 0.974000 0.543000 0.032000 0.042000
2 0.079000 0.225000 0.158000 0.190000
11 0.006000 0.026000 0.012000 0.028000
2 0.159000 0.046000 0.314000 0.092000
11 0.948000 0.531000 0.028000 0.046000
11 0.033000 0.093000 0.050000 0.030000
11 0.651000 0.283000 0.038000 0.030000
