2 0.376000 0.252000 0.748000 0.504000
7 0.021000 0.383000 0.042000 0.042000
2 0.908000 0.915000 0.180000 0.166000
11 0.698000 0.657000 0.056000 0.038000
7 0.096000 0.422000 0.052000 0.040000
11 0.295000 0.513000 0.050000 0.038000
2 0.818720 0.850710 0.137440 0.137420
11 0.833000 0.747000 0.046000 0.034000
11 0.302000 0.461000 0.056000 0.034000
6 0.418000 0.564000 0.088000 0.056000
2 0.104000 0.982000 0.208000 0.032000
2 0.419610 0.770600 0.435220 0.373200
11 0.347000 0.478000 0.042000 0.032000
2 0.660160 0.858910 0.240320 0.273820
11 0.763000 0.691000 0.046000 0.034000
2 0.913000 0.039000 0.170000 0.078000
2 0.119250 0.699400 0.238500 0.266800
2 0.928000 0.518000 0.144000 0.228000
2 0.645150 0.550500 0.202300 0.145000
