2 0.214000 0.416000 0.140000 0.152000
2 0.868000 0.495000 0.180000 0.182000
2 0.839000 0.307000 0.114000 0.122000
2 0.809000 0.712000 0.102000 0.128000
2 0.622000 0.610000 0.108000 0.128000
2 0.948000 0.837000 0.100000 0.150000
2 0.433000 0.461000 0.122000 0.150000
2 0.295000 0.728000 0.162000 0.236000
2 0.701000 0.417000 0.098000 0.126000
2 0.546000 0.344000 0.128000 0.116000
2 0.835000 0.070000 0.126000 0.116000
11 0.255000 0.665000 0.034000 0.046000
2 0.693000 0.294000 0.130000 0.108000
11 0.302000 0.580000 0.032000 0.040000
2 0.113000 0.601000 0.222000 0.278000
11 0.146000 0.853000 0.036000 0.050000
11 0.883000 0.601000 0.046000 0.038000
11 0.635000 0.452000 0.042000 0.040000
2 0.512000 0.622000 0.124000 0.124000
11 0.605000 0.116000 0.038000 0.040000
3 0.452000 0.308000 0.068000 0.064000
11 0.122000 0.899000 0.036000 0.042000
11 0.717000 0.502000 0.046000 0.040000
11 0.959000 0.647000 0.042000 0.038000
11 0.098000 0.941000 0.032000 0.042000
2 0.781000 0.184000 0.074000 0.064000
2 0.695000 0.108000 0.098000 0.088000
2 0.950000 0.258000 0.096000 0.232000
11 0.076000 0.982000 0.032000 0.032000
2 0.966000 0.048000 0.064000 0.096000
11 0.991000 0.677000 0.014000 0.042000
2 0.052000 0.304000 0.104000 0.192000
11 0.490000 0.397000 0.028000 0.034000
3 0.460000 0.358000 0.044000 0.044000
2 0.255000 0.120000 0.238000 0.204000
11 0.329000 0.536000 0.030000 0.036000
2 0.028000 0.816000 0.056000 0.188000
2 0.121000 0.994000 0.086000 0.008000
