2 0.384000 0.099000 0.136000 0.130000
11 0.253000 0.088000 0.046000 0.040000
7 0.592000 0.829000 0.056000 0.042000
11 0.135000 0.171000 0.042000 0.030000
11 0.337000 0.029000 0.038000 0.034000
11 0.185000 0.136000 0.046000 0.044000
2 0.151000 0.057000 0.146000 0.114000
3 0.703000 0.673000 0.066000 0.062000
2 0.573000 0.948000 0.122000 0.100000
2 0.447000 0.389000 0.170000 0.146000
3 0.756000 0.691000 0.052000 0.058000
3 0.742000 0.742000 0.080000 0.060000
2 0.675000 0.865000 0.166000 0.138000
2 0.053000 0.328000 0.102000 0.112000
2 0.804000 0.285000 0.388000 0.254000
2 0.054000 0.670000 0.108000 0.128000
3 0.975000 0.536000 0.046000 0.072000
2 0.041000 0.950000 0.082000 0.096000
2 0.468000 0.780430 0.152000 0.152860
2 0.552000 0.560000 0.116000 0.120000
2 0.202000 0.827000 0.116000 0.102000
11 0.007000 0.850000 0.014000 0.028000
2 0.191000 0.959000 0.190000 0.078000
2 0.560900 0.723730 0.133800 0.143460
3 0.006310 0.855920 0.012620 0.019840
2 0.258200 0.026860 0.108400 0.053720
2 0.209640 0.397000 0.207280 0.234000
2 0.270540 0.906310 0.153080 0.156620
2 0.417930 0.261990 0.135860 0.151980
2 0.366010 0.689200 0.184020 0.170400
2 0.409510 0.585050 0.111020 0.126100
2 0.309850 0.189360 0.163700 0.178720
2 0.133510 0.760670 0.155020 0.157340
