2 0.857000 0.350000 0.190000 0.160000
2 0.421000 0.372000 0.102000 0.144000
2 0.161000 0.322000 0.222000 0.132000
2 0.707000 0.317000 0.122000 0.174000
2 0.477000 0.679000 0.166000 0.130000
2 0.087000 0.155000 0.122000 0.138000
11 0.930000 0.507000 0.036000 0.050000
11 0.172000 0.758000 0.044000 0.036000
11 0.819000 0.641000 0.046000 0.042000
11 0.503000 0.946000 0.046000 0.032000
11 0.636000 0.878000 0.032000 0.028000
2 0.325000 0.732000 0.126000 0.124000
11 0.865000 0.619000 0.038000 0.046000
2 0.444000 0.137000 0.136000 0.118000
11 0.529000 0.820000 0.042000 0.032000
2 0.975000 0.917000 0.046000 0.162000
2 0.768000 0.086000 0.092000 0.072000
2 0.733000 0.971000 0.090000 0.054000
11 0.923000 0.151000 0.042000 0.030000
11 0.349000 0.989000 0.050000 0.018000
11 0.184000 0.794000 0.036000 0.032000
11 0.849000 0.112000 0.050000 0.032000
11 0.982000 0.627000 0.032000 0.042000
11 0.984000 0.362000 0.028000 0.032000
2 0.856000 0.024000 0.112000 0.048000
11 0.749000 0.519000 0.026000 0.050000
11 0.966000 0.097000 0.036000 0.022000
11 0.764000 0.569000 0.028000 0.038000
11 0.989000 0.770000 0.018000 0.040000
2 0.647000 0.558000 0.214000 0.132000
6 0.216450 0.896920 0.076900 0.045840
2 0.041000 0.032000 0.082000 0.064000
2 0.016000 0.839000 0.032000 0.114000
11 0.104000 0.837000 0.028000 0.054000
7 0.205000 0.839000 0.050000 0.034000
11 0.902000 0.095000 0.036000 0.026000
2 0.130000 0.037000 0.112000 0.074000
7 0.276000 0.848000 0.048000 0.032000
11 0.492000 0.839000 0.032000 0.034000
2 0.955000 0.032000 0.086000 0.064000
11 0.985000 0.405000 0.026000 0.038000
2 0.571000 0.212000 0.098000 0.076000
11 0.804000 0.561000 0.036000 0.042000
2 0.353000 0.025000 0.106000 0.050000
7 0.211200 0.870130 0.050400 0.036260
11 0.108090 0.745890 0.028180 0.051780
11 0.125400 0.795290 0.026800 0.050580
11 0.064360 0.742870 0.044720 0.029740
11 0.088810 0.781470 0.033620 0.054940
11 0.196030 0.817680 0.040060 0.027360
11 0.063730 0.781970 0.027460 0.039940
11 0.803130 0.658900 0.038260 0.041800
11 0.719970 0.435590 0.027940 0.047180
11 0.734380 0.479960 0.024760 0.039920
11 0.927400 0.106660 0.046800 0.033320
11 0.969530 0.449500 0.043060 0.051000
