2 0.299000 0.207000 0.118000 0.118000
2 0.818000 0.578000 0.112000 0.120000
2 0.536000 0.467000 0.128000 0.130000
2 0.224000 0.763000 0.124000 0.130000
2 0.417000 0.596000 0.098000 0.112000
2 0.458000 0.883000 0.120000 0.122000
7 0.091000 0.643000 0.054000 0.054000
2 0.851000 0.418000 0.158000 0.148000
2 0.566000 0.661000 0.108000 0.102000
11 0.044000 0.680000 0.040000 0.036000
11 0.195000 0.561000 0.046000 0.042000
11 0.726000 0.739000 0.036000 0.038000
11 0.451000 0.364000 0.054000 0.048000
11 0.767000 0.698000 0.046000 0.048000
11 0.585000 0.580000 0.042000 0.044000
2 0.677000 0.352000 0.234000 0.156000
2 0.684000 0.917000 0.156000 0.162000
11 0.499000 0.943000 0.038000 0.038000
11 0.420000 0.724000 0.036000 0.040000
11 0.633000 0.827000 0.038000 0.038000
3 0.512000 0.178000 0.076000 0.076000
11 0.054000 0.926000 0.040000 0.028000
11 0.807000 0.027000 0.042000 0.042000
11 0.531000 0.916000 0.038000 0.036000
11 0.564000 0.886000 0.036000 0.032000
11 0.946000 0.212000 0.052000 0.036000
11 0.903000 0.209000 0.042000 0.030000
11 0.223000 0.905000 0.046000 0.042000
2 0.691000 0.580000 0.162000 0.136000
11 0.640000 0.032000 0.024000 0.048000
2 0.351000 0.865000 0.102000 0.102000
7 0.296000 0.837000 0.048000 0.046000
11 0.985000 0.216000 0.026000 0.028000
2 0.911000 0.722000 0.122000 0.120000
11 0.552000 0.035000 0.024000 0.042000
11 0.484000 0.028000 0.020000 0.048000
11 0.686000 0.030000 0.024000 0.044000
2 0.027000 0.948000 0.054000 0.100000
11 0.850000 0.212000 0.064000 0.032000
11 0.662000 0.796000 0.028000 0.028000
11 0.847000 0.010000 0.046000 0.020000
11 0.575000 0.036000 0.022000 0.040000
2 0.440000 0.771000 0.072000 0.074000
11 0.508000 0.032000 0.028000 0.048000
3 0.771000 0.105000 0.074000 0.074000
11 0.433000 0.991000 0.038000 0.014000
2 0.551000 0.987000 0.102000 0.022000
2 0.071000 0.824000 0.142000 0.176000
2 0.973000 0.591000 0.050000 0.138000
11 0.872000 0.609000 0.040000 0.046000
