11 0.113000 0.337000 0.034000 0.050000
11 0.821000 0.509000 0.050000 0.034000
11 0.578000 0.777000 0.036000 0.054000
11 0.533000 0.508000 0.050000 0.028000
11 0.295000 0.522000 0.042000 0.028000
11 0.384000 0.890000 0.032000 0.060000
2 0.961000 0.165000 0.074000 0.330000
11 0.382000 0.301000 0.024000 0.050000
11 0.436000 0.513000 0.044000 0.026000
11 0.269000 0.724000 0.026000 0.052000
11 0.481000 0.138000 0.026000 0.048000
11 0.428000 0.967000 0.032000 0.054000
11 0.550000 0.920000 0.028000 0.056000
11 0.124000 0.479000 0.024000 0.042000
11 0.342000 0.520000 0.044000 0.032000
3 0.920000 0.592000 0.120000 0.056000
11 0.702000 0.509000 0.056000 0.034000
11 0.118000 0.399000 0.020000 0.050000
7 0.554000 0.426000 0.028000 0.064000
11 0.136000 0.120000 0.028000 0.048000
11 0.326000 0.680000 0.028000 0.048000
11 0.390000 0.514000 0.044000 0.028000
11 0.614000 0.809000 0.028000 0.054000
2 0.429000 0.035000 0.530000 0.070000
11 0.111000 0.179000 0.050000 0.030000
11 0.365000 0.736000 0.018000 0.028000
2 0.056000 0.420000 0.112000 0.684000
11 0.869000 0.747000 0.018000 0.034000
3 0.989000 0.515000 0.018000 0.118000
11 0.111000 0.224000 0.038000 0.028000
11 0.886000 0.975000 0.024000 0.046000
