2 0.153000 0.941000 0.122000 0.114000
2 0.209000 0.098000 0.414000 0.196000
11 0.308000 0.707000 0.044000 0.046000
11 0.198000 0.872000 0.036000 0.032000
11 0.065000 0.790000 0.034000 0.036000
11 0.084000 0.740000 0.040000 0.036000
11 0.201000 0.814000 0.034000 0.036000
11 0.605000 0.744000 0.046000 0.036000
11 0.281000 0.865000 0.042000 0.038000
11 0.193000 0.224000 0.026000 0.044000
11 0.124000 0.763000 0.048000 0.038000
11 0.326000 0.891000 0.044000 0.042000
11 0.163000 0.790000 0.042000 0.036000
11 0.502000 0.987000 0.052000 0.022000
11 0.412000 0.948000 0.040000 0.036000
11 0.319000 0.946000 0.034000 0.032000
11 0.019000 0.756000 0.038000 0.040000
11 0.116000 0.230000 0.024000 0.044000
11 0.371000 0.851000 0.026000 0.046000
11 0.163000 0.223000 0.022000 0.042000
11 0.396000 0.869000 0.024000 0.046000
11 0.071000 0.235000 0.030000 0.050000
11 0.046000 0.718000 0.036000 0.032000
11 0.439000 0.205000 0.018000 0.038000
2 0.484000 0.515000 0.436000 0.218000
2 0.048060 0.889180 0.096120 0.106360
2 0.014720 0.831830 0.029440 0.111660
11 0.992000 0.730000 0.012000 0.056000
2 0.816450 0.721000 0.244900 0.554000
11 0.140000 0.221000 0.024000 0.038000
2 0.763000 0.210000 0.250000 0.416000
11 0.344000 0.830000 0.024000 0.040000
11 0.122000 0.380000 0.036000 0.040000
11 0.014000 0.534000 0.028000 0.032000
2 0.096370 0.910620 0.080740 0.101240
