11 0.231000 0.838000 0.046000 0.028000
2 0.155000 0.929000 0.310000 0.138000
11 0.293000 0.846000 0.046000 0.036000
10 0.740000 0.871000 0.140000 0.254000
11 0.508000 0.491000 0.028000 0.046000
11 0.559000 0.517000 0.030000 0.046000
10 0.924000 0.108000 0.148000 0.216000
11 0.020000 0.798000 0.040000 0.024000
11 0.571000 0.607000 0.022000 0.042000
6 0.585000 0.130000 0.050000 0.088000
11 0.554000 0.700000 0.020000 0.040000
2 0.108430 0.507860 0.216860 0.427720
10 0.851140 0.475140 0.174280 0.374280
6 0.459290 0.775570 0.058580 0.187140
9 0.202540 0.128130 0.333080 0.256260
