2 0.054000 0.782000 0.108000 0.140000
2 0.230000 0.303000 0.204000 0.202000
2 0.800000 0.532000 0.396000 0.396000
11 0.129000 0.777000 0.058000 0.054000
2 0.402000 0.472000 0.204000 0.204000
2 0.572000 0.641000 0.224000 0.218000
2 0.454000 0.832000 0.200000 0.212000
2 0.081000 0.535000 0.162000 0.226000
2 0.268000 0.924000 0.208000 0.148000
2 0.217000 0.677000 0.198000 0.198000
2 0.705000 0.032000 0.178000 0.064000
2 0.065000 0.056000 0.130000 0.112000
2 0.079000 0.968000 0.122000 0.060000
2 0.642000 0.926000 0.272000 0.148000
2 0.122000 0.189850 0.120000 0.107700
