2 0.577000 0.122000 0.382000 0.212000
2 0.670000 0.879000 0.148000 0.158000
3 0.899000 0.104000 0.134000 0.132000
2 0.848000 0.841000 0.300000 0.314000
11 0.274000 0.239000 0.044000 0.030000
3 0.256000 0.426000 0.080000 0.084000
11 0.946000 0.182000 0.052000 0.040000
11 0.489000 0.334000 0.046000 0.028000
3 0.129000 0.342000 0.102000 0.060000
11 0.503000 0.012000 0.030000 0.024000
2 0.168000 0.179000 0.336000 0.358000
11 0.594000 0.372000 0.040000 0.024000
2 0.300000 0.834000 0.492000 0.328000
2 0.839000 0.565000 0.318000 0.218000
