2 0.733000 0.450000 0.114000 0.128000
2 0.443000 0.277000 0.150000 0.194000
2 0.212000 0.694000 0.288000 0.608000
2 0.515000 0.720000 0.114000 0.116000
2 0.714000 0.842000 0.124000 0.140000
11 0.946000 0.899000 0.032000 0.042000
2 0.608080 0.457000 0.136160 0.102000
2 0.929000 0.035000 0.130000 0.070000
2 0.393850 0.086150 0.207700 0.172300
2 0.838760 0.317540 0.321520 0.283080
2 0.895760 0.123240 0.147520 0.142480
11 0.925370 0.938420 0.030740 0.036840
2 0.523810 0.570620 0.083620 0.081240
2 0.440390 0.822100 0.084780 0.088200
2 0.832280 0.582150 0.192560 0.216300
2 0.586390 0.588760 0.068780 0.077520
