2 0.405000 0.534000 0.142000 0.116000
2 0.264000 0.389000 0.124000 0.158000
2 0.600000 0.638000 0.176000 0.120000
2 0.243000 0.874000 0.094000 0.100000
2 0.101000 0.146000 0.098000 0.100000
2 0.227000 0.114000 0.170000 0.116000
2 0.437000 0.938000 0.126000 0.120000
2 0.955000 0.281000 0.086000 0.150000
2 0.413000 0.111000 0.190000 0.110000
2 0.233000 0.570000 0.134000 0.124000
2 0.654000 0.170000 0.108000 0.148000
2 0.135000 0.434000 0.190000 0.276000
2 0.948000 0.961000 0.092000 0.074000
2 0.805000 0.166000 0.102000 0.124000
2 0.812000 0.784000 0.080000 0.144000
2 0.924000 0.124000 0.148000 0.140000
11 0.897000 0.837000 0.038000 0.046000
2 0.259000 0.959000 0.086000 0.078000
2 0.684000 0.528000 0.120000 0.120000
2 0.380000 0.684000 0.104000 0.156000
11 0.183000 0.709000 0.034000 0.050000
2 0.874000 0.501000 0.128000 0.106000
11 0.962000 0.652000 0.028000 0.048000
2 0.710000 0.925000 0.088000 0.094000
7 0.180000 0.772000 0.032000 0.056000
11 0.858000 0.946000 0.024000 0.040000
11 0.018000 0.672000 0.036000 0.024000
2 0.980000 0.821000 0.036000 0.090000
11 0.976000 0.605000 0.028000 0.046000
11 0.987000 0.557000 0.022000 0.042000
2 0.463000 0.277000 0.118000 0.194000
11 0.122000 0.664000 0.044000 0.032000
11 0.842000 0.982000 0.028000 0.032000
7 0.595000 0.494000 0.042000 0.064000
11 0.842000 0.007000 0.036000 0.014000
2 0.075000 0.821000 0.134000 0.254000
2 0.303330 0.752490 0.114660 0.108980
2 0.514970 0.559400 0.097940 0.130800
2 0.593700 0.120400 0.095400 0.128800
