2 0.358000 0.037000 0.184000 0.074000
11 0.284000 0.095000 0.052000 0.034000
2 0.871000 0.115000 0.254000 0.230000
2 0.076000 0.493000 0.152000 0.206000
2 0.798680 0.351310 0.177360 0.186620
11 0.819000 0.266000 0.046000 0.028000
2 0.071470 0.186190 0.142940 0.308380
7 0.052000 0.017000 0.052000 0.034000
2 0.584000 0.402000 0.264000 0.360000
2 0.327000 0.428000 0.282000 0.168000
2 0.318000 0.235000 0.380000 0.218000
2 0.154060 0.332680 0.164120 0.177360
2 0.205590 0.648990 0.291180 0.273980
2 0.229160 0.796740 0.226320 0.161480
2 0.271160 0.921790 0.226320 0.155580
2 0.921790 0.451770 0.155580 0.243540
2 0.910000 0.711000 0.180000 0.222000
2 0.773180 0.809430 0.222360 0.154860
2 0.527000 0.849000 0.362000 0.302000
2 0.614310 0.084710 0.276620 0.169420
