3 0.118000 0.028000 0.132000 0.056000
2 0.050000 0.918000 0.100000 0.160000
7 0.647000 0.064000 0.038000 0.064000
11 0.366000 0.041000 0.048000 0.030000
11 0.273000 0.941000 0.026000 0.042000
11 0.439000 0.184000 0.042000 0.024000
3 0.945000 0.244000 0.042000 0.084000
11 0.851000 0.344000 0.026000 0.040000
2 0.341000 0.432000 0.658000 0.356000
2 0.947000 0.766000 0.102000 0.440000
11 0.984000 0.412000 0.028000 0.040000
11 0.880000 0.336000 0.032000 0.048000
11 0.622000 0.014000 0.032000 0.028000
7 0.846000 0.424000 0.028000 0.044000
2 0.719000 0.037000 0.078000 0.046000
11 0.304000 0.004000 0.048000 0.008000
2 0.614750 0.847880 0.157500 0.303760
6 0.773500 0.359880 0.055000 0.123760
3 0.682000 0.271130 0.180000 0.046260
3 0.879250 0.300380 0.102500 0.048760
