2 0.075000 0.080000 0.150000 0.156000
2 0.254000 0.311000 0.164000 0.130000
2 0.540000 0.118000 0.148000 0.140000
2 0.904000 0.756000 0.188000 0.152000
2 0.915000 0.356000 0.166000 0.192000
2 0.687000 0.286000 0.126000 0.112000
2 0.500000 0.645000 0.128000 0.126000
7 0.162000 0.837000 0.036000 0.046000
2 0.458000 0.539000 0.108000 0.094000
11 0.073000 0.659000 0.034000 0.042000
11 0.745000 0.765000 0.038000 0.042000
2 0.529000 0.024000 0.126000 0.048000
2 0.631000 0.891000 0.142000 0.126000
11 0.770000 0.805000 0.040000 0.046000
2 0.816000 0.121000 0.164000 0.158000
11 0.138000 0.779000 0.040000 0.050000
11 0.113000 0.733000 0.034000 0.042000
11 0.250000 0.982000 0.044000 0.032000
2 0.717000 0.484000 0.130000 0.124000
11 0.455000 0.265000 0.038000 0.042000
2 0.146000 0.725000 0.120000 0.158000
3 0.859000 0.962000 0.130000 0.072000
11 0.480000 0.306000 0.032000 0.036000
2 0.532000 0.034000 0.128000 0.068000
2 0.145500 0.187500 0.131000 0.131000
2 0.291500 0.405000 0.159000 0.126000
2 0.645000 0.224000 0.118000 0.104000
7 0.214000 0.932500 0.044000 0.053000
2 0.886500 0.524500 0.121000 0.145000
2 0.388000 0.485500 0.140000 0.123000
2 0.719500 0.364000 0.123000 0.124000
2 0.495540 0.916000 0.103080 0.120000
2 0.359000 0.951000 0.158000 0.098000
