2 0.890000 0.740000 0.216000 0.516000
2 0.675000 0.661000 0.250000 0.270000
2 0.192000 0.664000 0.148000 0.180000
2 0.901000 0.395000 0.130000 0.182000
2 0.072000 0.931000 0.144000 0.134000
11 0.515000 0.985000 0.042000 0.026000
2 0.270100 0.794330 0.192200 0.236660
11 0.341000 0.636000 0.034000 0.040000
2 0.787000 0.090000 0.306000 0.180000
2 0.054000 0.112000 0.108000 0.224000
2 0.382000 0.013000 0.252000 0.026000
2 0.363110 0.323120 0.410220 0.486240
2 0.617330 0.424030 0.378660 0.512060
2 0.879680 0.230320 0.123360 0.160640
2 0.406000 0.897000 0.196000 0.206000
2 0.075300 0.589120 0.150600 0.202240
