7 0.393000 0.575000 0.062000 0.042000
2 0.612000 0.626000 0.144000 0.152000
2 0.754000 0.883000 0.168000 0.186000
2 0.563000 0.423000 0.102000 0.090000
11 0.405000 0.629000 0.050000 0.038000
2 0.230000 0.589000 0.232000 0.162000
2 0.844000 0.499000 0.124000 0.130000
2 0.249000 0.185000 0.094000 0.086000
2 0.326000 0.795000 0.128000 0.186000
3 0.286000 0.064000 0.092000 0.072000
2 0.966000 0.220000 0.064000 0.112000
2 0.058000 0.680000 0.092000 0.112000
11 0.795000 0.435000 0.038000 0.030000
2 0.832000 0.290000 0.084000 0.104000
11 0.841000 0.354000 0.046000 0.036000
11 0.486000 0.428000 0.028000 0.044000
2 0.734250 0.568000 0.172500 0.180000
11 0.693000 0.488000 0.054000 0.040000
11 0.506000 0.580000 0.032000 0.032000
11 0.040000 0.807000 0.040000 0.034000
2 0.940750 0.443630 0.117500 0.171260
11 0.931000 0.372000 0.042000 0.028000
11 0.325000 0.098000 0.030000 0.040000
11 0.223000 0.035000 0.046000 0.042000
2 0.441000 0.687000 0.082000 0.106000
11 0.223000 0.656000 0.034000 0.028000
11 0.088000 0.726000 0.040000 0.036000
2 0.894000 0.064000 0.116000 0.128000
2 0.550000 0.860000 0.112000 0.092000
2 0.043000 0.892000 0.086000 0.120000
11 0.017000 0.109000 0.034000 0.038000
11 0.376000 0.206000 0.032000 0.044000
2 0.441000 0.969000 0.134000 0.058000
2 0.239000 0.959000 0.094000 0.078000
11 0.335000 0.603000 0.050000 0.034000
11 0.883000 0.332000 0.038000 0.032000
2 0.656000 0.035000 0.260000 0.070000
11 0.181000 0.673000 0.038000 0.034000
2 0.903000 0.984000 0.134000 0.028000
2 0.980000 0.770000 0.036000 0.108000
2 0.365130 0.493000 0.146260 0.170000
2 0.298250 0.288500 0.132500 0.145000
2 0.497000 0.245630 0.130000 0.111260
2 0.394750 0.068750 0.117500 0.097500
2 0.413130 0.119250 0.106260 0.082500
