2 0.410000 0.537000 0.160000 0.126000
2 0.072000 0.236000 0.144000 0.216000
2 0.445000 0.413000 0.138000 0.130000
2 0.126000 0.585000 0.152000 0.154000
2 0.744000 0.263000 0.260000 0.226000
2 0.863000 0.941000 0.106000 0.114000
11 0.739000 0.490000 0.046000 0.036000
2 0.122000 0.050000 0.132000 0.100000
2 0.540000 0.786000 0.124000 0.128000
7 0.107000 0.918000 0.042000 0.040000
2 0.620330 0.687380 0.172660 0.150760
11 0.561000 0.619000 0.042000 0.038000
11 0.982000 0.305000 0.032000 0.038000
2 0.400000 0.244000 0.128000 0.116000
2 0.199000 0.948000 0.162000 0.100000
2 0.904000 0.523000 0.188000 0.306000
2 0.672810 0.901830 0.133620 0.167660
11 0.813000 0.434000 0.038000 0.032000
2 0.136000 0.850000 0.132000 0.112000
2 0.647000 0.422000 0.102000 0.116000
2 0.962000 0.069000 0.072000 0.130000
3 0.084000 0.949000 0.060000 0.074000
7 0.866770 0.393850 0.061540 0.047700
2 0.942000 0.773000 0.116000 0.134000
2 0.737150 0.767320 0.114300 0.110640
2 0.416870 0.814540 0.133740 0.113080
2 0.433510 0.930970 0.231020 0.137940
2 0.926000 0.201000 0.148000 0.134000
2 0.755540 0.658420 0.175080 0.156840
