2 0.874000 0.132000 0.248000 0.192000
11 0.086000 0.680000 0.044000 0.036000
2 0.075000 0.435000 0.150000 0.146000
11 0.278000 0.909000 0.044000 0.042000
11 0.359000 0.401000 0.034000 0.054000
3 0.058250 0.837400 0.064500 0.086800
7 0.092890 0.828890 0.061780 0.041780
3 0.412000 0.818000 0.048000 0.064000
11 0.458000 0.120000 0.032000 0.048000
3 0.129000 0.689000 0.058000 0.066000
3 0.547000 0.025000 0.146000 0.050000
11 0.380000 0.982000 0.048000 0.032000
11 0.329000 0.566000 0.030000 0.040000
11 0.012000 0.819000 0.024000 0.042000
3 0.347000 0.955000 0.062000 0.062000
11 0.816000 0.972000 0.040000 0.036000
3 0.289000 0.654000 0.146000 0.088000
2 0.873000 0.822000 0.250000 0.236000
11 0.487000 0.994000 0.042000 0.008000
