2 0.165000 0.590000 0.146000 0.144000
2 0.519000 0.490000 0.166000 0.108000
2 0.624000 0.589000 0.176000 0.154000
2 0.923000 0.929000 0.134000 0.138000
2 0.094000 0.106000 0.160000 0.144000
3 0.566000 0.850000 0.088000 0.084000
2 0.109000 0.870000 0.210000 0.168000
11 0.849000 0.800000 0.042000 0.036000
2 0.380000 0.364000 0.132000 0.096000
11 0.217000 0.412000 0.042000 0.044000
7 0.366000 0.964000 0.072000 0.060000
2 0.242000 0.232000 0.108000 0.108000
11 0.332000 0.541000 0.044000 0.046000
11 0.497000 0.811000 0.042000 0.042000
11 0.409000 0.624000 0.042000 0.048000
11 0.966000 0.727000 0.056000 0.046000
11 0.465000 0.687000 0.034000 0.042000
11 0.369000 0.580000 0.038000 0.032000
11 0.093000 0.364000 0.038000 0.040000
11 0.281000 0.575000 0.038000 0.042000
2 0.961000 0.099000 0.074000 0.194000
11 0.719000 0.100000 0.042000 0.044000
11 0.539000 0.763000 0.042000 0.046000
11 0.828000 0.274000 0.036000 0.036000
11 0.772000 0.209000 0.036000 0.046000
11 0.451000 0.767000 0.042000 0.046000
11 0.388000 0.693000 0.040000 0.046000
11 0.755000 0.790000 0.042000 0.036000
2 0.768000 0.388000 0.204000 0.208000
2 0.442000 0.046000 0.160000 0.092000
11 0.112000 0.291000 0.032000 0.030000
2 0.050000 0.441000 0.100000 0.134000
11 0.491000 0.725000 0.034000 0.046000
11 0.774000 0.057000 0.032000 0.042000
11 0.354000 0.651000 0.040000 0.046000
11 0.051000 0.314000 0.046000 0.052000
11 0.069000 0.247000 0.042000 0.046000
11 0.987000 0.617000 0.022000 0.042000
2 0.982000 0.322000 0.032000 0.156000
11 0.012000 0.164000 0.024000 0.044000
2 0.032000 0.010000 0.064000 0.020000
