11 0.461000 0.503000 0.030000 0.046000
11 0.828000 0.786000 0.036000 0.056000
11 0.416000 0.211000 0.032000 0.050000
2 0.046000 0.122000 0.092000 0.116000
3 0.435000 0.113000 0.086000 0.070000
11 0.335000 0.645000 0.030000 0.042000
11 0.908000 0.980000 0.032000 0.036000
11 0.239000 0.978000 0.030000 0.040000
2 0.129000 0.027000 0.254000 0.054000
2 0.134000 0.789000 0.268000 0.310000
3 0.482000 0.432000 0.100000 0.116000
2 0.198000 0.322000 0.392000 0.472000
11 0.173000 0.984000 0.030000 0.028000
2 0.289000 0.978000 0.206000 0.040000
2 0.874000 0.572000 0.248000 0.296000
2 0.735000 0.179000 0.298000 0.174000
11 0.308000 0.010000 0.032000 0.020000
2 0.487000 0.670000 0.266000 0.232000
2 0.661000 0.964000 0.178000 0.068000
2 0.485000 0.012000 0.146000 0.024000
2 0.384000 0.857230 0.220000 0.238460
