11 0.392000 0.600000 0.032000 0.048000
11 0.263000 0.571000 0.034000 0.046000
11 0.101000 0.086000 0.038000 0.056000
11 0.719000 0.334000 0.030000 0.040000
6 0.897470 0.872020 0.070940 0.144040
11 0.703000 0.414000 0.058000 0.064000
11 0.767000 0.319000 0.038000 0.054000
11 0.365000 0.406000 0.022000 0.028000
11 0.495000 0.794000 0.030000 0.044000
11 0.987000 0.552000 0.022000 0.036000
11 0.777000 0.610000 0.050000 0.040000
11 0.534000 0.909000 0.032000 0.046000
11 0.758000 0.562000 0.048000 0.036000
11 0.789000 0.307000 0.030000 0.042000
11 0.895000 0.524000 0.042000 0.040000
11 0.835130 0.455130 0.038260 0.042260
11 0.764000 0.588000 0.044000 0.040000
11 0.913000 0.546000 0.046000 0.044000
11 0.813000 0.300000 0.030000 0.040000
11 0.748000 0.538000 0.044000 0.036000
11 0.400000 0.010000 0.036000 0.020000
11 0.744000 0.515000 0.048000 0.034000
7 0.447800 0.633210 0.039600 0.066420
11 0.875000 0.512000 0.042000 0.040000
11 0.847000 0.477000 0.038000 0.038000
11 0.721000 0.449000 0.046000 0.038000
11 0.806000 0.433000 0.036000 0.042000
2 0.964000 0.445000 0.072000 0.122000
3 0.472460 0.127850 0.036920 0.047700
3 0.521080 0.097690 0.046160 0.055380
