7 0.825000 0.509000 0.062000 0.054000
3 0.281000 0.605000 0.098000 0.082000
7 0.167000 0.144000 0.066000 0.060000
11 0.887000 0.470000 0.046000 0.044000
11 0.364000 0.905000 0.028000 0.042000
3 0.663000 0.573000 0.078000 0.110000
11 0.860000 0.543000 0.048000 0.042000
7 0.062000 0.134000 0.056000 0.060000
11 0.185000 0.480000 0.042000 0.040000
3 0.367000 0.561000 0.074000 0.070000
11 0.737000 0.876000 0.042000 0.040000
11 0.378000 0.469000 0.032000 0.046000
3 0.260000 0.811000 0.064000 0.078000
11 0.939000 0.689000 0.038000 0.046000
11 0.879000 0.967000 0.038000 0.038000
7 0.388000 0.749000 0.064000 0.046000
11 0.442000 0.976000 0.048000 0.036000
11 0.955000 0.612000 0.042000 0.040000
2 0.052000 0.776000 0.104000 0.204000
11 0.239000 0.575000 0.042000 0.042000
11 0.196000 0.523000 0.036000 0.046000
2 0.024000 0.441000 0.048000 0.126000
11 0.717000 0.969000 0.038000 0.030000
11 0.014000 0.626000 0.028000 0.032000
7 0.944000 0.438000 0.056000 0.044000
7 0.268000 0.039000 0.056000 0.050000
11 0.932000 0.987000 0.040000 0.022000
11 0.334000 0.024000 0.028000 0.044000
11 0.113000 0.269000 0.034000 0.034000
11 0.493000 0.723000 0.058000 0.042000
11 0.008000 0.352000 0.016000 0.044000
2 0.973000 0.758000 0.050000 0.148000
7 0.076020 0.046780 0.068040 0.061560
7 0.066000 0.028000 0.084000 0.056000
3 0.712000 0.661000 0.064000 0.094000
11 0.294000 0.051000 0.044000 0.046000
11 0.100000 0.131000 0.036000 0.038000
2 0.811000 0.767000 0.134000 0.166000
7 0.090140 0.069350 0.064280 0.062700
3 0.321000 0.897000 0.078000 0.094000
11 0.007000 0.540000 0.014000 0.036000
7 0.763000 0.543000 0.046000 0.042000
11 0.381000 0.004000 0.034000 0.008000
7 0.148280 0.090730 0.068560 0.053460
7 0.027420 0.095880 0.054840 0.051760
7 0.141050 0.135090 0.062100 0.066180
7 0.251370 0.024770 0.062740 0.049540
7 0.228760 0.014150 0.057520 0.028300
11 0.096820 0.097110 0.037640 0.046220
7 0.254050 0.551050 0.052100 0.054100
11 0.406930 0.481030 0.033860 0.042060
