2 0.196000 0.366000 0.148000 0.132000
2 0.251000 0.615000 0.146000 0.122000
2 0.244000 0.924000 0.236000 0.148000
2 0.045000 0.405000 0.090000 0.390000
2 0.071000 0.890000 0.142000 0.216000
2 0.403000 0.208000 0.286000 0.368000
2 0.438000 0.802000 0.104000 0.108000
6 0.895000 0.087000 0.134000 0.054000
6 0.916000 0.023000 0.140000 0.046000
6 0.587000 0.374000 0.122000 0.048000
2 0.971000 0.323000 0.054000 0.202000
2 0.084000 0.721000 0.164000 0.130000
2 0.651000 0.551000 0.214000 0.286000
2 0.890000 0.941000 0.216000 0.114000
2 0.668000 0.057000 0.292000 0.114000
2 0.437000 0.661000 0.234000 0.130000
