2 0.227000 0.149000 0.182000 0.178000
2 0.476000 0.241000 0.104000 0.094000
11 0.907000 0.053000 0.046000 0.050000
11 0.563000 0.324000 0.046000 0.040000
7 0.296000 0.472000 0.068000 0.044000
11 0.261000 0.582000 0.046000 0.036000
11 0.351000 0.441000 0.046000 0.042000
11 0.176000 0.633000 0.036000 0.038000
11 0.394000 0.415000 0.040000 0.034000
11 0.155000 0.545000 0.038000 0.038000
11 0.525000 0.345000 0.042000 0.034000
11 0.295000 0.561000 0.046000 0.042000
11 0.118000 0.564000 0.036000 0.036000
11 0.052000 0.596000 0.036000 0.036000
11 0.434000 0.495000 0.044000 0.034000
2 0.078000 0.892000 0.156000 0.212000
11 0.553000 0.432000 0.042000 0.032000
11 0.342000 0.543000 0.036000 0.034000
2 0.432000 0.079000 0.328000 0.158000
11 0.843000 0.034000 0.042000 0.040000
11 0.811000 0.004000 0.042000 0.008000
