2 0.199000 0.102000 0.114000 0.124000
2 0.687000 0.329000 0.142000 0.138000
2 0.579000 0.647000 0.182000 0.194000
2 0.533000 0.052000 0.118000 0.104000
2 0.582000 0.881000 0.112000 0.126000
2 0.929000 0.737000 0.138000 0.162000
2 0.819000 0.099000 0.130000 0.130000
2 0.404000 0.496000 0.108000 0.116000
2 0.376000 0.229000 0.104000 0.114000
2 0.834000 0.947000 0.116000 0.102000
3 0.513000 0.367000 0.094000 0.074000
2 0.955000 0.199000 0.086000 0.126000
2 0.354000 0.043000 0.128000 0.086000
11 0.654000 0.487000 0.044000 0.042000
2 0.726000 0.710000 0.112000 0.108000
2 0.816000 0.281000 0.116000 0.130000
2 0.125000 0.328000 0.122000 0.140000
11 0.665000 0.088000 0.038000 0.048000
11 0.816000 0.597000 0.044000 0.038000
11 0.747000 0.548000 0.042000 0.040000
11 0.347000 0.890000 0.042000 0.052000
11 0.689000 0.048000 0.038000 0.044000
11 0.633000 0.127000 0.038000 0.046000
11 0.610000 0.173000 0.036000 0.046000
11 0.094000 0.182000 0.040000 0.036000
11 0.584000 0.216000 0.032000 0.044000
11 0.017000 0.124000 0.034000 0.040000
11 0.396000 0.314000 0.044000 0.036000
11 0.194000 0.243000 0.048000 0.050000
11 0.056000 0.154000 0.044000 0.040000
11 0.308000 0.255000 0.044000 0.038000
3 0.439000 0.369000 0.046000 0.050000
11 0.612000 0.459000 0.040000 0.034000
2 0.071000 0.027000 0.130000 0.054000
2 0.540000 0.147000 0.104000 0.094000
11 0.717000 0.014000 0.038000 0.028000
2 0.035000 0.856000 0.070000 0.120000
2 0.931000 0.030000 0.134000 0.060000
2 0.922000 0.518000 0.152000 0.228000
2 0.019000 0.256000 0.038000 0.092000
11 0.203000 0.191000 0.058000 0.050000
2 0.447000 0.968000 0.214000 0.060000
2 0.268000 0.689000 0.152000 0.194000
11 0.350000 0.285000 0.040000 0.034000
2 0.289000 0.440000 0.158000 0.136000
2 0.098000 0.980000 0.104000 0.036000
