2 0.464000 0.890000 0.292000 0.216000
11 0.341000 0.879000 0.034000 0.038000
11 0.791000 0.448000 0.038000 0.052000
11 0.313000 0.921000 0.034000 0.046000
11 0.668000 0.554000 0.040000 0.028000
11 0.460000 0.717000 0.032000 0.038000
11 0.505000 0.630000 0.026000 0.032000
11 0.482000 0.669000 0.036000 0.042000
11 0.858000 0.595000 0.032000 0.042000
11 0.707000 0.904000 0.046000 0.032000
11 0.779000 0.684000 0.050000 0.036000
11 0.434000 0.754000 0.032000 0.036000
7 0.858000 0.823000 0.052000 0.038000
11 0.811000 0.712000 0.042000 0.036000
11 0.285000 0.966000 0.026000 0.036000
11 0.539000 0.589000 0.022000 0.034000
7 0.773000 0.849000 0.046000 0.034000
11 0.680000 0.310000 0.028000 0.040000
11 0.818000 0.756000 0.056000 0.040000
11 0.625000 0.934000 0.046000 0.036000
11 0.849000 0.802000 0.050000 0.040000
11 0.975000 0.818000 0.046000 0.064000
