3 0.907000 0.622000 0.094000 0.088000
2 0.598000 0.253000 0.144000 0.174000
2 0.583000 0.821000 0.278000 0.182000
2 0.342020 0.136750 0.124040 0.153500
3 0.968000 0.511000 0.060000 0.086000
2 0.936000 0.754000 0.124000 0.184000
2 0.864000 0.936000 0.268000 0.124000
2 0.766000 0.104000 0.180000 0.168000
3 0.633000 0.932000 0.046000 0.052000
3 0.987000 0.587000 0.022000 0.066000
2 0.141000 0.959000 0.282000 0.082000
2 0.878000 0.313000 0.240000 0.322000
2 0.490860 0.959000 0.177720 0.078000
2 0.046000 0.021000 0.092000 0.042000
2 0.670000 0.587000 0.352000 0.326000
2 0.351000 0.381000 0.198000 0.214000
2 0.139830 0.288780 0.219660 0.177560
2 0.456400 0.494660 0.204800 0.245320
2 0.373280 0.685480 0.178560 0.206960
2 0.181110 0.843120 0.354220 0.206240
2 0.442510 0.143440 0.181020 0.286880
