2 0.161000 0.758000 0.318000 0.344000
11 0.048000 0.622000 0.044000 0.032000
11 0.950000 0.906000 0.052000 0.028000
2 0.324670 0.281000 0.333340 0.306000
2 0.700000 0.498670 0.268000 0.201340
11 0.663000 0.590000 0.042000 0.032000
2 0.075000 0.179000 0.150000 0.130000
2 0.568000 0.742000 0.428000 0.300000
2 0.915000 0.783000 0.102000 0.134000
7 0.061000 0.989000 0.050000 0.018000
11 0.957000 0.668000 0.038000 0.024000
2 0.078000 0.014000 0.156000 0.028000
2 0.042330 0.530000 0.084660 0.108000
2 0.856670 0.237330 0.285340 0.170660
2 0.646000 0.305330 0.176000 0.142660
2 0.894670 0.404000 0.137340 0.108000
2 0.875330 0.558000 0.106660 0.120000
2 0.960000 0.592670 0.080000 0.109340
