11 0.652970 0.575050 0.029940 0.042100
11 0.617430 0.657850 0.030860 0.047700
11 0.495000 0.855000 0.054000 0.038000
11 0.645000 0.700000 0.034000 0.052000
2 0.048000 0.504000 0.096000 0.148000
2 0.726920 0.133890 0.233840 0.263780
11 0.832000 0.207000 0.028000 0.046000
2 0.244000 0.853000 0.376000 0.290000
2 0.886000 0.877000 0.200000 0.218000
2 0.966000 0.476000 0.064000 0.360000
2 0.043000 0.668000 0.086000 0.144000
11 0.985000 0.363000 0.026000 0.078000
2 0.411200 0.558090 0.386400 0.352180
2 0.617670 0.294380 0.195340 0.196760
2 0.579550 0.407690 0.171100 0.175380
2 0.184680 0.524260 0.185360 0.172520
2 0.368960 0.206600 0.193920 0.265200
2 0.139730 0.167540 0.279460 0.335080
2 0.446540 0.070580 0.181080 0.141160
2 0.930000 0.704000 0.140000 0.176000
