2 0.589000 0.093000 0.282000 0.186000
2 0.925000 0.229000 0.146000 0.350000
2 0.659060 0.338940 0.186120 0.237880
11 0.599000 0.238000 0.050000 0.040000
2 0.878000 0.908000 0.240000 0.180000
11 0.763000 0.157000 0.046000 0.034000
7 0.754000 0.975000 0.036000 0.046000
2 0.126880 0.245030 0.181760 0.338060
11 0.089000 0.062000 0.038000 0.040000
11 0.640000 0.845000 0.024000 0.042000
2 0.527760 0.808460 0.171520 0.244920
11 0.610000 0.740000 0.036000 0.056000
11 0.622000 0.798000 0.032000 0.060000
3 0.502000 0.323000 0.076000 0.042000
2 0.481000 0.959000 0.350000 0.078000
2 0.034000 0.244000 0.068000 0.144000
2 0.284200 0.739670 0.340400 0.367340
2 0.250900 0.103230 0.173800 0.194460
2 0.295010 0.296630 0.202020 0.237260
2 0.332010 0.421620 0.264020 0.195240
2 0.461900 0.592720 0.179800 0.209440
2 0.689710 0.525000 0.159420 0.178000
2 0.749740 0.668760 0.171480 0.165520
