2 0.720000 0.047000 0.152000 0.094000
2 0.735000 0.340000 0.122000 0.144000
2 0.540000 0.409000 0.144000 0.170000
2 0.817000 0.730000 0.118000 0.132000
11 0.306000 0.547000 0.052000 0.026000
11 0.398000 0.533000 0.044000 0.026000
11 0.451000 0.530000 0.050000 0.028000
11 0.683000 0.522000 0.050000 0.032000
11 0.526000 0.534000 0.044000 0.020000
3 0.036000 0.634000 0.072000 0.032000
3 0.067000 0.585500 0.062000 0.071000
11 0.175000 0.551000 0.058000 0.034000
2 0.349500 0.765500 0.151000 0.191000
2 0.523000 0.727000 0.126000 0.118000
2 0.184000 0.421000 0.184000 0.150000
2 0.505000 0.083000 0.122000 0.166000
2 0.928000 0.200000 0.144000 0.196000
2 0.128000 0.729000 0.132000 0.126000
11 0.016000 0.983000 0.032000 0.034000
11 0.019000 0.941500 0.022000 0.047000
12 0.328710 0.941290 0.061420 0.098580
2 0.643860 0.773000 0.135720 0.210000
