2 0.406000 0.400000 0.152000 0.128000
2 0.765000 0.839000 0.134000 0.086000
2 0.421000 0.156000 0.210000 0.120000
7 0.403000 0.939000 0.034000 0.066000
11 0.154000 0.871000 0.036000 0.042000
11 0.061000 0.684000 0.042000 0.048000
2 0.032000 0.052000 0.064000 0.104000
11 0.120000 0.769000 0.040000 0.042000
7 0.895000 0.628000 0.058000 0.036000
3 0.638000 0.028000 0.064000 0.056000
2 0.081000 0.512000 0.162000 0.216000
2 0.248000 0.483000 0.192000 0.126000
2 0.476000 0.052000 0.168000 0.104000
3 0.536000 0.554000 0.056000 0.064000
2 0.929000 0.867000 0.138000 0.262000
2 0.168000 0.129000 0.304000 0.086000
2 0.693000 0.954000 0.122000 0.088000
7 0.636000 0.610000 0.060000 0.036000
11 0.722000 0.580000 0.028000 0.032000
2 0.591930 0.701820 0.139860 0.147640
2 0.018000 0.783000 0.036000 0.134000
7 0.800000 0.600000 0.048000 0.028000
2 0.270000 0.805000 0.324000 0.362000
2 0.094100 0.220350 0.152200 0.084700
2 0.439470 0.286070 0.142940 0.160140
7 0.473220 0.437070 0.030440 0.070140
11 0.468540 0.497810 0.033080 0.051620
2 0.271210 0.232960 0.214420 0.101920
2 0.731210 0.137510 0.214420 0.131020
2 0.906810 0.300060 0.141620 0.164120
2 0.700250 0.433020 0.292500 0.266040
2 0.920000 0.541000 0.160000 0.146000
2 0.902180 0.430190 0.132360 0.128380
2 0.915750 0.159500 0.167500 0.135000
2 0.353400 0.595600 0.162800 0.107200
11 0.433220 0.660470 0.030440 0.052940
2 0.397560 0.495590 0.119120 0.111180
2 0.227930 0.045000 0.199860 0.090000
