2 0.332000 0.492000 0.124000 0.124000
2 0.612000 0.583000 0.144000 0.130000
2 0.378000 0.800000 0.136000 0.120000
2 0.515000 0.400000 0.134000 0.128000
2 0.401000 0.279000 0.130000 0.130000
2 0.554000 0.761000 0.120000 0.126000
2 0.439000 0.124000 0.110000 0.108000
2 0.929000 0.239000 0.094000 0.074000
2 0.058000 0.082000 0.100000 0.088000
11 0.886000 0.631000 0.040000 0.042000
11 0.751000 0.870000 0.050000 0.056000
11 0.635000 0.456000 0.042000 0.036000
2 0.566000 0.888000 0.108000 0.100000
11 0.548000 0.209000 0.040000 0.046000
3 0.816000 0.766000 0.060000 0.060000
11 0.471000 0.061000 0.042000 0.050000
11 0.634000 0.376000 0.036000 0.044000
2 0.251000 0.925000 0.098000 0.102000
2 0.964000 0.839000 0.068000 0.190000
11 0.687000 0.459000 0.034000 0.042000
7 0.897000 0.093000 0.030000 0.050000
11 0.853000 0.408000 0.034000 0.032000
11 0.698000 0.603000 0.028000 0.050000
11 0.805980 0.324000 0.023960 0.044000
11 0.840000 0.102000 0.032000 0.048000
2 0.149000 0.043000 0.114000 0.086000
2 0.179000 0.541000 0.122000 0.166000
11 0.612000 0.330000 0.040000 0.052000
11 0.804000 0.220000 0.028000 0.048000
2 0.349000 0.018000 0.126000 0.036000
2 0.941000 0.333000 0.114000 0.118000
11 0.826000 0.146000 0.032000 0.048000
2 0.092000 0.705000 0.112000 0.114000
6 0.755770 0.534730 0.051540 0.133460
11 0.818000 0.512000 0.028000 0.048000
11 0.909000 0.052000 0.022000 0.036000
2 0.893000 0.479000 0.138000 0.134000
2 0.760000 0.082000 0.152000 0.136000
2 0.028000 0.527000 0.056000 0.138000
2 0.992000 0.224000 0.012000 0.060000
2 0.978000 0.050000 0.040000 0.100000
2 0.533000 0.975000 0.110000 0.046000
2 0.830000 0.982000 0.136000 0.032000
11 0.846000 0.044000 0.028000 0.052000
2 0.036000 0.925000 0.068000 0.082000
2 0.165000 0.263000 0.146000 0.126000
2 0.386000 0.962000 0.072000 0.072000
