2 0.421000 0.437000 0.142000 0.126000
2 0.098000 0.689000 0.132000 0.158000
2 0.499000 0.809000 0.102000 0.110000
2 0.207000 0.780000 0.110000 0.116000
2 0.035000 0.059000 0.070000 0.118000
11 0.573000 0.082000 0.046000 0.036000
11 0.035000 0.960000 0.042000 0.032000
2 0.325000 0.640000 0.090000 0.096000
7 0.109000 0.911000 0.054000 0.026000
2 0.147000 0.290000 0.154000 0.160000
11 0.206000 0.962000 0.052000 0.028000
2 0.661000 0.821000 0.122000 0.142000
2 0.391000 0.059000 0.114000 0.118000
11 0.497000 0.953000 0.042000 0.026000
2 0.968000 0.770000 0.060000 0.124000
11 0.255000 0.991000 0.062000 0.014000
2 0.831500 0.195000 0.335000 0.330000
11 0.004000 0.960000 0.008000 0.032000
11 0.253000 0.960000 0.042000 0.024000
2 0.671000 0.568000 0.130000 0.092000
2 0.695000 0.441500 0.118000 0.207000
