2 0.413000 0.466000 0.126000 0.124000
2 0.763000 0.510000 0.146000 0.144000
2 0.153000 0.351000 0.122000 0.122000
2 0.213000 0.104000 0.146000 0.208000
2 0.613000 0.709000 0.134000 0.106000
2 0.065000 0.457000 0.114000 0.138000
3 0.740000 0.850000 0.092000 0.064000
11 0.198000 0.920000 0.040000 0.036000
11 0.321000 0.930000 0.038000 0.028000
11 0.039000 0.171000 0.030000 0.046000
11 0.161000 0.886000 0.038000 0.032000
11 0.066000 0.920000 0.048000 0.028000
2 0.435000 0.645000 0.114000 0.114000
3 0.948000 0.879000 0.064000 0.138000
11 0.277000 0.870000 0.042000 0.036000
11 0.020000 0.236000 0.028000 0.040000
11 0.647000 0.775000 0.038000 0.042000
2 0.846000 0.399000 0.140000 0.126000
11 0.284000 0.009000 0.036000 0.018000
11 0.100000 0.978000 0.036000 0.032000
2 0.749000 0.334000 0.082000 0.076000
2 0.090000 0.600000 0.180000 0.176000
2 0.971000 0.675000 0.054000 0.054000
2 0.461000 0.794000 0.054000 0.060000
2 0.899000 0.017000 0.198000 0.034000
2 0.722780 0.615990 0.149560 0.151980
6 0.067180 0.063230 0.058360 0.126460
