11 0.375000 0.879000 0.038000 0.038000
7 0.908000 0.396000 0.032000 0.064000
11 0.710000 0.971000 0.040000 0.046000
2 0.917000 0.940000 0.162000 0.116000
11 0.419000 0.893000 0.038000 0.038000
11 0.418990 0.248420 0.041980 0.028840
11 0.415000 0.212000 0.054000 0.036000
11 0.135000 0.264000 0.026000 0.048000
11 0.425890 0.491110 0.051780 0.030220
11 0.425240 0.466120 0.050480 0.028240
11 0.429000 0.438390 0.054000 0.028780
11 0.932000 0.267000 0.024000 0.046000
11 0.320000 0.865000 0.040000 0.038000
2 0.595120 0.094690 0.118240 0.125380
11 0.925000 0.330000 0.026000 0.056000
11 0.141000 0.415000 0.022000 0.054000
11 0.104000 0.688000 0.028000 0.056000
11 0.346000 0.664000 0.024000 0.052000
11 0.256000 0.758000 0.036000 0.028000
11 0.342000 0.603000 0.024000 0.050000
11 0.277000 0.300000 0.022000 0.056000
11 0.268000 0.613000 0.024000 0.050000
11 0.350000 0.775000 0.020000 0.050000
11 0.428000 0.534000 0.048000 0.032000
11 0.262000 0.456000 0.020000 0.048000
11 0.320000 0.665000 0.020000 0.046000
6 0.871000 0.534000 0.070000 0.132000
11 0.114000 0.747000 0.028000 0.042000
11 0.283000 0.355000 0.026000 0.050000
11 0.333000 0.300000 0.018000 0.048000
11 0.314670 0.510000 0.025340 0.056000
11 0.339000 0.511000 0.018000 0.042000
11 0.318000 0.613000 0.024000 0.042000
3 0.900000 0.568000 0.080000 0.064000
11 0.304000 0.303000 0.024000 0.046000
11 0.266000 0.668000 0.020000 0.040000
11 0.439000 0.640000 0.046000 0.024000
11 0.336000 0.452000 0.020000 0.048000
11 0.978000 0.542000 0.040000 0.060000
11 0.428400 0.323380 0.048800 0.022760
11 0.417000 0.295000 0.050000 0.030000
11 0.310000 0.454000 0.020000 0.048000
11 0.292000 0.613000 0.020000 0.050000
11 0.324000 0.774000 0.020000 0.052000
11 0.437000 0.688000 0.046000 0.028000
11 0.294000 0.665000 0.020000 0.046000
11 0.812000 0.793000 0.024000 0.042000
11 0.436000 0.590000 0.048000 0.024000
11 0.419000 0.367000 0.058000 0.026000
11 0.299000 0.774000 0.022000 0.052000
11 0.987000 0.456000 0.022000 0.040000
2 0.596250 0.212460 0.128500 0.120920
2 0.601230 0.326690 0.130460 0.117380
2 0.607400 0.439860 0.130800 0.119720
2 0.608650 0.621940 0.121300 0.255880
2 0.593150 0.020260 0.122300 0.040520
