2 0.322000 0.571000 0.260000 0.330000
11 0.815000 0.671000 0.042000 0.038000
2 0.140000 0.184000 0.176000 0.168000
11 0.525000 0.813000 0.042000 0.046000
11 0.585000 0.805000 0.042000 0.046000
11 0.483000 0.786000 0.042000 0.048000
11 0.913000 0.893000 0.042000 0.046000
11 0.643000 0.501000 0.046000 0.050000
11 0.366000 0.899000 0.044000 0.050000
11 0.410000 0.855000 0.044000 0.046000
11 0.488000 0.847000 0.040000 0.038000
7 0.096000 0.050000 0.064000 0.036000
11 0.441000 0.897000 0.042000 0.046000
11 0.321000 0.941000 0.038000 0.042000
3 0.522000 0.696000 0.064000 0.060000
11 0.759000 0.440000 0.038000 0.044000
11 0.916000 0.278000 0.036000 0.040000
11 0.847000 0.335000 0.038000 0.038000
11 0.335000 0.397000 0.038000 0.042000
11 0.899000 0.816000 0.042000 0.044000
11 0.219000 0.024000 0.050000 0.032000
11 0.281000 0.014000 0.046000 0.028000
11 0.774000 0.945000 0.032000 0.042000
11 0.818000 0.897000 0.028000 0.046000
2 0.448000 0.149000 0.204000 0.294000
7 0.281000 0.975000 0.058000 0.046000
3 0.035000 0.037000 0.046000 0.074000
11 0.444000 0.821000 0.040000 0.042000
7 0.346000 0.980000 0.056000 0.036000
2 0.605000 0.068000 0.110000 0.136000
2 0.014000 0.890000 0.028000 0.216000
11 0.388000 0.948000 0.048000 0.048000
11 0.846000 0.869000 0.036000 0.046000
11 0.987000 0.825000 0.022000 0.042000
11 0.835000 0.753000 0.034000 0.038000
2 0.023000 0.357000 0.046000 0.150000
11 0.989000 0.187000 0.018000 0.042000
11 0.953000 0.240000 0.038000 0.036000
11 0.730000 0.982000 0.028000 0.032000
