2 0.603000 0.611000 0.590000 0.386000
11 0.301000 0.607000 0.058000 0.042000
7 0.344000 0.541000 0.060000 0.054000
11 0.440000 0.709000 0.044000 0.042000
11 0.729000 0.829000 0.042000 0.042000
11 0.449000 0.621000 0.050000 0.042000
11 0.663000 0.781000 0.042000 0.046000
7 0.193000 0.527000 0.058000 0.046000
11 0.858000 0.417000 0.052000 0.034000
2 0.488000 0.936000 0.280000 0.124000
11 0.809000 0.967000 0.046000 0.046000
11 0.537000 0.687000 0.046000 0.042000
11 0.821000 0.895000 0.042000 0.042000
11 0.130000 0.479000 0.044000 0.042000
11 0.060000 0.428000 0.052000 0.040000
11 0.857000 0.921000 0.042000 0.038000
6 0.133000 0.387000 0.090000 0.086000
2 0.559000 0.144000 0.446000 0.284000
11 0.773000 0.861000 0.046000 0.046000
11 0.497000 0.657000 0.042000 0.038000
11 0.392000 0.679000 0.048000 0.046000
3 0.268000 0.548000 0.088000 0.096000
3 0.278000 0.455000 0.080000 0.078000
11 0.585000 0.721000 0.050000 0.046000
2 0.034000 0.115000 0.068000 0.226000
2 0.104000 0.621000 0.208000 0.366000
11 0.987000 0.428000 0.022000 0.032000
11 0.851000 0.989000 0.038000 0.018000
11 0.008000 0.374000 0.016000 0.036000
11 0.386000 0.435000 0.052000 0.026000
2 0.210000 0.108000 0.212000 0.216000
11 0.948000 0.313000 0.028000 0.058000
