2 0.879000 0.310000 0.102000 0.100000
2 0.222000 0.383000 0.104000 0.082000
2 0.233000 0.505000 0.110000 0.098000
2 0.670000 0.117000 0.120000 0.098000
2 0.282000 0.298000 0.120000 0.104000
2 0.684000 0.219000 0.104000 0.094000
2 0.292000 0.197000 0.136000 0.110000
2 0.689000 0.317000 0.110000 0.102000
2 0.625000 0.514000 0.102000 0.108000
2 0.048000 0.183000 0.096000 0.114000
2 0.037000 0.758000 0.074000 0.100000
2 0.197000 0.756000 0.094000 0.116000
2 0.442000 0.105000 0.068000 0.106000
2 0.479000 0.915000 0.630000 0.166000
2 0.200000 0.587000 0.100000 0.082000
3 0.051000 0.869000 0.046000 0.074000
2 0.024000 0.374000 0.048000 0.092000
2 0.705000 0.456000 0.070000 0.072000
2 0.027000 0.535000 0.054000 0.214000
2 0.879000 0.596000 0.110000 0.176000
11 0.102000 0.464000 0.024000 0.044000
11 0.095000 0.657000 0.026000 0.046000
2 0.256000 0.072000 0.156000 0.064000
11 0.175000 0.201000 0.022000 0.046000
2 0.941000 0.961000 0.114000 0.074000
2 0.551000 0.672000 0.118000 0.116000
3 0.201000 0.851000 0.054000 0.074000
2 0.687000 0.590000 0.098000 0.060000
2 0.920000 0.153000 0.140000 0.098000
11 0.776000 0.237000 0.028000 0.042000
11 0.784000 0.047000 0.024000 0.046000
11 0.119000 0.160000 0.022000 0.040000
11 0.760000 0.536000 0.024000 0.048000
3 0.131000 0.807000 0.082000 0.050000
7 0.948000 0.842000 0.028000 0.056000
11 0.109000 0.318000 0.026000 0.044000
11 0.818000 0.439000 0.036000 0.054000
11 0.107000 0.368000 0.022000 0.048000
11 0.806000 0.296000 0.024000 0.048000
2 0.966000 0.599000 0.064000 0.134000
11 0.767000 0.389000 0.018000 0.038000
11 0.774000 0.296000 0.024000 0.048000
11 0.761000 0.587000 0.022000 0.046000
11 0.100000 0.587000 0.028000 0.046000
2 0.323000 0.680000 0.114000 0.112000
11 0.837000 0.133000 0.026000 0.050000
11 0.816000 0.666000 0.024000 0.048000
2 0.052000 0.010000 0.104000 0.020000
3 0.775000 0.735000 0.098000 0.046000
11 0.116000 0.208000 0.024000 0.044000
3 0.105000 0.911000 0.074000 0.054000
2 0.410000 0.715000 0.068000 0.126000
2 0.943000 0.008000 0.102000 0.016000
