2 0.377000 0.461120 0.754000 0.746240
2 0.883000 0.850000 0.230000 0.296000
2 0.793000 0.458000 0.106000 0.136000
2 0.158000 0.904000 0.316000 0.188000
11 0.708000 0.844000 0.028000 0.040000
11 0.818000 0.687000 0.036000 0.042000
11 0.851000 0.639000 0.038000 0.046000
11 0.760130 0.775380 0.036260 0.038760
11 0.789000 0.733000 0.042000 0.050000
11 0.249000 0.138000 0.050000 0.040000
7 0.912130 0.563120 0.044260 0.046240
11 0.735000 0.805000 0.030000 0.038000
11 0.763000 0.858000 0.030000 0.040000
7 0.386000 0.127000 0.064000 0.046000
11 0.855000 0.324000 0.038000 0.040000
7 0.151000 0.032000 0.066000 0.040000
11 0.740000 0.899000 0.028000 0.034000
11 0.456000 0.962000 0.048000 0.036000
11 0.617000 0.304000 0.042000 0.032000
11 0.129000 0.825000 0.042000 0.034000
11 0.658000 0.921000 0.032000 0.038000
11 0.228000 0.061000 0.064000 0.042000
11 0.935630 0.522500 0.031260 0.045000
11 0.964000 0.478000 0.032000 0.036000
3 0.673000 0.964000 0.070000 0.068000
11 0.721000 0.268000 0.038000 0.036000
2 0.111000 0.703000 0.138000 0.150000
7 0.370000 0.927000 0.056000 0.042000
11 0.985000 0.442000 0.026000 0.044000
11 0.725000 0.350000 0.046000 0.036000
7 0.301000 0.119000 0.058000 0.046000
11 0.684000 0.883000 0.036000 0.038000
11 0.415000 0.946000 0.034000 0.024000
7 0.962880 0.578630 0.049760 0.053260
3 0.573000 0.982000 0.054000 0.032000
11 0.020000 0.022000 0.040000 0.032000
11 0.006000 0.768000 0.012000 0.036000
7 0.881000 0.599000 0.042000 0.050000
11 0.867000 0.404000 0.042000 0.032000
2 0.413000 0.978000 0.162000 0.040000
2 0.447000 0.846000 0.142000 0.092000
2 0.342380 0.806000 0.148760 0.140000
2 0.225750 0.746130 0.167500 0.156260
7 0.768000 0.295250 0.040000 0.042500
7 0.305380 0.090500 0.058760 0.045000
7 0.423250 0.247750 0.042500 0.067500
7 0.511250 0.180630 0.062500 0.041260
11 0.743750 0.285370 0.047500 0.038740
11 0.885750 0.365880 0.047500 0.023760
