2 0.668000 0.668620 0.664000 0.661240
11 0.153000 0.500000 0.050000 0.044000
11 0.480000 0.367000 0.040000 0.046000
11 0.957000 0.161000 0.038000 0.038000
11 0.755000 0.108000 0.042000 0.044000
11 0.538000 0.321000 0.040000 0.042000
11 0.273000 0.388000 0.038000 0.048000
2 0.160000 0.253000 0.320000 0.502000
11 0.603000 0.261000 0.042000 0.046000
11 0.207000 0.030000 0.046000 0.052000
11 0.849000 0.276000 0.042000 0.048000
11 0.200000 0.444000 0.032000 0.040000
11 0.991000 0.492000 0.014000 0.052000
11 0.989000 0.368000 0.018000 0.048000
7 0.911000 0.219000 0.046000 0.050000
11 0.233000 0.412000 0.038000 0.044000
11 0.660000 0.214000 0.028000 0.028000
11 0.608000 0.097000 0.032000 0.030000
11 0.704000 0.172000 0.032000 0.028000
11 0.056000 0.555000 0.036000 0.046000
11 0.992000 0.246000 0.012000 0.020000
11 0.642000 0.239000 0.028000 0.030000
