2 0.241000 0.234000 0.186000 0.188000
2 0.255000 0.464000 0.178000 0.200000
2 0.663000 0.632000 0.170000 0.272000
2 0.048000 0.904000 0.096000 0.116000
2 0.048000 0.030000 0.096000 0.060000
7 0.432000 0.788000 0.032000 0.060000
2 0.659000 0.874000 0.218000 0.248000
2 0.244000 0.037000 0.160000 0.074000
7 0.378000 0.418000 0.032000 0.068000
2 0.065000 0.195000 0.098000 0.086000
2 0.698000 0.099000 0.092000 0.086000
7 0.400000 0.707000 0.032000 0.066000
2 0.807000 0.104000 0.070000 0.088000
11 0.809000 0.168000 0.046000 0.032000
7 0.518000 0.809000 0.036000 0.066000
2 0.932000 0.061000 0.132000 0.070000
11 0.507000 0.691000 0.022000 0.042000
2 0.215000 0.749000 0.118000 0.074000
11 0.237000 0.081000 0.038000 0.022000
3 0.509000 0.165000 0.054000 0.086000
2 0.087000 0.460000 0.174000 0.172000
11 0.201000 0.080000 0.042000 0.020000
2 0.543000 0.081000 0.070000 0.062000
2 0.966000 0.911000 0.064000 0.174000
11 0.279000 0.083000 0.046000 0.026000
7 0.375000 0.358000 0.026000 0.056000
2 0.971000 0.353000 0.054000 0.134000
2 0.584000 0.026000 0.124000 0.052000
11 0.420000 0.957000 0.028000 0.054000
3 0.333000 0.101000 0.042000 0.054000
2 0.336000 0.904000 0.128000 0.152000
2 0.027000 0.679000 0.054000 0.110000
2 0.686000 0.367000 0.424000 0.290000
11 0.444000 0.863000 0.024000 0.042000
11 0.365000 0.914000 0.042000 0.024000
2 0.281540 0.662150 0.103080 0.092300
2 0.877850 0.108460 0.067700 0.076920
2 0.961690 0.130770 0.075380 0.081540
