2 0.164000 0.832000 0.328000 0.332000
11 0.237000 0.478000 0.042000 0.032000
7 0.418000 0.307000 0.032000 0.066000
11 0.179000 0.469000 0.042000 0.034000
2 0.552000 0.193000 0.160000 0.382000
11 0.422000 0.381000 0.032000 0.054000
7 0.448000 0.534000 0.036000 0.060000
2 0.955000 0.745380 0.086000 0.374760
11 0.438000 0.465000 0.028000 0.046000
11 0.344000 0.101000 0.028000 0.054000
11 0.125000 0.151000 0.022000 0.046000
2 0.853000 0.256000 0.290000 0.512000
3 0.018000 0.353000 0.036000 0.070000
2 0.593830 0.632690 0.183660 0.505380
