7 0.534000 0.118000 0.052000 0.064000
11 0.410000 0.357000 0.044000 0.054000
11 0.426000 0.231000 0.040000 0.046000
11 0.058000 0.779000 0.040000 0.050000
3 0.032000 0.898000 0.064000 0.084000
11 0.362000 0.228000 0.032000 0.044000
11 0.482000 0.134000 0.044000 0.060000
11 0.893000 0.119000 0.046000 0.022000
11 0.895000 0.087000 0.050000 0.026000
11 0.338000 0.459000 0.048000 0.062000
7 0.302000 0.439000 0.052000 0.070000
2 0.948000 0.209000 0.100000 0.130000
2 0.216000 0.238000 0.432000 0.476000
11 0.555000 0.139000 0.046000 0.062000
11 0.597000 0.017000 0.046000 0.034000
11 0.165000 0.525000 0.030000 0.042000
2 0.733000 0.199000 0.226000 0.138000
