2 0.698000 0.345000 0.140000 0.146000
2 0.746000 0.150000 0.116000 0.116000
2 0.575000 0.198000 0.134000 0.136000
2 0.199000 0.915000 0.146000 0.130000
2 0.366000 0.733000 0.108000 0.106000
2 0.714000 0.677000 0.136000 0.154000
2 0.029000 0.134000 0.058000 0.104000
2 0.087000 0.396000 0.106000 0.092000
2 0.927000 0.534000 0.134000 0.124000
2 0.908000 0.879000 0.124000 0.130000
2 0.141000 0.805000 0.090000 0.102000
2 0.124000 0.515000 0.136000 0.146000
2 0.568000 0.532000 0.092000 0.100000
2 0.327000 0.297000 0.106000 0.102000
2 0.431000 0.032000 0.122000 0.064000
11 0.452000 0.311000 0.040000 0.038000
11 0.403000 0.919000 0.038000 0.042000
11 0.153000 0.062000 0.050000 0.040000
11 0.626000 0.416000 0.040000 0.044000
2 0.460000 0.846000 0.104000 0.100000
11 0.865000 0.656000 0.038000 0.036000
11 0.480000 0.270000 0.040000 0.040000
11 0.642000 0.502000 0.036000 0.040000
11 0.555000 0.347000 0.038000 0.034000
11 0.111000 0.100000 0.050000 0.036000
11 0.661000 0.454000 0.038000 0.044000
7 0.904000 0.695000 0.044000 0.050000
11 0.522000 0.384000 0.036000 0.040000
11 0.591000 0.380000 0.038000 0.040000
11 0.925000 0.786000 0.038000 0.048000
11 0.437000 0.957000 0.038000 0.038000
11 0.028000 0.613000 0.028000 0.042000
11 0.974000 0.765000 0.040000 0.042000
11 0.065000 0.020000 0.050000 0.040000
11 0.522000 0.310000 0.036000 0.040000
2 0.199000 0.207000 0.094000 0.130000
11 0.243000 0.824000 0.058000 0.056000
11 0.108000 0.043000 0.044000 0.034000
2 0.789680 0.752300 0.123360 0.124600
11 0.842000 0.705000 0.036000 0.050000
11 0.021000 0.008000 0.038000 0.016000
11 0.493000 0.350000 0.038000 0.040000
11 0.239000 0.106000 0.046000 0.040000
2 0.803000 0.023000 0.134000 0.046000
2 0.455000 0.555000 0.098000 0.102000
11 0.972000 0.007000 0.036000 0.014000
2 0.966000 0.193650 0.064000 0.151300
11 0.197000 0.083000 0.038000 0.026000
11 0.982000 0.984000 0.032000 0.028000
2 0.439000 0.367000 0.122000 0.114000
2 0.041000 0.231000 0.082000 0.090000
2 0.989000 0.680000 0.018000 0.120000
11 0.638000 0.004000 0.036000 0.008000
3 0.987000 0.836000 0.022000 0.056000
11 0.313000 0.009000 0.034000 0.018000
11 0.176000 0.691000 0.036000 0.042000
3 0.331000 0.082000 0.062000 0.036000
2 0.034000 0.712000 0.068000 0.092000
11 0.965000 0.825000 0.042000 0.042000
2 0.560000 0.920000 0.172000 0.156000
2 0.805780 0.397320 0.139560 0.114640
2 0.847190 0.480570 0.118380 0.117140
2 0.614670 0.601060 0.133340 0.122120
2 0.203520 0.573550 0.147040 0.127100
2 0.255450 0.631710 0.110900 0.103420
2 0.300470 0.690470 0.100940 0.100940
2 0.293520 0.969600 0.147040 0.059200
