11 0.487000 0.526000 0.042000 0.036000
11 0.328000 0.205000 0.052000 0.038000
11 0.921000 0.652000 0.046000 0.036000
11 0.402000 0.457000 0.056000 0.046000
11 0.040000 0.132000 0.048000 0.036000
11 0.295000 0.456000 0.046000 0.040000
11 0.234000 0.372000 0.048000 0.036000
11 0.788000 0.129000 0.052000 0.042000
11 0.472000 0.316000 0.044000 0.032000
11 0.703000 0.559000 0.046000 0.030000
11 0.239000 0.474000 0.046000 0.036000
11 0.573000 0.595000 0.054000 0.042000
7 0.582000 0.055000 0.064000 0.046000
11 0.756000 0.452000 0.052000 0.040000
11 0.069000 0.399000 0.046000 0.038000
11 0.862000 0.158000 0.052000 0.044000
11 0.935000 0.184000 0.046000 0.036000
11 0.488000 0.017000 0.048000 0.034000
2 0.901000 0.092000 0.194000 0.184000
11 0.982000 0.207000 0.032000 0.030000
11 0.662000 0.017000 0.028000 0.034000
11 0.436000 0.008000 0.044000 0.016000
11 0.980000 0.982000 0.036000 0.032000
11 0.008000 0.738000 0.016000 0.032000
11 0.710000 0.028000 0.040000 0.052000
2 0.971000 0.488000 0.054000 0.188000
