2 0.915000 0.447000 0.166000 0.362000
11 0.317000 0.277000 0.034000 0.042000
11 0.280000 0.314000 0.040000 0.044000
2 0.779000 0.754000 0.162000 0.224000
2 0.160000 0.179000 0.280000 0.262000
11 0.396000 0.134000 0.044000 0.044000
2 0.064000 0.671000 0.128000 0.222000
2 0.474460 0.328650 0.264920 0.377300
2 0.961000 0.148000 0.074000 0.196000
2 0.406000 0.098000 0.268000 0.196000
11 0.385000 0.212000 0.034000 0.036000
11 0.209000 0.310000 0.042000 0.040000
7 0.093000 0.490000 0.058000 0.064000
11 0.245000 0.344000 0.042000 0.036000
2 0.846000 0.045000 0.140000 0.090000
2 0.641930 0.133240 0.199860 0.206480
