2 0.419000 0.411000 0.114000 0.130000
2 0.258000 0.368000 0.132000 0.128000
2 0.387000 0.955000 0.110000 0.086000
2 0.561000 0.467000 0.098000 0.138000
2 0.747000 0.844000 0.106000 0.108000
2 0.948000 0.299000 0.100000 0.122000
2 0.855000 0.440000 0.130000 0.136000
2 0.502000 0.897000 0.084000 0.130000
2 0.080000 0.693000 0.084000 0.138000
2 0.957000 0.435000 0.082000 0.114000
2 0.715000 0.362000 0.106000 0.116000
2 0.735000 0.951000 0.138000 0.078000
2 0.280000 0.687000 0.088000 0.098000
2 0.566000 0.819000 0.080000 0.102000
3 0.424000 0.733000 0.064000 0.078000
11 0.830000 0.587000 0.052000 0.026000
2 0.039000 0.387000 0.078000 0.150000
11 0.316000 0.540000 0.036000 0.028000
11 0.717000 0.582000 0.046000 0.028000
11 0.937000 0.596000 0.050000 0.028000
3 0.352000 0.564000 0.044000 0.084000
2 0.020000 0.847000 0.040000 0.130000
11 0.367000 0.735000 0.042000 0.038000
11 0.234000 0.528000 0.048000 0.032000
2 0.901000 0.789000 0.102000 0.134000
11 0.227000 0.973000 0.026000 0.050000
2 0.973000 0.800000 0.050000 0.156000
11 0.197000 0.984000 0.034000 0.028000
2 0.959000 0.046000 0.078000 0.092000
2 0.008000 0.646000 0.016000 0.116000
11 0.992000 0.573000 0.012000 0.030000
2 0.211000 0.014000 0.122000 0.028000
11 0.208000 0.457000 0.044000 0.038000
2 0.191880 0.707130 0.103760 0.126260
2 0.149380 0.388130 0.118760 0.116260
2 0.337000 0.178000 0.130000 0.160000
