2 0.483000 0.363000 0.154000 0.134000
2 0.255000 0.110000 0.122000 0.124000
2 0.498000 0.121000 0.132000 0.134000
2 0.876000 0.385000 0.116000 0.118000
2 0.915000 0.709000 0.166000 0.106000
2 0.780000 0.328000 0.116000 0.112000
2 0.680000 0.773000 0.128000 0.102000
2 0.905000 0.594000 0.162000 0.136000
11 0.816000 0.735000 0.032000 0.046000
2 0.477000 0.841000 0.082000 0.102000
7 0.582000 0.182000 0.036000 0.052000
2 0.392000 0.105000 0.088000 0.106000
7 0.879000 0.098000 0.074000 0.032000
11 0.280000 0.735000 0.044000 0.038000
11 0.697000 0.078000 0.046000 0.028000
11 0.768000 0.593000 0.028000 0.042000
11 0.569000 0.724000 0.038000 0.040000
3 0.045000 0.824000 0.090000 0.056000
11 0.140000 0.608000 0.052000 0.040000
11 0.087000 0.138000 0.026000 0.048000
2 0.379000 0.573000 0.138000 0.094000
2 0.961000 0.961000 0.074000 0.074000
11 0.207000 0.839000 0.046000 0.034000
11 0.660000 0.308000 0.028000 0.044000
11 0.673000 0.578000 0.042000 0.028000
11 0.388000 0.881000 0.048000 0.022000
11 0.715000 0.688000 0.042000 0.028000
11 0.687000 0.383000 0.042000 0.066000
11 0.039000 0.053000 0.026000 0.050000
11 0.665000 0.217000 0.038000 0.046000
11 0.594000 0.624000 0.024000 0.048000
11 0.872000 0.881000 0.032000 0.050000
11 0.651000 0.652000 0.046000 0.036000
11 0.685000 0.624000 0.046000 0.036000
2 0.427000 0.950000 0.102000 0.096000
11 0.147000 0.684000 0.050000 0.028000
3 0.161000 0.024000 0.066000 0.048000
11 0.153000 0.760000 0.050000 0.024000
11 0.248000 0.305000 0.020000 0.042000
2 0.388000 0.255000 0.084000 0.126000
7 0.040000 0.179000 0.032000 0.074000
11 0.585000 0.577000 0.034000 0.046000
2 0.971000 0.863000 0.054000 0.106000
11 0.798000 0.689000 0.032000 0.046000
11 0.259000 0.191000 0.026000 0.050000
11 0.157000 0.810000 0.042000 0.028000
11 0.193000 0.491000 0.042000 0.026000
2 0.236000 0.984000 0.140000 0.028000
11 0.151000 0.734000 0.046000 0.028000
11 0.204000 0.763000 0.036000 0.026000
2 0.428000 0.682000 0.232000 0.160000
11 0.425000 0.850000 0.042000 0.028000
7 0.707000 0.194000 0.046000 0.048000
11 0.797000 0.112000 0.042000 0.032000
11 0.728000 0.495000 0.032000 0.038000
11 0.640000 0.077000 0.060000 0.038000
11 0.518000 0.601000 0.036000 0.046000
11 0.559000 0.127000 0.038000 0.070000
11 0.638000 0.593000 0.028000 0.042000
11 0.911000 0.989000 0.026000 0.018000
11 0.742000 0.173000 0.040000 0.030000
2 0.724000 0.959000 0.144000 0.078000
11 0.062000 0.642000 0.016000 0.028000
2 0.258000 0.589000 0.112000 0.170000
