2 0.107000 0.830000 0.114000 0.124000
2 0.857000 0.488000 0.282000 0.316000
2 0.492000 0.747000 0.144000 0.126000
2 0.525000 0.955000 0.126000 0.086000
2 0.368000 0.536000 0.124000 0.120000
11 0.601000 0.530000 0.046000 0.032000
2 0.545000 0.249000 0.242000 0.270000
2 0.110000 0.716000 0.112000 0.084000
2 0.147000 0.502000 0.210000 0.356000
11 0.031000 0.963000 0.022000 0.046000
2 0.798000 0.037000 0.172000 0.074000
11 0.788000 0.987000 0.032000 0.022000
11 0.009000 0.647000 0.018000 0.038000
2 0.888000 0.975000 0.104000 0.046000
2 0.286000 0.454000 0.112000 0.108000
2 0.702000 0.114000 0.120000 0.144000
3 0.032000 0.291000 0.048000 0.050000
11 0.992000 0.816000 0.012000 0.032000
2 0.980000 0.121000 0.036000 0.202000
3 0.023000 0.536000 0.046000 0.048000
11 0.287000 0.201000 0.038000 0.042000
3 0.030000 0.369000 0.052000 0.046000
3 0.096000 0.172000 0.052000 0.088000
2 0.586620 0.670770 0.129240 0.141540
2 0.624460 0.910150 0.136920 0.132300
