2 0.359000 0.286000 0.110000 0.136000
2 0.597000 0.268000 0.138000 0.160000
2 0.160000 0.670000 0.136000 0.120000
2 0.406000 0.444000 0.120000 0.128000
2 0.364000 0.844000 0.100000 0.088000
2 0.380000 0.123000 0.124000 0.110000
2 0.615000 0.077000 0.110000 0.130000
2 0.236000 0.897000 0.160000 0.166000
2 0.361000 0.610000 0.110000 0.072000
2 0.065000 0.499000 0.130000 0.122000
2 0.656000 0.498000 0.140000 0.196000
2 0.332000 0.705000 0.172000 0.090000
2 0.906000 0.436000 0.112000 0.208000
11 0.790000 0.450000 0.028000 0.052000
2 0.662000 0.805000 0.204000 0.250000
11 0.768000 0.325000 0.028000 0.042000
11 0.131000 0.946000 0.038000 0.052000
11 0.816000 0.573000 0.032000 0.054000
11 0.762000 0.278000 0.028000 0.044000
11 0.749000 0.223000 0.026000 0.034000
11 0.722000 0.070000 0.028000 0.044000
11 0.782000 0.393000 0.028000 0.050000
11 0.445000 0.695000 0.026000 0.042000
11 0.712000 0.023000 0.028000 0.046000
2 0.050000 0.352000 0.100000 0.212000
11 0.740000 0.183000 0.028000 0.038000
11 0.728000 0.118000 0.032000 0.052000
11 0.156000 0.985000 0.032000 0.026000
2 0.968000 0.762000 0.060000 0.148000
2 0.851000 0.121000 0.082000 0.086000
2 0.855000 0.024000 0.130000 0.048000
11 0.064000 0.835000 0.044000 0.050000
2 0.971000 0.865000 0.054000 0.066000
2 0.060000 0.987000 0.116000 0.022000
2 0.358740 0.533190 0.125480 0.098380
2 0.367830 0.042060 0.179660 0.084120
