2 0.896000 0.876000 0.204000 0.244000
6 0.224000 0.562000 0.124000 0.068000
6 0.388000 0.779000 0.096000 0.050000
11 0.668000 0.818000 0.052000 0.036000
6 0.560000 0.337000 0.128000 0.062000
6 0.369000 0.578000 0.138000 0.064000
6 0.304000 0.373000 0.136000 0.090000
6 0.630000 0.573000 0.116000 0.054000
7 0.017000 0.347000 0.034000 0.054000
11 0.234000 0.032000 0.052000 0.036000
6 0.645000 0.664000 0.098000 0.052000
2 0.615000 0.924000 0.214000 0.148000
11 0.445000 0.951000 0.030000 0.050000
11 0.017000 0.238000 0.034000 0.032000
6 0.532000 0.278000 0.108000 0.052000
6 0.399000 0.672000 0.130000 0.060000
2 0.778000 0.370000 0.440000 0.740000
2 0.054000 0.739000 0.108000 0.278000
11 0.014000 0.534000 0.028000 0.040000
6 0.592000 0.430000 0.120000 0.056000
2 0.271000 0.975000 0.414000 0.046000
2 0.181000 0.206000 0.330000 0.316000
11 0.417000 0.953000 0.022000 0.038000
11 0.027000 0.595000 0.054000 0.042000
2 0.154000 0.024000 0.276000 0.048000
