2 0.122000 0.215000 0.244000 0.426000
2 0.924000 0.850000 0.148000 0.296000
2 0.364000 0.821000 0.352000 0.274000
6 0.621000 0.631000 0.162000 0.118000
11 0.739000 0.677000 0.046000 0.042000
11 0.677000 0.875000 0.042000 0.046000
11 0.337000 0.106000 0.038000 0.048000
2 0.600000 0.244000 0.148000 0.204000
11 0.793000 0.497000 0.030000 0.042000
7 0.844000 0.103000 0.032000 0.066000
11 0.366000 0.167000 0.044000 0.054000
11 0.281000 0.083000 0.038000 0.050000
7 0.297000 0.054000 0.042000 0.056000
11 0.403000 0.224000 0.034000 0.056000
11 0.797000 0.958000 0.042000 0.056000
7 0.836000 0.305000 0.028000 0.058000
11 0.417000 0.328000 0.030000 0.056000
2 0.924000 0.362000 0.148000 0.348000
2 0.093000 0.959000 0.186000 0.078000
11 0.272000 0.013000 0.028000 0.026000
7 0.844000 0.168000 0.032000 0.056000
11 0.532000 0.622000 0.028000 0.032000
6 0.871000 0.624000 0.078000 0.036000
7 0.705000 0.863000 0.042000 0.050000
11 0.823000 0.991000 0.030000 0.014000
11 0.760000 0.980000 0.032000 0.036000
6 0.959000 0.629000 0.078000 0.038000
2 0.617000 0.020000 0.198000 0.040000
