2 0.224000 0.814000 0.448000 0.360000
3 0.394000 0.564000 0.068000 0.064000
11 0.613000 0.235000 0.042000 0.038000
11 0.169000 0.338000 0.038000 0.040000
11 0.737000 0.094000 0.042000 0.040000
7 0.802000 0.060000 0.052000 0.044000
11 0.340000 0.340000 0.040000 0.040000
3 0.396000 0.417000 0.072000 0.086000
11 0.536000 0.795000 0.036000 0.046000
11 0.490000 0.941000 0.036000 0.050000
3 0.252000 0.557000 0.068000 0.078000
11 0.635000 0.823000 0.042000 0.046000
11 0.705000 0.953000 0.042000 0.046000
11 0.733000 0.405000 0.042000 0.054000
11 0.597000 0.869000 0.038000 0.046000
11 0.583000 0.308000 0.046000 0.036000
7 0.274000 0.430000 0.032000 0.060000
11 0.477000 0.726000 0.038000 0.048000
11 0.803000 0.465000 0.042000 0.042000
11 0.442000 0.597000 0.040000 0.046000
11 0.659000 0.943000 0.034000 0.046000
11 0.548000 0.725000 0.040000 0.046000
2 0.869000 0.354000 0.222000 0.348000
11 0.278000 0.357000 0.044000 0.034000
11 0.632000 0.899000 0.032000 0.050000
3 0.089000 0.279000 0.050000 0.070000
6 0.779000 0.185000 0.078000 0.066000
11 0.481000 0.645000 0.038000 0.042000
11 0.516000 0.682000 0.032000 0.040000
11 0.584000 0.763000 0.032000 0.038000
3 0.668000 0.330000 0.068000 0.060000
7 0.249000 0.968000 0.050000 0.060000
11 0.451000 0.081000 0.030000 0.046000
11 0.800000 0.982000 0.036000 0.032000
11 0.017000 0.230000 0.034000 0.048000
11 0.104000 0.536000 0.036000 0.036000
2 0.700490 0.635730 0.236980 0.251460
2 0.446000 0.039000 0.384000 0.078000
6 0.640250 0.057090 0.092500 0.054180
2 0.133460 0.083910 0.266920 0.167820
2 0.826930 0.699390 0.217860 0.194780
2 0.933000 0.902000 0.134000 0.196000
