11 0.849000 0.186000 0.050000 0.028000
2 0.589690 0.377000 0.511380 0.222000
11 0.654000 0.257000 0.052000 0.026000
11 0.516000 0.239000 0.048000 0.030000
11 0.254000 0.294000 0.036000 0.044000
11 0.645000 0.170000 0.050000 0.028000
11 0.588000 0.249000 0.056000 0.034000
2 0.820800 0.778980 0.353600 0.197960
3 0.601000 0.904000 0.066000 0.052000
11 0.900000 0.283000 0.052000 0.026000
6 0.106000 0.167000 0.076000 0.038000
3 0.732000 0.948000 0.088000 0.100000
2 0.953000 0.368000 0.094000 0.096000
11 0.971000 0.289000 0.046000 0.026000
11 0.368000 0.472000 0.040000 0.048000
7 0.839000 0.276000 0.070000 0.028000
2 0.155000 0.394000 0.310000 0.312000
2 0.096000 0.906000 0.192000 0.184000
6 0.961000 0.203000 0.074000 0.038000
2 0.666000 0.050000 0.140000 0.100000
2 0.867000 0.065000 0.262000 0.130000
2 0.377000 0.701000 0.170000 0.198000
7 0.326000 0.446000 0.048000 0.060000
2 0.108000 0.637000 0.216000 0.158000
14 0.159000 0.170000 0.190000 0.044000
2 0.360000 0.918000 0.416000 0.160000
6 0.347000 0.128000 0.094000 0.048000
6 0.708950 0.229140 0.085900 0.042280
2 0.579230 0.492340 0.170460 0.220680
2 0.679480 0.648550 0.262960 0.173100
2 0.803780 0.513800 0.195560 0.191600
2 0.946700 0.493460 0.105400 0.118920
2 0.419940 0.047570 0.307880 0.095140
