11 0.352000 0.147000 0.044000 0.038000
2 0.321000 0.332000 0.282000 0.232000
11 0.457000 0.073000 0.038000 0.038000
2 0.739000 0.188000 0.518000 0.368000
11 0.514000 0.857000 0.044000 0.042000
3 0.068000 0.415000 0.136000 0.090000
2 0.474000 0.936000 0.180000 0.124000
11 0.374000 0.044000 0.040000 0.040000
11 0.120000 0.457000 0.032000 0.038000
11 0.411000 0.017000 0.046000 0.034000
3 0.350000 0.513000 0.060000 0.094000
11 0.411000 0.477000 0.046000 0.030000
7 0.522000 0.460000 0.056000 0.032000
2 0.104000 0.104000 0.208000 0.208000
2 0.050000 0.774000 0.100000 0.292000
7 0.172000 0.793000 0.044000 0.062000
7 0.134000 0.514000 0.060000 0.036000
2 0.143000 0.971000 0.258000 0.054000
11 0.230000 0.238000 0.032000 0.032000
11 0.298000 0.496000 0.056000 0.032000
2 0.858220 0.591000 0.280440 0.198000
11 0.018000 0.261000 0.036000 0.050000
2 0.844000 0.850000 0.308000 0.260000
2 0.522370 0.643320 0.132740 0.122640
2 0.661990 0.598890 0.147980 0.133780
2 0.641870 0.727870 0.155740 0.131740
