2 0.162000 0.677000 0.132000 0.134000
3 0.647000 0.029000 0.138000 0.058000
2 0.922000 0.300000 0.152000 0.364000
3 0.862000 0.462000 0.052000 0.112000
11 0.694000 0.141000 0.028000 0.046000
2 0.852000 0.048000 0.148000 0.096000
2 0.564000 0.816000 0.312000 0.356000
2 0.422600 0.246890 0.189200 0.177780
2 0.968000 0.726000 0.060000 0.332000
2 0.027000 0.719000 0.054000 0.126000
2 0.102600 0.112330 0.201200 0.148660
2 0.401000 0.093550 0.214000 0.187100
2 0.256870 0.078870 0.121740 0.121740
2 0.077530 0.594910 0.155060 0.185820
2 0.532810 0.551390 0.157620 0.194780
2 0.473590 0.378500 0.119180 0.173000
2 0.365370 0.430670 0.162740 0.197340
