2 0.241000 0.339000 0.094000 0.146000
2 0.695000 0.192000 0.310000 0.200000
2 0.749000 0.496000 0.314000 0.236000
2 0.714000 0.779000 0.264000 0.182000
2 0.204000 0.140000 0.084000 0.140000
7 0.779000 0.043000 0.058000 0.030000
7 0.922000 0.318000 0.032000 0.060000
2 0.447000 0.384000 0.098000 0.076000
11 0.792000 0.589000 0.032000 0.050000
7 0.881000 0.075000 0.042000 0.078000
2 0.399000 0.614000 0.134000 0.092000
7 0.770000 0.288000 0.032000 0.064000
11 0.952000 0.371000 0.028000 0.058000
11 0.740000 0.612000 0.036000 0.060000
11 0.818000 0.269000 0.028000 0.046000
2 0.057000 0.032000 0.114000 0.064000
11 0.154000 0.305000 0.036000 0.026000
7 0.866000 0.705000 0.032000 0.062000
11 0.911000 0.698000 0.026000 0.048000
7 0.691000 0.299000 0.034000 0.054000
2 0.461000 0.455000 0.094000 0.074000
11 0.314000 0.821000 0.028000 0.050000
11 0.013000 0.926000 0.026000 0.028000
11 0.837000 0.714000 0.026000 0.052000
11 0.280000 0.864000 0.048000 0.028000
11 0.631000 0.030000 0.022000 0.044000
2 0.096000 0.833000 0.192000 0.166000
11 0.140000 0.284000 0.036000 0.028000
11 0.985000 0.655000 0.026000 0.042000
2 0.417000 0.242000 0.110000 0.080000
2 0.955000 0.240000 0.086000 0.156000
2 0.136000 0.463000 0.132000 0.258000
2 0.339000 0.157000 0.218000 0.134000
11 0.570000 0.427000 0.024000 0.038000
2 0.491000 0.837000 0.230000 0.166000
2 0.948000 0.908000 0.100000 0.180000
7 0.832000 0.584000 0.028000 0.052000
2 0.315000 0.045000 0.214000 0.090000
12 0.289000 0.534000 0.074000 0.096000
