11 0.030000 0.426000 0.044000 0.052000
11 0.104000 0.467000 0.036000 0.042000
11 0.129000 0.512000 0.042000 0.040000
11 0.084000 0.332000 0.040000 0.052000
11 0.291000 0.352000 0.022000 0.044000
11 0.343000 0.358000 0.026000 0.044000
11 0.367000 0.363000 0.022000 0.046000
11 0.183000 0.368000 0.026000 0.048000
2 0.592900 0.500000 0.317800 1.000000
11 0.524000 0.055000 0.024000 0.054000
11 0.009000 0.898000 0.018000 0.028000
2 0.316000 0.068000 0.316000 0.136000
11 0.497000 0.280000 0.022000 0.048000
2 0.225000 0.780000 0.206000 0.412000
11 0.391000 0.366000 0.026000 0.048000
11 0.214000 0.355000 0.028000 0.058000
7 0.530000 0.014000 0.032000 0.028000
2 0.836000 0.786000 0.176000 0.424000
11 0.131000 0.352000 0.034000 0.044000
11 0.250000 0.506000 0.044000 0.032000
11 0.338000 0.528000 0.048000 0.032000
2 0.050000 0.770000 0.100000 0.244000
11 0.204000 0.146000 0.052000 0.036000
2 0.296260 0.277610 0.316520 0.151220
2 0.896740 0.459350 0.205480 0.262700
2 0.916000 0.174000 0.168000 0.348000
