11 0.364520 0.031980 0.045040 0.035960
11 0.402620 0.076080 0.041240 0.040160
11 0.367210 0.809610 0.038420 0.051220
11 0.271620 0.637470 0.031240 0.046940
11 0.244820 0.590010 0.033640 0.044020
2 0.913000 0.315000 0.170000 0.314000
7 0.133000 0.186000 0.050000 0.056000
11 0.164000 0.454000 0.032000 0.044000
11 0.208000 0.180000 0.032000 0.032000
11 0.420000 0.906000 0.032000 0.036000
11 0.444000 0.950000 0.032000 0.040000
11 0.189000 0.493000 0.034000 0.038000
11 0.388000 0.857000 0.032000 0.042000
11 0.208000 0.535000 0.032000 0.046000
11 0.763000 0.610000 0.038000 0.036000
11 0.643000 0.435000 0.038000 0.034000
11 0.608000 0.391000 0.040000 0.034000
11 0.415000 0.093000 0.042000 0.038000
2 0.617000 0.034000 0.226000 0.068000
7 0.135000 0.409000 0.046000 0.050000
11 0.354000 0.013000 0.040000 0.026000
11 0.460000 0.164000 0.044000 0.044000
11 0.897000 0.811000 0.038000 0.034000
11 0.273000 0.014000 0.026000 0.028000
2 0.356000 0.414000 0.248000 0.268000
2 0.585000 0.828000 0.254000 0.260000
11 0.380000 0.053000 0.048000 0.042000
2 0.931000 0.561000 0.134000 0.218000
2 0.458000 0.620620 0.220000 0.269240
