11 0.651000 0.807000 0.038000 0.042000
11 0.767000 0.895000 0.046000 0.042000
11 0.691000 0.835000 0.042000 0.042000
3 0.284000 0.807000 0.092000 0.050000
11 0.606000 0.745000 0.028000 0.038000
11 0.819000 0.927000 0.046000 0.034000
2 0.839000 0.476000 0.318000 0.804000
11 0.016000 0.967000 0.032000 0.038000
11 0.712000 0.967000 0.048000 0.046000
11 0.349000 0.017000 0.030000 0.034000
11 0.296000 0.869000 0.048000 0.046000
11 0.366000 0.431000 0.020000 0.038000
11 0.536000 0.661000 0.028000 0.046000
11 0.897000 0.950000 0.054000 0.032000
11 0.624000 0.555000 0.028000 0.054000
11 0.543000 0.985000 0.042000 0.026000
11 0.516000 0.962000 0.032000 0.036000
11 0.334000 0.712000 0.020000 0.044000
11 0.300000 0.209000 0.024000 0.030000
2 0.499000 0.953000 0.054000 0.046000
