2 0.391000 0.499000 0.290000 0.334000
2 0.280000 0.897000 0.244000 0.202000
2 0.851000 0.476000 0.138000 0.120000
2 0.546000 0.157000 0.192000 0.166000
2 0.831000 0.308000 0.134000 0.112000
2 0.819000 0.607000 0.130000 0.134000
2 0.144000 0.158000 0.288000 0.316000
2 0.883000 0.143000 0.214000 0.186000
2 0.716000 0.561000 0.092000 0.106000
11 0.238000 0.601000 0.044000 0.030000
11 0.950000 0.751000 0.052000 0.042000
2 0.622000 0.366000 0.180000 0.132000
11 0.133000 0.403000 0.050000 0.038000
11 0.431000 0.231000 0.034000 0.046000
11 0.179000 0.491000 0.042000 0.034000
11 0.514000 0.465000 0.036000 0.046000
11 0.405000 0.186000 0.034000 0.044000
3 0.395000 0.119000 0.046000 0.066000
11 0.491000 0.422000 0.034000 0.044000
11 0.462000 0.278000 0.032000 0.044000
2 0.423000 0.039000 0.218000 0.078000
3 0.746000 0.895000 0.052000 0.070000
11 0.454000 0.360000 0.040000 0.048000
11 0.313000 0.028000 0.034000 0.040000
11 0.570000 0.553000 0.032000 0.042000
11 0.334000 0.068000 0.032000 0.036000
2 0.975000 0.526000 0.046000 0.120000
2 0.632000 0.771000 0.208000 0.222000
11 0.263000 0.662000 0.034000 0.028000
2 0.482660 0.869710 0.205320 0.155420
2 0.509670 0.932550 0.195340 0.133100
2 0.604280 0.268300 0.152560 0.132600
