2 0.570000 0.439000 0.256000 0.214000
2 0.258000 0.233000 0.376000 0.318000
11 0.215000 0.541000 0.042000 0.054000
6 0.385000 0.068000 0.074000 0.136000
11 0.418000 0.596000 0.048000 0.036000
6 0.586000 0.144000 0.040000 0.096000
11 0.140000 0.712000 0.036000 0.048000
11 0.269000 0.647000 0.034000 0.046000
11 0.779000 0.512000 0.042000 0.040000
11 0.159000 0.507000 0.038000 0.050000
11 0.288000 0.585000 0.032000 0.042000
11 0.052000 0.951000 0.036000 0.050000
11 0.424000 0.735000 0.044000 0.038000
11 0.539880 0.818880 0.043760 0.033760
11 0.557000 0.775000 0.058000 0.042000
11 0.383000 0.700000 0.038000 0.052000
11 0.188000 0.607000 0.036000 0.042000
11 0.238000 0.770000 0.032000 0.040000
2 0.846000 0.168000 0.304000 0.336000
11 0.194000 0.893000 0.032000 0.046000
11 0.370380 0.862750 0.048760 0.037500
11 0.383630 0.846130 0.051260 0.036260
11 0.384000 0.818000 0.040000 0.036000
11 0.328000 0.677000 0.036000 0.042000
11 0.459000 0.670000 0.046000 0.036000
11 0.703000 0.651000 0.046000 0.038000
11 0.811000 0.805000 0.050000 0.038000
11 0.867000 0.701000 0.050000 0.042000
11 0.538000 0.975000 0.052000 0.046000
11 0.665000 0.731000 0.046000 0.038000
11 0.577000 0.735000 0.046000 0.038000
11 0.519000 0.543000 0.050000 0.042000
11 0.479000 0.629000 0.042000 0.038000
11 0.587000 0.883000 0.046000 0.038000
11 0.729000 0.610000 0.042000 0.036000
11 0.120000 0.984000 0.032000 0.028000
11 0.013000 0.932000 0.026000 0.044000
11 0.793000 0.719000 0.042000 0.034000
11 0.638000 0.774000 0.048000 0.040000
11 0.610000 0.843000 0.048000 0.042000
11 0.611000 0.671000 0.046000 0.038000
11 0.491000 0.902000 0.054000 0.036000
11 0.348000 0.902000 0.044000 0.036000
11 0.149000 0.876000 0.030000 0.040000
11 0.639000 0.608000 0.046000 0.040000
11 0.683000 0.691000 0.042000 0.034000
11 0.879000 0.564000 0.046000 0.028000
11 0.809000 0.681000 0.054000 0.042000
11 0.559000 0.925000 0.046000 0.038000
11 0.239000 0.921000 0.034000 0.046000
11 0.192000 0.740000 0.028000 0.028000
3 0.480000 0.256000 0.064000 0.080000
11 0.756000 0.552000 0.040000 0.040000
6 0.475000 0.050000 0.066000 0.100000
11 0.432000 0.989000 0.040000 0.018000
11 0.303000 0.982000 0.042000 0.032000
11 0.525000 0.837000 0.050000 0.038000
11 0.285000 0.935000 0.030000 0.046000
11 0.833000 0.763000 0.046000 0.038000
3 0.985000 0.528000 0.026000 0.092000
3 0.849000 0.989000 0.134000 0.018000
11 0.471000 0.941000 0.046000 0.042000
11 0.719000 0.843000 0.050000 0.042000
11 0.775000 0.758000 0.042000 0.036000
11 0.844000 0.617000 0.040000 0.034000
11 0.952000 0.875000 0.036000 0.046000
11 0.495000 0.585000 0.038000 0.034000
11 0.751000 0.800000 0.042000 0.036000
11 0.677000 0.930000 0.034000 0.036000
2 0.761000 0.918000 0.126000 0.160000
