2 0.484000 0.187000 0.244000 0.166000
2 0.865000 0.610000 0.202000 0.148000
11 0.412000 0.605000 0.048000 0.038000
11 0.353000 0.452000 0.046000 0.040000
11 0.280000 0.237000 0.048000 0.038000
11 0.529000 0.622000 0.042000 0.032000
11 0.548000 0.081000 0.032000 0.046000
11 0.717000 0.440000 0.046000 0.036000
11 0.466000 0.751000 0.044000 0.034000
11 0.726000 0.472000 0.048000 0.032000
11 0.625000 0.212000 0.046000 0.036000
11 0.328000 0.021000 0.056000 0.038000
11 0.309000 0.357000 0.042000 0.034000
11 0.445000 0.694000 0.042000 0.028000
2 0.775000 0.052000 0.226000 0.104000
11 0.613000 0.506000 0.042000 0.032000
11 0.972000 0.007000 0.028000 0.014000
2 0.287150 0.554690 0.390300 0.721380
2 0.779000 0.831000 0.438000 0.334000
11 0.992000 0.032000 0.012000 0.040000
11 0.452000 0.287000 0.040000 0.030000
11 0.991000 0.739000 0.014000 0.038000
11 0.481000 0.376000 0.038000 0.032000
2 0.241080 0.078460 0.166160 0.156920
11 0.343710 0.417000 0.043420 0.038000
11 0.459540 0.725740 0.039080 0.031480
