9 0.689000 0.877000 0.082000 0.078000
3 0.606000 0.408000 0.112000 0.048000
11 0.879000 0.290000 0.026000 0.048000
11 0.436000 0.960000 0.040000 0.024000
2 0.896000 0.941000 0.204000 0.114000
11 0.336000 0.984000 0.048000 0.028000
11 0.326000 0.283000 0.040000 0.026000
2 0.481000 0.045000 0.454000 0.090000
11 0.042000 0.454000 0.028000 0.044000
3 0.506000 0.337000 0.060000 0.198000
11 0.746000 0.322000 0.032000 0.044000
3 0.706000 0.987000 0.088000 0.022000
3 0.975000 0.076000 0.046000 0.084000
2 0.470000 0.992000 0.116000 0.012000
