11 0.315000 0.524000 0.054000 0.032000
11 0.636000 0.377000 0.052000 0.030000
11 0.440000 0.430000 0.044000 0.028000
11 0.512000 0.868000 0.048000 0.032000
11 0.627000 0.468000 0.042000 0.024000
11 0.855000 0.820000 0.038000 0.032000
11 0.190000 0.628000 0.052000 0.036000
7 0.479400 0.609000 0.066800 0.046000
11 0.047000 0.664000 0.062000 0.032000
11 0.989000 0.379000 0.018000 0.030000
7 0.072600 0.494000 0.077200 0.044000
11 0.701000 0.443000 0.050000 0.030000
11 0.520000 0.642000 0.052000 0.036000
11 0.784000 0.874000 0.032000 0.048000
7 0.038000 0.952000 0.052000 0.036000
11 0.709000 0.505000 0.050000 0.026000
