2 0.760000 0.887000 0.228000 0.222000
2 0.238460 0.175920 0.244920 0.219840
11 0.433000 0.853000 0.030000 0.050000
11 0.455000 0.668000 0.046000 0.032000
2 0.913000 0.663000 0.170000 0.218000
7 0.930000 0.215000 0.056000 0.034000
11 0.402000 0.596000 0.056000 0.036000
11 0.451000 0.696000 0.046000 0.032000
2 0.792000 0.082000 0.412000 0.164000
2 0.259000 0.708000 0.310000 0.580000
2 0.035000 0.503000 0.070000 0.130000
11 0.575000 0.013000 0.022000 0.026000
2 0.966000 0.092000 0.064000 0.132000
2 0.032000 0.943000 0.064000 0.110000
2 0.825850 0.382620 0.347700 0.209240
2 0.506620 0.442150 0.349240 0.172300
7 0.565690 0.302770 0.055380 0.041540
7 0.554460 0.251230 0.056920 0.038460
2 0.024620 0.224620 0.049240 0.229240
2 0.109850 0.222620 0.147700 0.169240
2 0.447850 0.140000 0.247700 0.180000
2 0.040920 0.640920 0.073840 0.153840
