2 0.379000 0.610000 0.194000 0.276000
2 0.076000 0.604000 0.152000 0.200000
11 0.259000 0.039000 0.054000 0.042000
2 0.231000 0.887000 0.218000 0.222000
11 0.654000 0.100000 0.044000 0.044000
11 0.610000 0.354000 0.048000 0.040000
11 0.569000 0.435000 0.046000 0.034000
11 0.682000 0.221000 0.040000 0.038000
11 0.559000 0.165000 0.038000 0.046000
2 0.915000 0.290000 0.166000 0.396000
11 0.786000 0.423000 0.044000 0.038000
11 0.013000 0.867000 0.026000 0.034000
2 0.636000 0.754000 0.216000 0.148000
2 0.864000 0.830000 0.268000 0.272000
2 0.188000 0.249000 0.168000 0.150000
2 0.742000 0.020000 0.348000 0.040000
