2 0.562890 0.728470 0.177780 0.148940
6 0.518310 0.641540 0.064620 0.063080
2 0.434180 0.587110 0.180360 0.198220
11 0.513000 0.596000 0.042000 0.048000
2 0.550230 0.435950 0.128460 0.179900
11 0.599000 0.493000 0.038000 0.042000
11 0.065000 0.940000 0.046000 0.040000
7 0.302460 0.891540 0.036920 0.043080
2 0.480000 0.896000 0.312000 0.208000
7 0.342460 0.845690 0.036920 0.055380
2 0.836080 0.572830 0.232160 0.233660
2 0.936630 0.724580 0.125260 0.197160
2 0.785000 0.903000 0.146000 0.194000
2 0.140060 0.801020 0.280120 0.222040
2 0.273550 0.653530 0.219100 0.219060
2 0.250960 0.381380 0.277920 0.326760
2 0.435130 0.383910 0.118260 0.163820
2 0.725130 0.576940 0.130260 0.125880
2 0.655170 0.633510 0.142340 0.131020
2 0.822420 0.206450 0.152840 0.132900
2 0.650970 0.146140 0.217940 0.200280
2 0.399970 0.082960 0.331940 0.165920
2 0.897000 0.087000 0.206000 0.174000
2 0.973840 0.295990 0.051680 0.127980
