7 0.486000 0.222000 0.044000 0.068000
7 0.883000 0.036000 0.038000 0.068000
7 0.545000 0.086000 0.046000 0.072000
11 0.064000 0.232000 0.028000 0.048000
7 0.515000 0.155000 0.042000 0.066000
11 0.149000 0.032000 0.030000 0.048000
2 0.659000 0.899000 0.678000 0.198000
11 0.580000 0.702000 0.040000 0.028000
11 0.491000 0.684000 0.034000 0.028000
11 0.012000 0.386000 0.024000 0.056000
7 0.441000 0.098000 0.070000 0.048000
11 0.951000 0.024000 0.042000 0.048000
2 0.664000 0.606000 0.668000 0.288000
2 0.280000 0.177000 0.308000 0.354000
7 0.462250 0.053000 0.072500 0.050000
11 0.504000 0.004000 0.044000 0.008000
2 0.163870 0.462620 0.283740 0.321240
7 0.452630 0.299630 0.061260 0.091260
