2 0.693490 0.173000 0.270980 0.338000
2 0.512000 0.476000 0.168000 0.156000
2 0.424000 0.729000 0.160000 0.134000
2 0.241000 0.542000 0.166000 0.148000
2 0.786000 0.906000 0.156000 0.184000
2 0.455000 0.955000 0.098000 0.086000
2 0.911000 0.435000 0.174000 0.182000
2 0.244000 0.217000 0.484000 0.430000
11 0.638000 0.748000 0.048000 0.028000
11 0.081000 0.966000 0.054000 0.036000
11 0.455000 0.550000 0.042000 0.036000
11 0.975000 0.634000 0.046000 0.036000
11 0.498000 0.194000 0.032000 0.044000
11 0.608000 0.245000 0.032000 0.042000
2 0.728510 0.390320 0.089020 0.128640
11 0.775000 0.374000 0.022000 0.048000
11 0.887000 0.662000 0.046000 0.028000
11 0.858000 0.135000 0.024000 0.046000
2 0.952000 0.041000 0.092000 0.082000
11 0.520350 0.213190 0.024700 0.042380
11 0.542780 0.208110 0.025560 0.048220
11 0.562000 0.223000 0.032000 0.046000
3 0.682000 0.837000 0.060000 0.038000
11 0.017000 0.359000 0.034000 0.030000
11 0.881000 0.740000 0.042000 0.028000
2 0.927000 0.253000 0.134000 0.102000
2 0.638000 0.586000 0.184000 0.120000
11 0.538000 0.619000 0.032000 0.026000
3 0.800000 0.728000 0.056000 0.108000
11 0.987000 0.274000 0.022000 0.044000
2 0.971000 0.943000 0.054000 0.110000
11 0.497000 0.601000 0.042000 0.030000
2 0.068000 0.819000 0.108000 0.102000
11 0.617000 0.468000 0.050000 0.036000
2 0.576640 0.938960 0.157280 0.117920
2 0.870550 0.577450 0.161100 0.146900
11 0.241280 0.865570 0.038560 0.023140
11 0.929740 0.651450 0.039480 0.026900
3 0.748520 0.621630 0.049040 0.035260
3 0.598910 0.793110 0.041820 0.070220
11 0.448210 0.579510 0.040420 0.031020
11 0.402160 0.555390 0.044320 0.034780
11 0.029230 0.930950 0.046460 0.021900
