2 0.578000 0.573000 0.332000 0.222000
2 0.671000 0.880000 0.158000 0.236000
11 0.416000 0.346000 0.032000 0.036000
2 0.835000 0.725000 0.098000 0.102000
11 0.449000 0.309000 0.038000 0.046000
11 0.366000 0.480000 0.044000 0.048000
11 0.404000 0.439000 0.036000 0.042000
2 0.314000 0.846000 0.172000 0.304000
11 0.437000 0.400000 0.038000 0.040000
11 0.484000 0.273000 0.040000 0.038000
11 0.320000 0.535000 0.040000 0.046000
11 0.522000 0.316000 0.044000 0.052000
11 0.670000 0.126000 0.028000 0.044000
11 0.721000 0.036000 0.038000 0.048000
11 0.075000 0.413000 0.042000 0.038000
11 0.151000 0.888000 0.030000 0.056000
11 0.061000 0.272000 0.050000 0.036000
2 0.962000 0.796000 0.072000 0.120000
11 0.061000 0.573000 0.026000 0.054000
11 0.010000 0.074000 0.020000 0.044000
2 0.232000 0.412000 0.256000 0.232000
11 0.066000 0.361000 0.048000 0.038000
11 0.093000 0.703000 0.022000 0.046000
11 0.008000 0.452000 0.016000 0.044000
2 0.764450 0.239570 0.392900 0.475140
11 0.006000 0.392000 0.012000 0.048000
11 0.014000 0.025000 0.024000 0.046000
