2 0.567000 0.913000 0.234000 0.170000
2 0.039000 0.871000 0.078000 0.254000
11 0.449000 0.779000 0.030000 0.042000
3 0.632000 0.251000 0.060000 0.098000
11 0.429000 0.821000 0.030000 0.042000
11 0.213000 0.368000 0.050000 0.040000
2 0.463000 0.041000 0.294000 0.082000
11 0.330000 0.157000 0.040000 0.034000
11 0.406000 0.861000 0.032000 0.046000
2 0.811000 0.068000 0.106000 0.120000
2 0.200590 0.762540 0.401180 0.469080
3 0.589000 0.492000 0.090000 0.068000
11 0.340000 0.987000 0.020000 0.022000
2 0.860000 0.959000 0.276000 0.078000
7 0.277000 0.398000 0.066000 0.040000
7 0.057000 0.304000 0.086000 0.048000
7 0.141620 0.344390 0.075240 0.044780
