2 0.145000 0.568000 0.126000 0.120000
2 0.088000 0.957000 0.172000 0.082000
2 0.509000 0.743000 0.602000 0.162000
2 0.840000 0.336000 0.152000 0.532000
11 0.355000 0.307000 0.046000 0.034000
11 0.240000 0.879000 0.032000 0.038000
11 0.531000 0.501000 0.038000 0.050000
11 0.205000 0.841000 0.038000 0.046000
11 0.330000 0.967000 0.040000 0.046000
11 0.941000 0.638000 0.034000 0.044000
11 0.436000 0.332000 0.024000 0.052000
7 0.582000 0.544000 0.064000 0.060000
11 0.070000 0.693000 0.032000 0.038000
2 0.082000 0.232000 0.108000 0.176000
11 0.508000 0.422000 0.036000 0.040000
11 0.474000 0.378000 0.044000 0.040000
11 0.541000 0.455000 0.038000 0.042000
11 0.153000 0.859000 0.038000 0.046000
11 0.966000 0.487000 0.028000 0.050000
7 0.962000 0.031000 0.028000 0.054000
2 0.029000 0.422000 0.058000 0.120000
11 0.850000 0.982000 0.028000 0.032000
11 0.978000 0.960000 0.032000 0.040000
11 0.910000 0.897000 0.028000 0.030000
11 0.872000 0.957000 0.024000 0.026000
11 0.992000 0.654000 0.012000 0.040000
11 0.444000 0.992000 0.028000 0.012000
11 0.992000 0.923000 0.012000 0.042000
11 0.994000 0.452000 0.008000 0.040000
8 0.612990 0.929990 0.189980 0.127980
4 0.621880 0.154120 0.171760 0.308240
