3 0.488000 0.490000 0.116000 0.204000
2 0.922000 0.188000 0.152000 0.372000
11 0.893000 0.791000 0.046000 0.038000
11 0.701000 0.849000 0.050000 0.042000
11 0.425000 0.205000 0.046000 0.038000
3 0.400000 0.677000 0.060000 0.098000
11 0.751000 0.877000 0.050000 0.042000
11 0.807000 0.906000 0.050000 0.036000
11 0.235000 0.052000 0.038000 0.052000
11 0.520000 0.318000 0.048000 0.036000
11 0.921000 0.893000 0.046000 0.038000
11 0.950000 0.819000 0.052000 0.046000
2 0.194000 0.853000 0.388000 0.290000
11 0.701000 0.784000 0.042000 0.032000
11 0.499000 0.209000 0.026000 0.058000
11 0.978000 0.710000 0.040000 0.040000
11 0.396000 0.259000 0.040000 0.030000
2 0.549000 0.945000 0.286000 0.110000
11 0.941000 0.772000 0.050000 0.036000
7 0.926000 0.727000 0.056000 0.046000
11 0.856000 0.737000 0.056000 0.042000
11 0.745000 0.811000 0.046000 0.034000
2 0.738850 0.129000 0.269700 0.258000
2 0.506150 0.069230 0.412300 0.138460
