11 0.556500 0.632000 0.049000 0.040000
2 0.434000 0.477000 0.188000 0.150000
2 0.702000 0.539000 0.284000 0.166000
11 0.212000 0.653000 0.040000 0.026000
11 0.759000 0.678000 0.050000 0.032000
2 0.521500 0.836500 0.199000 0.117000
11 0.471500 0.711500 0.043000 0.035000
11 0.113000 0.630000 0.042000 0.028000
11 0.512000 0.617000 0.048000 0.034000
11 0.067000 0.621000 0.046000 0.038000
11 0.605000 0.640000 0.054000 0.032000
11 0.266000 0.556000 0.032000 0.024000
2 0.079000 0.120500 0.154000 0.129000
2 0.745000 0.958000 0.106000 0.084000
2 0.791000 0.874500 0.126000 0.113000
2 0.122500 0.868000 0.245000 0.264000
2 0.818000 0.104000 0.244000 0.200000
3 0.872500 0.759000 0.049000 0.150000
2 0.507500 0.357500 0.131000 0.095000
2 0.254500 0.294000 0.145000 0.100000
2 0.215500 0.393000 0.151000 0.122000
2 0.764500 0.397500 0.125000 0.091000
2 0.690000 0.260000 0.272000 0.156000
