2 0.286000 0.498000 0.184000 0.152000
2 0.270000 0.070000 0.148000 0.140000
2 0.753000 0.166000 0.102000 0.116000
2 0.475000 0.860000 0.278000 0.276000
2 0.855000 0.927000 0.286000 0.142000
2 0.090000 0.056000 0.180000 0.112000
2 0.115000 0.227000 0.206000 0.270000
2 0.883000 0.668000 0.230000 0.272000
2 0.650000 0.048000 0.172000 0.096000
11 0.860000 0.314000 0.036000 0.052000
11 0.160000 0.622000 0.036000 0.052000
7 0.802000 0.321000 0.032000 0.058000
7 0.923000 0.100000 0.034000 0.060000
11 0.666000 0.807000 0.028000 0.042000
11 0.717000 0.807000 0.026000 0.034000
11 0.872000 0.256000 0.024000 0.032000
11 0.758000 0.665000 0.028000 0.046000
11 0.850000 0.146000 0.028000 0.048000
2 0.413000 0.146000 0.166000 0.180000
11 0.708000 0.645000 0.028000 0.050000
11 0.624000 0.929000 0.028000 0.046000
11 0.839000 0.188000 0.022000 0.044000
11 0.666000 0.885000 0.028000 0.050000
11 0.675000 0.759000 0.026000 0.046000
11 0.890000 0.204000 0.032000 0.052000
2 0.616000 0.520000 0.256000 0.228000
2 0.140000 0.938000 0.176000 0.120000
2 0.425000 0.028000 0.194000 0.056000
7 0.689000 0.708000 0.030000 0.056000
11 0.906000 0.151000 0.028000 0.046000
11 0.732000 0.751000 0.024000 0.042000
2 0.389000 0.635000 0.206000 0.170000
11 0.825000 0.236000 0.022000 0.044000
11 0.140000 0.526000 0.036000 0.064000
11 0.672000 0.969000 0.032000 0.050000
11 0.790000 0.371000 0.028000 0.042000
11 0.603000 0.992000 0.034000 0.012000
2 0.649710 0.372840 0.231420 0.185680
2 0.288590 0.221070 0.149180 0.174140
