2 0.496320 0.193640 0.412640 0.387280
11 0.501000 0.277000 0.042000 0.042000
2 0.684000 0.614000 0.240000 0.204000
11 0.435000 0.854000 0.046000 0.060000
7 0.680000 0.140000 0.056000 0.064000
3 0.288000 0.709000 0.084000 0.078000
11 0.733000 0.421000 0.042000 0.042000
11 0.073000 0.835000 0.038000 0.050000
11 0.684000 0.045000 0.036000 0.038000
11 0.091000 0.352000 0.042000 0.052000
11 0.359000 0.871000 0.034000 0.042000
11 0.772000 0.457000 0.036000 0.038000
11 0.332000 0.823000 0.044000 0.038000
11 0.696000 0.527000 0.040000 0.038000
3 0.176000 0.535000 0.096000 0.086000
11 0.009000 0.805000 0.018000 0.046000
2 0.761000 0.299800 0.478000 0.599600
11 0.131000 0.406000 0.038000 0.036000
11 0.844000 0.941000 0.040000 0.022000
2 0.686000 0.984000 0.200000 0.028000
11 0.430000 0.982000 0.028000 0.032000
6 0.141000 0.943000 0.090000 0.110000
2 0.344000 0.017000 0.288000 0.034000
2 0.784000 0.842560 0.432000 0.217120
2 0.093660 0.126010 0.171320 0.252020
2 0.453220 0.685720 0.234440 0.295440
2 0.258120 0.431000 0.244240 0.186000
2 0.160580 0.278980 0.185160 0.137960
11 0.794290 0.475140 0.028580 0.034280
11 0.756000 0.438140 0.040000 0.044280
