2 0.846000 0.860000 0.112000 0.120000
2 0.151000 0.679000 0.302000 0.194000
2 0.793000 0.448000 0.410000 0.212000
11 0.557000 0.501000 0.034000 0.050000
11 0.449000 0.399000 0.030000 0.046000
2 0.093000 0.316000 0.186000 0.176000
11 0.372000 0.125000 0.044000 0.034000
11 0.146000 0.555000 0.056000 0.038000
11 0.331000 0.445000 0.034000 0.054000
11 0.937000 0.982000 0.042000 0.032000
11 0.445620 0.545760 0.027240 0.047520
11 0.468710 0.542550 0.029420 0.049100
11 0.486000 0.529000 0.036000 0.050000
11 0.385880 0.438690 0.031760 0.053380
11 0.404000 0.420000 0.032000 0.052000
11 0.416000 0.114000 0.036000 0.028000
2 0.557000 0.968000 0.126000 0.060000
2 0.389000 0.816000 0.126000 0.088000
11 0.189150 0.262860 0.034300 0.053720
11 0.235000 0.243000 0.034000 0.050000
11 0.705000 0.355000 0.042000 0.030000
11 0.351000 0.195000 0.038000 0.058000
2 0.700000 0.124000 0.596000 0.240000
11 0.202260 0.539090 0.052520 0.034180
11 0.332880 0.585370 0.029760 0.050740
11 0.351000 0.575000 0.034000 0.050000
11 0.259730 0.235810 0.023460 0.047620
11 0.283000 0.225000 0.034000 0.050000
11 0.812000 0.989000 0.052000 0.018000
11 0.377340 0.575010 0.026680 0.050020
11 0.421000 0.550000 0.030000 0.048000
11 0.962000 0.901000 0.036000 0.046000
7 0.282000 0.464000 0.040000 0.056000
11 0.613000 0.390000 0.042000 0.028000
11 0.308000 0.592000 0.032000 0.048000
2 0.358000 0.978000 0.084000 0.040000
11 0.721000 0.018000 0.046000 0.032000
2 0.919330 0.806000 0.086660 0.140000
2 0.966000 0.792670 0.068000 0.117340
11 0.358800 0.442240 0.029600 0.052480
11 0.307450 0.220270 0.026900 0.048540
11 0.510830 0.083610 0.057660 0.039220
11 0.664870 0.036370 0.045740 0.028740
11 0.046610 0.589520 0.041220 0.027040
