11 0.837000 0.746000 0.054000 0.032000
11 0.466000 0.526000 0.044000 0.028000
11 0.485000 0.427000 0.046000 0.030000
11 0.203000 0.675000 0.050000 0.026000
11 0.815000 0.465000 0.042000 0.030000
11 0.457000 0.465000 0.058000 0.034000
11 0.651000 0.462000 0.046000 0.028000
11 0.975000 0.455000 0.046000 0.034000
11 0.978000 0.500000 0.040000 0.028000
2 0.013000 0.086000 0.026000 0.168000
11 0.929000 0.710000 0.046000 0.032000
11 0.193000 0.774000 0.018000 0.032000
11 0.459000 0.800000 0.030000 0.020000
2 0.705000 0.010000 0.134000 0.020000
2 0.361000 0.017000 0.222000 0.034000
