2 0.617000 0.948000 0.118000 0.100000
2 0.364000 0.108000 0.148000 0.216000
2 0.618000 0.656000 0.244000 0.204000
11 0.409000 0.895000 0.050000 0.034000
11 0.344000 0.848000 0.040000 0.032000
2 0.153000 0.793000 0.082000 0.126000
2 0.223000 0.146000 0.098000 0.112000
11 0.471000 0.874000 0.046000 0.036000
11 0.189000 0.886000 0.038000 0.032000
2 0.037000 0.075000 0.074000 0.150000
3 0.881000 0.816000 0.106000 0.068000
11 0.143000 0.900000 0.042000 0.032000
11 0.555000 0.860000 0.046000 0.036000
11 0.645000 0.529000 0.050000 0.042000
11 0.727000 0.564000 0.046000 0.036000
2 0.244000 0.248000 0.084000 0.108000
3 0.795000 0.696000 0.082000 0.060000
2 0.902000 0.559000 0.176000 0.186000
11 0.295000 0.862000 0.046000 0.032000
11 0.545000 0.494000 0.046000 0.036000
11 0.289000 0.924000 0.046000 0.028000
11 0.501000 0.477000 0.042000 0.030000
11 0.427000 0.449000 0.046000 0.034000
11 0.014000 0.934000 0.028000 0.036000
2 0.540000 0.075000 0.188000 0.150000
2 0.738000 0.909000 0.180000 0.126000
2 0.223000 0.394000 0.178000 0.164000
7 0.096000 0.913000 0.052000 0.042000
2 0.703000 0.341000 0.326000 0.382000
2 0.433000 0.322000 0.186000 0.240000
2 0.985000 0.957000 0.026000 0.082000
2 0.065000 0.830000 0.130000 0.208000
11 0.884000 0.987000 0.028000 0.022000
11 0.220000 0.978000 0.040000 0.024000
2 0.366000 0.978000 0.132000 0.040000
11 0.612000 0.844000 0.040000 0.024000
2 0.275000 0.541000 0.218000 0.158000
