2 0.588000 0.393000 0.380000 0.306000
2 0.716000 0.874000 0.380000 0.248000
3 0.353000 0.879000 0.070000 0.054000
11 0.675000 0.589000 0.026000 0.050000
11 0.747000 0.597000 0.022000 0.046000
11 0.369000 0.617000 0.022000 0.042000
11 0.361000 0.712000 0.026000 0.048000
11 0.345000 0.807000 0.030000 0.050000
11 0.364000 0.661000 0.020000 0.038000
11 0.419000 0.186000 0.026000 0.044000
11 0.354000 0.763000 0.020000 0.038000
11 0.541000 0.573000 0.018000 0.038000
2 0.336000 0.217000 0.080000 0.162000
2 0.968000 0.121000 0.060000 0.238000
5 0.174440 0.638250 0.348880 0.712500
5 0.154210 0.134830 0.308420 0.269660
