2 0.390000 0.245000 0.220000 0.354000
3 0.596000 0.779000 0.064000 0.134000
11 0.799000 0.751000 0.046000 0.042000
11 0.879000 0.719000 0.038000 0.042000
11 0.139000 0.867000 0.050000 0.034000
11 0.872000 0.890000 0.032000 0.052000
11 0.806000 0.233000 0.024000 0.046000
2 0.043000 0.186000 0.086000 0.340000
11 0.629000 0.891000 0.046000 0.042000
7 0.737000 0.805000 0.070000 0.038000
11 0.839000 0.695000 0.042000 0.042000
11 0.516000 0.921000 0.048000 0.038000
11 0.965000 0.645000 0.042000 0.042000
11 0.024000 0.689000 0.048000 0.038000
11 0.068000 0.858000 0.044000 0.032000
7 0.662000 0.774000 0.084000 0.040000
7 0.950000 0.751000 0.060000 0.050000
11 0.575000 0.901000 0.050000 0.038000
11 0.161000 0.714000 0.050000 0.032000
11 0.492000 0.860000 0.052000 0.036000
11 0.285000 0.892000 0.050000 0.036000
11 0.212000 0.822000 0.040000 0.028000
7 0.867000 0.645000 0.050000 0.050000
11 0.031000 0.796000 0.046000 0.028000
11 0.497000 0.758000 0.050000 0.028000
7 0.430000 0.879000 0.056000 0.038000
7 0.770000 0.209000 0.032000 0.074000
2 0.943000 0.945000 0.110000 0.106000
11 0.424000 0.908000 0.044000 0.032000
3 0.568000 0.962000 0.064000 0.072000
7 0.313000 0.859000 0.062000 0.046000
11 0.914390 0.736370 0.032780 0.040740
