2 0.672000 0.943000 0.124000 0.110000
2 0.751000 0.563000 0.282000 0.494000
11 0.495000 0.939000 0.034000 0.046000
11 0.842000 0.692000 0.036000 0.060000
11 0.433000 0.911000 0.030000 0.054000
11 0.774000 0.862000 0.032000 0.052000
11 0.536000 0.955000 0.028000 0.042000
2 0.918000 0.917000 0.160000 0.162000
3 0.897000 0.725000 0.046000 0.074000
11 0.273000 0.849000 0.026000 0.034000
11 0.790000 0.816000 0.028000 0.040000
7 0.333500 0.053000 0.035000 0.050000
11 0.359000 0.058000 0.030000 0.048000
7 0.198000 0.920000 0.048000 0.048000
2 0.222000 0.399000 0.444000 0.794000
2 0.955000 0.703000 0.086000 0.094000
2 0.957000 0.603000 0.082000 0.126000
11 0.991000 0.396000 0.014000 0.044000
3 0.823000 0.777000 0.066000 0.046000
11 0.930000 0.563000 0.028000 0.046000
11 0.250000 0.023000 0.036000 0.046000
2 0.080000 0.962000 0.156000 0.072000
11 0.009000 0.976000 0.018000 0.036000
11 0.772000 0.992000 0.028000 0.012000
7 0.319100 0.601040 0.062200 0.066080
2 0.786960 0.074510 0.425920 0.149020
7 0.699210 0.075440 0.054420 0.038880
7 0.276880 0.034620 0.033760 0.061240
