2 0.191000 0.858000 0.198000 0.188000
2 0.823000 0.194000 0.130000 0.120000
2 0.742000 0.810000 0.116000 0.120000
2 0.767000 0.657000 0.130000 0.138000
11 0.912000 0.753000 0.028000 0.046000
11 0.966000 0.260000 0.028000 0.044000
2 0.679000 0.957000 0.102000 0.082000
2 0.955000 0.943000 0.086000 0.102000
11 0.976000 0.096000 0.028000 0.052000
11 0.960000 0.394000 0.032000 0.048000
11 0.953000 0.443000 0.026000 0.050000
2 0.809000 0.309000 0.130000 0.106000
2 0.832000 0.539000 0.092000 0.094000
2 0.193000 0.064000 0.330000 0.128000
11 0.976000 0.044000 0.028000 0.052000
2 0.279000 0.345000 0.122000 0.118000
2 0.943000 0.984000 0.094000 0.028000
2 0.753000 0.434000 0.158000 0.156000
2 0.020000 0.174000 0.040000 0.140000
2 0.037000 0.401640 0.074000 0.095280
2 0.021000 0.313000 0.042000 0.094000
2 0.968000 0.874000 0.064000 0.056000
2 0.975000 0.821000 0.046000 0.070000
2 0.821000 0.068000 0.154000 0.136000
2 0.980000 0.763000 0.040000 0.062000
