2 0.364000 0.747000 0.156000 0.098000
2 0.192000 0.606000 0.156000 0.148000
2 0.207000 0.768000 0.178000 0.112000
2 0.918000 0.158000 0.160000 0.316000
7 0.939000 0.332000 0.054000 0.036000
3 0.253000 0.345000 0.102000 0.062000
3 0.060000 0.580000 0.064000 0.040000
11 0.471000 0.420000 0.046000 0.028000
11 0.384000 0.437000 0.044000 0.030000
2 0.516000 0.550000 0.524000 0.204000
2 0.904000 0.841000 0.188000 0.314000
2 0.425000 0.137000 0.750000 0.270000
2 0.246000 0.924000 0.176000 0.148000
3 0.028000 0.293000 0.056000 0.046000
11 0.140000 0.982000 0.024000 0.032000
