2 0.300000 0.749000 0.316000 0.354000
2 0.613000 0.892000 0.218000 0.212000
2 0.890000 0.880000 0.200000 0.236000
2 0.948000 0.519000 0.100000 0.110000
2 0.598000 0.037000 0.124000 0.074000
2 0.931000 0.262000 0.134000 0.136000
3 0.700000 0.491000 0.096000 0.062000
11 0.927000 0.684000 0.050000 0.036000
11 0.578000 0.120000 0.048000 0.032000
11 0.732000 0.449000 0.024000 0.050000
11 0.133000 0.492000 0.050000 0.032000
11 0.849000 0.647000 0.050000 0.038000
11 0.086000 0.284000 0.036000 0.032000
11 0.230000 0.052000 0.044000 0.024000
11 0.238000 0.526000 0.044000 0.028000
11 0.144000 0.031000 0.044000 0.034000
11 0.321000 0.580000 0.042000 0.024000
2 0.966000 0.052000 0.064000 0.104000
11 0.082000 0.766000 0.044000 0.024000
11 0.072000 0.818000 0.048000 0.028000
2 0.858000 0.037000 0.116000 0.074000
2 0.728000 0.028000 0.116000 0.056000
11 0.663000 0.135000 0.042000 0.026000
11 0.098000 0.722000 0.048000 0.028000
3 0.729000 0.555000 0.050000 0.066000
11 0.153000 0.447000 0.034000 0.030000
3 0.610000 0.500000 0.048000 0.056000
11 0.742000 0.400000 0.032000 0.048000
11 0.379000 0.080000 0.046000 0.024000
2 0.244000 0.968000 0.488000 0.060000
11 0.424000 0.089000 0.048000 0.030000
