11 0.286000 0.717000 0.060000 0.038000
11 0.463000 0.263000 0.030000 0.054000
11 0.654000 0.836000 0.052000 0.028000
3 0.241000 0.691000 0.062000 0.078000
7 0.680000 0.779000 0.060000 0.046000
11 0.505000 0.136000 0.026000 0.044000
11 0.489000 0.189000 0.030000 0.054000
11 0.643000 0.860000 0.046000 0.020000
2 0.217000 0.328000 0.430000 0.656000
11 0.445000 0.318000 0.030000 0.044000
2 0.873000 0.581000 0.250000 0.834000
11 0.548000 0.004000 0.040000 0.008000
2 0.081000 0.822000 0.162000 0.352000
