6 0.407000 0.705000 0.186000 0.106000
7 0.135000 0.198000 0.070000 0.052000
11 0.223000 0.245000 0.054000 0.042000
7 0.722000 0.969000 0.064000 0.050000
2 0.952000 0.369000 0.096000 0.294000
11 0.927000 0.263000 0.034000 0.046000
11 0.893000 0.554000 0.046000 0.036000
6 0.725680 0.466060 0.087360 0.060120
11 0.532000 0.875000 0.056000 0.046000
2 0.663000 0.220000 0.170000 0.248000
11 0.675000 0.859000 0.054000 0.046000
2 0.839000 0.370000 0.170000 0.160000
11 0.677000 0.797000 0.062000 0.050000
11 0.190000 0.767000 0.052000 0.046000
11 0.288000 0.276000 0.056000 0.044000
11 0.579000 0.901000 0.042000 0.038000
11 0.183000 0.703000 0.050000 0.038000
11 0.437000 0.829000 0.050000 0.042000
11 0.235000 0.729000 0.054000 0.042000
11 0.132000 0.021000 0.036000 0.038000
11 0.987000 0.657000 0.022000 0.038000
11 0.290000 0.754000 0.044000 0.036000
3 0.073000 0.061000 0.110000 0.070000
2 0.459000 0.166000 0.286000 0.276000
7 0.124000 0.673000 0.064000 0.050000
7 0.337000 0.779000 0.062000 0.042000
2 0.869000 0.097000 0.258000 0.194000
11 0.385000 0.802000 0.046000 0.040000
2 0.050000 0.017000 0.100000 0.034000
2 0.088820 0.862350 0.177640 0.144700
2 0.272940 0.927760 0.305880 0.143520
