2 0.580000 0.813000 0.136000 0.138000
3 0.329000 0.137000 0.058000 0.102000
11 0.428000 0.888000 0.020000 0.044000
11 0.108000 0.248000 0.044000 0.036000
11 0.171000 0.226000 0.046000 0.036000
7 0.423000 0.608000 0.022000 0.052000
11 0.065000 0.307000 0.054000 0.042000
11 0.392000 0.731000 0.024000 0.046000
2 0.783000 0.911000 0.162000 0.166000
3 0.412000 0.280000 0.112000 0.060000
11 0.227000 0.201000 0.038000 0.030000
3 0.412000 0.018000 0.124000 0.036000
2 0.848000 0.203000 0.300000 0.302000
11 0.148000 0.270000 0.044000 0.032000
11 0.010000 0.339000 0.020000 0.042000
