2 0.451000 0.451000 0.114000 0.126000
2 0.590000 0.559000 0.116000 0.110000
2 0.333000 0.141000 0.350000 0.250000
2 0.087000 0.359000 0.106000 0.086000
2 0.723000 0.236000 0.310000 0.324000
2 0.069000 0.272000 0.106000 0.088000
11 0.715000 0.863000 0.042000 0.042000
11 0.626000 0.796000 0.040000 0.036000
7 0.471000 0.692000 0.066000 0.060000
11 0.562000 0.226000 0.032000 0.036000
11 0.429000 0.265000 0.046000 0.042000
7 0.436000 0.322000 0.048000 0.044000
11 0.109000 0.450000 0.038000 0.032000
11 0.353000 0.396000 0.038000 0.044000
2 0.902000 0.453000 0.156000 0.150000
11 0.386000 0.294000 0.036000 0.040000
11 0.147000 0.471000 0.038000 0.038000
11 0.238000 0.513000 0.044000 0.038000
11 0.670000 0.830000 0.036000 0.032000
11 0.654000 0.084000 0.032000 0.032000
11 0.192000 0.494000 0.044000 0.036000
11 0.343000 0.566000 0.034000 0.052000
11 0.768000 0.058000 0.036000 0.032000
11 0.501000 0.655000 0.042000 0.042000
11 0.424000 0.651000 0.044000 0.038000
3 0.295000 0.505000 0.098000 0.054000
11 0.332000 0.441000 0.028000 0.042000
3 0.975000 0.966000 0.046000 0.064000
2 0.973000 0.650000 0.050000 0.116000
2 0.041000 0.061000 0.082000 0.086000
2 0.037000 0.174000 0.074000 0.124000
11 0.255000 0.463000 0.038000 0.034000
3 0.895000 0.978000 0.070000 0.040000
7 0.548000 0.622000 0.032000 0.052000
2 0.679000 0.673000 0.130000 0.126000
2 0.557000 0.014000 0.098000 0.028000
11 0.813000 0.027000 0.046000 0.038000
11 0.853000 0.006000 0.050000 0.012000
2 0.948000 0.027000 0.092000 0.054000
