2 0.897000 0.156000 0.194000 0.164000
3 0.552000 0.468000 0.068000 0.072000
11 0.951000 0.865000 0.042000 0.038000
3 0.693000 0.837000 0.138000 0.046000
11 0.403000 0.424000 0.050000 0.040000
2 0.172000 0.210000 0.248000 0.272000
2 0.924000 0.948000 0.148000 0.100000
7 0.629000 0.776000 0.046000 0.064000
3 0.476000 0.515000 0.056000 0.106000
11 0.795000 0.767000 0.046000 0.046000
3 0.858000 0.747000 0.068000 0.078000
11 0.675000 0.886000 0.038000 0.052000
2 0.633000 0.103000 0.194000 0.206000
11 0.934000 0.795000 0.048000 0.046000
2 0.575000 0.915000 0.274000 0.166000
11 0.785000 0.679000 0.046000 0.038000
11 0.601000 0.559000 0.046000 0.038000
11 0.394000 0.504000 0.044000 0.044000
2 0.495000 0.311000 0.306000 0.262000
11 0.671000 0.631000 0.046000 0.042000
11 0.829000 0.702000 0.042000 0.036000
11 0.590000 0.699000 0.032000 0.046000
2 0.245000 0.686000 0.490000 0.624000
2 0.336000 0.028000 0.192000 0.056000
11 0.600000 0.413000 0.028000 0.038000
11 0.436000 0.522000 0.044000 0.036000
11 0.743000 0.647000 0.042000 0.038000
11 0.978000 0.802000 0.040000 0.040000
11 0.649000 0.587000 0.050000 0.038000
11 0.788000 0.984000 0.032000 0.028000
2 0.968000 0.346000 0.060000 0.172000
11 0.394000 0.895000 0.040000 0.042000
2 0.816000 0.533000 0.364000 0.434000
3 0.530000 0.640000 0.076000 0.096000
