2 0.825000 0.695000 0.114000 0.106000
2 0.076000 0.443000 0.152000 0.178000
2 0.205000 0.478000 0.110000 0.124000
2 0.835000 0.837000 0.098000 0.102000
2 0.057000 0.289000 0.114000 0.118000
2 0.616000 0.888000 0.116000 0.112000
2 0.600000 0.689000 0.120000 0.122000
2 0.380000 0.573000 0.104000 0.094000
2 0.474000 0.246000 0.124000 0.108000
2 0.543000 0.158000 0.142000 0.100000
2 0.336000 0.875000 0.100000 0.102000
2 0.596000 0.548000 0.140000 0.124000
2 0.182000 0.641000 0.112000 0.134000
2 0.622000 0.327000 0.116000 0.082000
2 0.839000 0.583000 0.098000 0.074000
2 0.929000 0.251000 0.102000 0.098000
2 0.641000 0.231000 0.106000 0.074000
2 0.834000 0.938000 0.124000 0.084000
2 0.948000 0.694000 0.100000 0.092000
2 0.354000 0.768000 0.136000 0.064000
2 0.879000 0.468000 0.158000 0.072000
2 0.246000 0.056000 0.108000 0.072000
2 0.874000 0.102000 0.148000 0.100000
2 0.876000 0.332000 0.136000 0.072000
2 0.631000 0.800000 0.098000 0.064000
11 0.772000 0.224000 0.028000 0.044000
2 0.352000 0.661000 0.064000 0.046000
2 0.285000 0.142000 0.090000 0.120000
2 0.141000 0.073000 0.090000 0.110000
11 0.740000 0.691000 0.020000 0.042000
11 0.722000 0.973000 0.028000 0.050000
2 0.976000 0.140000 0.044000 0.152000
3 0.758000 0.064000 0.064000 0.044000
2 0.607000 0.459000 0.126000 0.062000
2 0.937000 0.989000 0.078000 0.018000
2 0.097000 0.663000 0.066000 0.170000
7 0.526000 0.008000 0.096000 0.016000
11 0.774000 0.171000 0.024000 0.042000
11 0.597000 0.004000 0.038000 0.008000
2 0.879000 0.403000 0.138000 0.070000
2 0.827000 0.991000 0.138000 0.014000
2 0.181000 0.832000 0.066000 0.112000
2 0.008000 0.961000 0.016000 0.074000
2 0.603540 0.400620 0.123080 0.069240
2 0.565000 0.961000 0.122000 0.078000
