2 0.082000 0.795000 0.164000 0.342000
2 0.331000 0.948000 0.114000 0.100000
2 0.410000 0.367000 0.112000 0.110000
2 0.175000 0.500000 0.114000 0.136000
2 0.927000 0.088000 0.134000 0.148000
2 0.466000 0.950000 0.156000 0.096000
2 0.269000 0.104000 0.090000 0.096000
11 0.302000 0.308000 0.028000 0.044000
2 0.601000 0.703000 0.138000 0.166000
11 0.730000 0.959000 0.056000 0.050000
2 0.426000 0.268000 0.108000 0.088000
3 0.209000 0.702000 0.090000 0.056000
3 0.149000 0.592000 0.074000 0.084000
2 0.629000 0.098000 0.130000 0.164000
2 0.376140 0.606860 0.184280 0.205720
3 0.304000 0.681000 0.048000 0.070000
11 0.440000 0.783000 0.044000 0.042000
2 0.952000 0.618000 0.092000 0.144000
11 0.364000 0.031000 0.020000 0.038000
2 0.546000 0.427000 0.092000 0.130000
2 0.865000 0.836000 0.186000 0.148000
2 0.213000 0.325000 0.110000 0.134000
2 0.252000 0.186000 0.088000 0.088000
2 0.978000 0.925000 0.040000 0.110000
11 0.020000 0.550000 0.040000 0.036000
2 0.552000 0.188000 0.096000 0.116000
3 0.238000 0.564000 0.072000 0.056000
2 0.088000 0.325000 0.124000 0.098000
2 0.471000 0.123000 0.194000 0.246000
2 0.290000 0.032000 0.080000 0.064000
2 0.752000 0.050000 0.116000 0.100000
2 0.385860 0.462710 0.115720 0.101420
2 0.745860 0.215570 0.115720 0.127140
2 0.702290 0.333860 0.108580 0.115720
2 0.668430 0.449860 0.112860 0.115720
2 0.167710 0.077140 0.151420 0.154280
