2 0.218650 0.649300 0.437300 0.262600
2 0.133000 0.080000 0.138000 0.124000
11 0.859000 0.102000 0.046000 0.032000
11 0.601000 0.643000 0.030000 0.046000
7 0.710000 0.301000 0.040000 0.058000
7 0.656770 0.513930 0.041540 0.063860
11 0.680000 0.455000 0.028000 0.042000
11 0.661000 0.585000 0.026000 0.042000
11 0.735000 0.238000 0.030000 0.044000
2 0.754080 0.763620 0.184160 0.283240
2 0.112930 0.333360 0.197860 0.142720
11 0.721000 0.343000 0.038000 0.054000
11 0.499000 0.006000 0.046000 0.012000
11 0.777000 0.025000 0.046000 0.034000
7 0.029000 0.927000 0.054000 0.034000
3 0.944000 0.121000 0.084000 0.130000
7 0.548450 0.774320 0.040900 0.064640
7 0.577000 0.712000 0.034000 0.048000
2 0.539270 0.133110 0.198540 0.198220
2 0.984000 0.375000 0.028000 0.126000
2 0.826250 0.564370 0.128500 0.160740
2 0.699000 0.942000 0.170000 0.116000
2 0.927000 0.287000 0.146000 0.154000
2 0.870570 0.435010 0.137140 0.154020
2 0.268930 0.040860 0.137860 0.081720
2 0.484990 0.269940 0.189980 0.127880
2 0.358410 0.401670 0.304820 0.179340
2 0.389480 0.060900 0.106960 0.109800
2 0.098700 0.810650 0.181400 0.193300
