2 0.208000 0.519000 0.216000 0.238000
2 0.353000 0.099000 0.158000 0.118000
2 0.323000 0.323000 0.122000 0.130000
2 0.112000 0.693000 0.148000 0.138000
3 0.555000 0.086000 0.074000 0.052000
11 0.075000 0.308000 0.034000 0.048000
2 0.061000 0.028000 0.122000 0.056000
11 0.122000 0.332000 0.028000 0.044000
11 0.671000 0.046000 0.046000 0.036000
11 0.719000 0.068000 0.042000 0.036000
11 0.925000 0.204000 0.054000 0.040000
11 0.927000 0.150000 0.050000 0.040000
11 0.819000 0.104000 0.046000 0.036000
11 0.380000 0.464000 0.024000 0.044000
11 0.767000 0.087000 0.046000 0.034000
11 0.974000 0.167000 0.040000 0.034000
11 0.238000 0.807000 0.028000 0.042000
11 0.331000 0.580000 0.030000 0.040000
3 0.519000 0.023000 0.054000 0.046000
2 0.777000 0.032000 0.242000 0.064000
2 0.013000 0.687000 0.026000 0.106000
11 0.029000 0.284000 0.042000 0.052000
