2 0.500000 0.816000 0.572000 0.364000
7 0.703000 0.534000 0.046000 0.068000
3 0.702000 0.612000 0.092000 0.060000
11 0.763000 0.844000 0.038000 0.052000
11 0.740000 0.777000 0.036000 0.054000
11 0.557000 0.297000 0.042000 0.058000
11 0.494000 0.148000 0.028000 0.044000
2 0.372000 0.278000 0.484000 0.552000
11 0.619000 0.568000 0.046000 0.036000
3 0.656000 0.480000 0.084000 0.056000
7 0.070000 0.606000 0.060000 0.028000
2 0.924000 0.052000 0.148000 0.104000
11 0.472000 0.092000 0.040000 0.068000
2 0.804000 0.220000 0.388000 0.340000
11 0.431000 0.007000 0.034000 0.014000
2 0.112000 0.832000 0.224000 0.332000
2 0.860000 0.520290 0.280000 0.280580
2 0.896000 0.749000 0.208000 0.270000
