2 0.533000 0.863000 0.162000 0.154000
2 0.239000 0.501000 0.218000 0.230000
2 0.817000 0.068000 0.226000 0.136000
2 0.059000 0.349000 0.118000 0.226000
11 0.942000 0.157000 0.024000 0.042000
11 0.862000 0.906000 0.024000 0.036000
11 0.912000 0.307000 0.028000 0.046000
11 0.151000 0.091000 0.042000 0.034000
11 0.063000 0.014000 0.046000 0.028000
2 0.107000 0.677000 0.178000 0.182000
11 0.838000 0.800000 0.028000 0.048000
2 0.687000 0.945000 0.126000 0.106000
11 0.096000 0.199000 0.052000 0.038000
3 0.446000 0.975000 0.068000 0.046000
2 0.948000 0.987000 0.100000 0.022000
2 0.762000 0.350000 0.176000 0.132000
2 0.389000 0.860000 0.126000 0.120000
11 0.062000 0.257000 0.040000 0.034000
11 0.008000 0.031000 0.016000 0.034000
11 0.013000 0.120000 0.026000 0.040000
2 0.811000 0.550000 0.170000 0.240000
2 0.016000 0.851000 0.032000 0.222000
2 0.474000 0.269000 0.172000 0.146000
2 0.702000 0.763000 0.316000 0.278000
11 0.840000 0.987000 0.024000 0.022000
2 0.221000 0.943000 0.442000 0.110000
2 0.441840 0.610870 0.347680 0.289740
