2 0.865000 0.164000 0.214000 0.208000
11 0.298000 0.291000 0.052000 0.046000
11 0.280000 0.726000 0.048000 0.036000
11 0.393000 0.254000 0.038000 0.036000
11 0.291000 0.213000 0.042000 0.034000
2 0.368000 0.786000 0.736000 0.400000
11 0.051000 0.307000 0.046000 0.034000
11 0.213000 0.243000 0.050000 0.030000
2 0.866000 0.620000 0.264000 0.748000
2 0.737000 0.035000 0.218000 0.070000
3 0.937000 0.061000 0.078000 0.050000
2 0.530000 0.065000 0.252000 0.130000
2 0.291000 0.439000 0.582000 0.362000
7 0.547000 0.912000 0.042000 0.056000
2 0.097000 0.100000 0.194000 0.200000
11 0.184000 0.337000 0.052000 0.042000
11 0.025000 0.846000 0.042000 0.036000
