2 0.216000 0.767000 0.432000 0.426000
2 0.059000 0.124000 0.118000 0.244000
2 0.899000 0.425000 0.198000 0.418000
11 0.839000 0.595000 0.042000 0.042000
11 0.781000 0.823000 0.046000 0.038000
11 0.801000 0.537000 0.046000 0.046000
2 0.945000 0.830000 0.106000 0.188000
11 0.962000 0.654000 0.036000 0.032000
3 0.171000 0.174000 0.086000 0.064000
3 0.891000 0.656000 0.106000 0.084000
11 0.368000 0.529000 0.040000 0.034000
11 0.410000 0.614000 0.044000 0.036000
2 0.311000 0.071000 0.378000 0.142000
11 0.696000 0.892000 0.052000 0.036000
3 0.783000 0.070000 0.106000 0.140000
11 0.597190 0.961880 0.038380 0.031760
11 0.645000 0.930000 0.042000 0.036000
2 0.576590 0.598130 0.397180 0.504260
11 0.013000 0.371000 0.026000 0.034000
11 0.353000 0.639000 0.038000 0.046000
11 0.378000 0.987000 0.032000 0.022000
11 0.391990 0.575650 0.055980 0.043300
