11 0.932000 0.454000 0.040000 0.048000
10 0.255000 0.950000 0.038000 0.060000
11 0.723000 0.682000 0.042000 0.044000
11 0.226000 0.542000 0.040000 0.060000
7 0.582000 0.638000 0.048000 0.056000
11 0.756000 0.292000 0.040000 0.048000
7 0.624310 0.602920 0.044620 0.053840
7 0.645080 0.589380 0.046160 0.050760
7 0.670000 0.573000 0.048000 0.054000
11 0.533000 0.091000 0.042000 0.054000
11 0.877000 0.659000 0.042000 0.042000
11 0.316000 0.715000 0.048000 0.070000
11 0.088000 0.425000 0.040000 0.054000
11 0.789000 0.753000 0.042000 0.046000
11 0.800000 0.635000 0.048000 0.042000
11 0.163000 0.372000 0.030000 0.056000
11 0.647000 0.681000 0.046000 0.042000
7 0.693080 0.556150 0.046160 0.052300
11 0.737000 0.559000 0.042000 0.046000
7 0.770170 0.601000 0.052340 0.046000
7 0.957000 0.959000 0.038000 0.050000
11 0.459000 0.017000 0.034000 0.034000
11 0.139000 0.216000 0.022000 0.044000
11 0.510000 0.010000 0.036000 0.020000
11 0.930000 0.823000 0.036000 0.054000
7 0.960000 0.879000 0.052000 0.066000
10 0.847250 0.018910 0.146500 0.037820
11 0.758270 0.579180 0.044540 0.042360
11 0.818640 0.661530 0.045280 0.035060
10 0.832970 0.083290 0.065940 0.078580
