2 0.810000 0.050000 0.112000 0.100000
2 0.484000 0.161000 0.132000 0.138000
2 0.853000 0.470000 0.162000 0.104000
2 0.470000 0.284000 0.152000 0.124000
2 0.913000 0.721000 0.170000 0.102000
2 0.494000 0.609000 0.068000 0.102000
2 0.902000 0.948000 0.112000 0.100000
2 0.635000 0.919000 0.126000 0.106000
11 0.666000 0.331000 0.028000 0.050000
2 0.550000 0.459000 0.196000 0.090000
11 0.680000 0.492000 0.028000 0.052000
11 0.677000 0.185000 0.022000 0.042000
11 0.721000 0.897000 0.026000 0.054000
11 0.642000 0.141000 0.028000 0.046000
11 0.650000 0.198000 0.024000 0.048000
2 0.857000 0.846000 0.134000 0.140000
2 0.515000 0.719000 0.106000 0.070000
11 0.726000 0.948000 0.028000 0.048000
2 0.851000 0.206000 0.202000 0.096000
2 0.030000 0.100000 0.052000 0.144000
2 0.850000 0.325000 0.204000 0.086000
2 0.462000 0.017000 0.164000 0.034000
2 0.858000 0.553000 0.152000 0.070000
11 0.705000 0.724000 0.022000 0.040000
2 0.083000 0.843000 0.166000 0.310000
1 0.178000 0.592000 0.200000 0.140000
