2 0.747000 0.155000 0.170000 0.146000
2 0.600600 0.287690 0.217200 0.155380
11 0.596000 0.167000 0.036000 0.038000
11 0.145000 0.671000 0.038000 0.046000
7 0.063000 0.837000 0.058000 0.038000
2 0.881000 0.059000 0.226000 0.118000
11 0.120000 0.749000 0.032000 0.054000
11 0.512000 0.916000 0.048000 0.028000
11 0.423000 0.850000 0.050000 0.028000
11 0.386000 0.426000 0.036000 0.044000
11 0.178000 0.675000 0.032000 0.046000
3 0.073000 0.730000 0.078000 0.056000
11 0.561000 0.118000 0.034000 0.044000
3 0.128000 0.821000 0.092000 0.098000
2 0.324300 0.612480 0.268600 0.184960
7 0.626000 0.049000 0.052000 0.066000
2 0.114620 0.463850 0.229240 0.307700
11 0.210000 0.502000 0.036000 0.040000
2 0.263850 0.194620 0.527700 0.389240
6 0.256460 0.819720 0.100920 0.055440
2 0.658850 0.696240 0.249700 0.140480
2 0.907590 0.732630 0.183180 0.141260
2 0.756710 0.516950 0.437420 0.289900
2 0.897640 0.255260 0.203280 0.206520
2 0.818320 0.441990 0.264640 0.195980
2 0.487890 0.385820 0.139780 0.127640
