11 0.904860 0.330300 0.029720 0.048600
11 0.907660 0.376950 0.023320 0.041900
2 0.340000 0.468000 0.216000 0.208000
3 0.883000 0.548000 0.138000 0.108000
2 0.141000 0.581000 0.226000 0.326000
3 0.058000 0.961000 0.112000 0.074000
11 0.341000 0.934000 0.042000 0.036000
2 0.955000 0.168000 0.086000 0.336000
11 0.892000 0.154000 0.028000 0.040000
3 0.189000 0.975000 0.050000 0.046000
2 0.600000 0.107000 0.336000 0.214000
11 0.898000 0.239000 0.028000 0.046000
11 0.888000 0.084000 0.020000 0.040000
11 0.864000 0.113000 0.028000 0.054000
11 0.010000 0.726000 0.020000 0.036000
3 0.827000 0.654000 0.074000 0.096000
11 0.902000 0.280000 0.020000 0.040000
