7 0.370480 0.296870 0.088960 0.041740
6 0.229150 0.446930 0.042300 0.121860
2 0.796000 0.583000 0.148000 0.110000
2 0.846000 0.923000 0.168000 0.126000
2 0.352000 0.460000 0.188000 0.172000
2 0.383000 0.621000 0.182000 0.162000
2 0.924000 0.342000 0.148000 0.132000
2 0.627000 0.936000 0.246000 0.124000
2 0.663000 0.100000 0.154000 0.188000
7 0.557000 0.291000 0.070000 0.038000
2 0.675000 0.390000 0.314000 0.152000
7 0.227000 0.314000 0.050000 0.032000
2 0.784000 0.744000 0.124000 0.140000
11 0.617000 0.239000 0.042000 0.030000
11 0.141000 0.329000 0.046000 0.030000
2 0.386000 0.167000 0.400000 0.206000
3 0.271000 0.689000 0.094000 0.046000
7 0.448000 0.303000 0.052000 0.030000
3 0.710000 0.256000 0.052000 0.092000
11 0.849000 0.985000 0.050000 0.026000
7 0.467000 0.270000 0.066000 0.036000
11 0.364000 0.794000 0.040000 0.032000
11 0.344000 0.746000 0.036000 0.032000
11 0.317000 0.898000 0.026000 0.028000
2 0.955000 0.864000 0.086000 0.268000
2 0.130000 0.853000 0.260000 0.282000
2 0.083000 0.516000 0.166000 0.196000
11 0.183000 0.316000 0.038000 0.028000
11 0.492000 0.316000 0.052000 0.032000
2 0.621000 0.552000 0.134000 0.128000
2 0.050000 0.163000 0.100000 0.322000
