2 0.106000 0.723000 0.132000 0.134000
2 0.057000 0.384000 0.114000 0.136000
2 0.368000 0.375000 0.140000 0.146000
2 0.396000 0.052000 0.132000 0.104000
2 0.086000 0.882000 0.116000 0.116000
2 0.241000 0.490000 0.122000 0.136000
2 0.619000 0.153000 0.138000 0.142000
2 0.488000 0.249000 0.152000 0.174000
2 0.805000 0.850000 0.286000 0.296000
11 0.786000 0.631000 0.036000 0.034000
11 0.349000 0.740000 0.046000 0.036000
11 0.877000 0.557000 0.050000 0.042000
11 0.569000 0.568000 0.046000 0.048000
11 0.424000 0.825000 0.044000 0.034000
11 0.114000 0.538000 0.044000 0.040000
11 0.441000 0.777000 0.046000 0.038000
11 0.227000 0.751000 0.034000 0.050000
11 0.153000 0.562000 0.038000 0.032000
11 0.583000 0.739000 0.038000 0.038000
2 0.061000 0.980000 0.122000 0.036000
7 0.561000 0.821000 0.050000 0.042000
11 0.656000 0.659000 0.036000 0.034000
11 0.016000 0.476000 0.032000 0.032000
11 0.355000 0.967000 0.026000 0.046000
11 0.677000 0.820000 0.042000 0.032000
11 0.613000 0.946000 0.050000 0.032000
11 0.502000 0.888000 0.020000 0.048000
11 0.555000 0.702000 0.038000 0.036000
11 0.425000 0.978000 0.022000 0.040000
11 0.615000 0.753000 0.026000 0.046000
11 0.469000 0.982000 0.026000 0.032000
11 0.454000 0.881000 0.024000 0.042000
11 0.520000 0.985000 0.024000 0.026000
2 0.827000 0.393000 0.342000 0.398000
11 0.007000 0.524000 0.014000 0.040000
11 0.406000 0.666000 0.024000 0.020000
11 0.406000 0.869000 0.024000 0.046000
11 0.622000 0.624000 0.040000 0.036000
11 0.138000 0.619000 0.048000 0.038000
