2 0.751000 0.126000 0.302000 0.252000
11 0.744000 0.671000 0.056000 0.046000
11 0.960000 0.278000 0.040000 0.044000
11 0.165000 0.631000 0.046000 0.042000
3 0.906000 0.318000 0.036000 0.064000
11 0.629000 0.645000 0.046000 0.042000
7 0.060000 0.975000 0.072000 0.050000
7 0.092000 0.964000 0.072000 0.060000
3 0.851000 0.426000 0.066000 0.084000
11 0.982000 0.383000 0.032000 0.050000
11 0.827000 0.987000 0.046000 0.022000
11 0.989000 0.784000 0.018000 0.040000
11 0.638000 0.053000 0.036000 0.042000
11 0.895000 0.989000 0.042000 0.018000
7 0.367000 0.752000 0.082000 0.068000
6 0.292560 0.038300 0.085120 0.076600
