2 0.476000 0.198000 0.156000 0.136000
2 0.048000 0.631000 0.096000 0.142000
2 0.339000 0.135000 0.146000 0.134000
2 0.762000 0.597000 0.204000 0.158000
2 0.929000 0.929000 0.130000 0.138000
11 0.350000 0.051000 0.040000 0.034000
11 0.751000 0.224000 0.042000 0.032000
11 0.499000 0.118000 0.046000 0.036000
11 0.953000 0.315000 0.046000 0.030000
2 0.635740 0.285570 0.235480 0.219140
11 0.683000 0.131000 0.042000 0.034000
2 0.869000 0.129000 0.258000 0.242000
2 0.592000 0.054000 0.316000 0.108000
2 0.101000 0.517000 0.122000 0.138000
11 0.095000 0.929000 0.026000 0.046000
2 0.428000 0.365000 0.108000 0.106000
2 0.190000 0.982000 0.124000 0.032000
2 0.858390 0.367080 0.184780 0.170160
2 0.214270 0.360750 0.240540 0.229500
2 0.111830 0.088700 0.223660 0.177400
2 0.461920 0.830820 0.195840 0.249640
2 0.573410 0.572790 0.210820 0.293580
2 0.352600 0.565440 0.125200 0.118880
2 0.604580 0.914830 0.133160 0.153660
2 0.324000 0.939000 0.132000 0.122000
2 0.049330 0.263230 0.098660 0.206460
2 0.308770 0.722300 0.133540 0.224600
2 0.199280 0.815470 0.138560 0.098940
