2 0.855000 0.693000 0.130000 0.158000
2 0.515000 0.812000 0.134000 0.124000
2 0.784000 0.189000 0.136000 0.134000
2 0.482000 0.567000 0.128000 0.106000
2 0.453000 0.449000 0.158000 0.130000
2 0.110000 0.624000 0.124000 0.128000
2 0.633000 0.186000 0.110000 0.144000
2 0.082000 0.881000 0.164000 0.190000
2 0.046000 0.522000 0.092000 0.120000
2 0.692000 0.747000 0.152000 0.170000
3 0.171000 0.045000 0.114000 0.058000
2 0.412000 0.243000 0.108000 0.126000
11 0.064000 0.106000 0.044000 0.032000
2 0.973000 0.668000 0.050000 0.124000
3 0.355000 0.944000 0.118000 0.056000
11 0.585000 0.926000 0.042000 0.028000
2 0.964000 0.149000 0.068000 0.134000
2 0.021000 0.363000 0.042000 0.106000
11 0.294000 0.536000 0.016000 0.028000
11 0.280000 0.791000 0.024000 0.046000
