2 0.894000 0.827000 0.208000 0.342000
11 0.867000 0.338000 0.034000 0.044000
11 0.928000 0.211000 0.032000 0.038000
11 0.067000 0.445000 0.030000 0.042000
11 0.833000 0.165000 0.038000 0.058000
11 0.038000 0.493000 0.036000 0.050000
11 0.631000 0.823000 0.042000 0.066000
2 0.103000 0.078000 0.206000 0.156000
2 0.163000 0.563000 0.294000 0.262000
3 0.722000 0.966000 0.064000 0.064000
2 0.673000 0.110000 0.254000 0.216000
2 0.963000 0.593000 0.074000 0.166000
11 0.795000 0.989000 0.038000 0.018000
2 0.125000 0.934000 0.250000 0.128000
2 0.387210 0.400800 0.474420 0.445600
2 0.305000 0.843000 0.258000 0.314000
2 0.418770 0.123410 0.297540 0.246820
2 0.410790 0.702810 0.229580 0.205620
2 0.060550 0.214790 0.121100 0.229580
2 0.638200 0.273460 0.180400 0.182920
