2 0.356890 0.456430 0.265780 0.288860
2 0.786510 0.653280 0.293020 0.318560
7 0.887000 0.784000 0.046000 0.052000
2 0.192000 0.067000 0.244000 0.134000
11 0.421000 0.597000 0.042000 0.046000
11 0.712000 0.391000 0.036000 0.042000
11 0.636000 0.379000 0.040000 0.038000
11 0.653100 0.270240 0.046200 0.036480
11 0.672140 0.247530 0.052280 0.051060
7 0.710000 0.246000 0.052000 0.044000
11 0.080000 0.160000 0.040000 0.036000
11 0.610000 0.533000 0.036000 0.050000
11 0.332000 0.918000 0.036000 0.040000
11 0.547890 0.501630 0.043780 0.035260
11 0.580000 0.462000 0.040000 0.036000
11 0.682000 0.430000 0.032000 0.044000
11 0.550000 0.412000 0.048000 0.040000
11 0.908000 0.266000 0.032000 0.040000
11 0.725000 0.167000 0.046000 0.038000
11 0.054000 0.226000 0.032000 0.036000
11 0.717000 0.438000 0.038000 0.036000
11 0.816000 0.048000 0.044000 0.040000
11 0.559000 0.661000 0.038000 0.038000
11 0.755000 0.128000 0.042000 0.040000
2 0.529760 0.226260 0.239520 0.284520
11 0.639000 0.288000 0.046000 0.036000
11 0.769000 0.194000 0.042000 0.040000
11 0.261000 0.839000 0.042000 0.042000
11 0.685000 0.478000 0.038000 0.032000
7 0.847000 0.098000 0.046000 0.048000
7 0.529000 0.747000 0.058000 0.070000
11 0.651000 0.540000 0.038000 0.036000
11 0.036000 0.133000 0.048000 0.038000
11 0.458000 0.620000 0.040000 0.036000
11 0.601000 0.599000 0.038000 0.034000
11 0.862000 0.233000 0.040000 0.034000
11 0.974000 0.629000 0.032000 0.038000
11 0.219000 0.791000 0.034000 0.038000
11 0.903000 0.016000 0.042000 0.032000
11 0.580000 0.366000 0.040000 0.036000
11 0.892000 0.187000 0.036000 0.030000
11 0.607000 0.328000 0.042000 0.036000
11 0.369000 0.957000 0.038000 0.038000
11 0.483000 0.514000 0.042000 0.036000
7 0.959000 0.682000 0.042000 0.044000
11 0.784000 0.330000 0.032000 0.028000
11 0.093000 0.895000 0.022000 0.034000
11 0.075000 0.980000 0.022000 0.036000
7 0.254000 0.909000 0.028000 0.042000
11 0.047000 0.890000 0.022000 0.032000
11 0.830000 0.273000 0.032000 0.030000
11 0.698000 0.296000 0.048000 0.040000
11 0.037000 0.449000 0.038000 0.026000
11 0.479100 0.604850 0.046200 0.037700
11 0.506000 0.566000 0.040000 0.040000
2 0.927750 0.417350 0.143500 0.262700
11 0.118000 0.195000 0.036000 0.046000
11 0.038000 0.424000 0.036000 0.020000
11 0.025000 0.886000 0.018000 0.024000
11 0.610000 0.991000 0.036000 0.014000
2 0.661370 0.071740 0.178740 0.143480
2 0.882000 0.946000 0.188000 0.108000
2 0.947950 0.836720 0.103900 0.233440
11 0.500490 0.497890 0.044980 0.043780
11 0.776320 0.173630 0.048640 0.035260
