2 0.562000 0.383000 0.144000 0.186000
2 0.812000 0.357000 0.152000 0.122000
11 0.348000 0.039000 0.048000 0.030000
7 0.205000 0.085000 0.050000 0.030000
11 0.985000 0.219000 0.026000 0.050000
2 0.269000 0.020000 0.150000 0.040000
11 0.992000 0.267000 0.012000 0.042000
2 0.426000 0.180000 0.204000 0.152000
11 0.941000 0.017000 0.034000 0.034000
11 0.400000 0.029000 0.040000 0.034000
12 0.198000 0.580000 0.080000 0.116000
2 0.263000 0.483000 0.226000 0.134000
2 0.190000 0.258000 0.200000 0.172000
12 0.674250 0.251890 0.060500 0.059780
2 0.037000 0.963000 0.074000 0.074000
