2 0.057000 0.920000 0.114000 0.156000
2 0.106000 0.783000 0.132000 0.134000
11 0.915000 0.179000 0.046000 0.046000
11 0.163000 0.918000 0.042000 0.044000
11 0.827000 0.274000 0.038000 0.036000
11 0.231000 0.844000 0.042000 0.040000
11 0.696000 0.531000 0.024000 0.038000
11 0.268000 0.774000 0.036000 0.032000
11 0.758000 0.374000 0.048000 0.048000
11 0.410000 0.687000 0.044000 0.042000
2 0.781000 0.187000 0.130000 0.146000
11 0.552000 0.651000 0.024000 0.046000
7 0.315000 0.770000 0.058000 0.052000
11 0.369000 0.684000 0.038000 0.036000
2 0.227000 0.424000 0.186000 0.216000
2 0.559000 0.913000 0.546000 0.170000
2 0.903000 0.593000 0.190000 0.582000
2 0.941000 0.019000 0.114000 0.038000
2 0.477000 0.197000 0.238000 0.210000
11 0.751000 0.472000 0.022000 0.040000
2 0.424000 0.026000 0.196000 0.052000
2 0.043000 0.433000 0.086000 0.142000
11 0.714000 0.369000 0.040000 0.038000
11 0.297000 0.747000 0.034000 0.034000
11 0.780000 0.312000 0.032000 0.032000
2 0.007000 0.774000 0.014000 0.124000
