2 0.199000 0.652000 0.170000 0.148000
11 0.258000 0.782000 0.056000 0.028000
11 0.468000 0.786000 0.048000 0.028000
11 0.178000 0.768000 0.056000 0.028000
2 0.221000 0.238000 0.434000 0.420000
2 0.550000 0.918000 0.204000 0.160000
2 0.259000 0.892000 0.114000 0.176000
2 0.860000 0.696000 0.276000 0.264000
2 0.922000 0.948000 0.152000 0.100000
2 0.108000 0.890000 0.212000 0.216000
11 0.769000 0.854000 0.050000 0.024000
2 0.791000 0.938000 0.130000 0.120000
2 0.380000 0.886000 0.140000 0.144000
2 0.924000 0.171000 0.148000 0.330000
2 0.604000 0.388000 0.152000 0.224000
