2 0.288000 0.177000 0.200000 0.154000
11 0.126000 0.879000 0.044000 0.042000
11 0.162000 0.268000 0.024000 0.024000
11 0.191000 0.371660 0.022000 0.043320
11 0.260000 0.614000 0.024000 0.036000
2 0.515000 0.125000 0.174000 0.150000
2 0.706000 0.575000 0.156000 0.126000
2 0.102000 0.620000 0.172000 0.180000
2 0.347000 0.459000 0.098000 0.110000
2 0.455000 0.877000 0.126000 0.090000
2 0.906000 0.933000 0.132000 0.130000
2 0.421000 0.662000 0.150000 0.144000
2 0.557000 0.960000 0.114000 0.076000
2 0.909000 0.400000 0.178000 0.192000
2 0.755230 0.029000 0.186460 0.058000
2 0.765000 0.495000 0.106000 0.110000
2 0.955000 0.743000 0.086000 0.170000
2 0.349000 0.558000 0.158000 0.116000
2 0.715000 0.772000 0.086000 0.096000
2 0.404150 0.324150 0.172300 0.132300
