2 0.277000 0.218000 0.170000 0.168000
2 0.578000 0.128000 0.176000 0.160000
2 0.809000 0.902000 0.202000 0.156000
11 0.479000 0.615000 0.042000 0.054000
2 0.599000 0.757000 0.154000 0.106000
11 0.552000 0.939000 0.052000 0.038000
2 0.975000 0.728000 0.046000 0.164000
11 0.601000 0.962000 0.038000 0.036000
11 0.033000 0.522000 0.034000 0.028000
2 0.483000 0.331000 0.182000 0.186000
11 0.118000 0.552000 0.036000 0.032000
2 0.623500 0.667500 0.143000 0.099000
2 0.652000 0.853500 0.144000 0.099000
2 0.681000 0.575500 0.146000 0.103000
2 0.949500 0.856500 0.099000 0.101000
2 0.951000 0.638500 0.094000 0.101000
2 0.438000 0.039000 0.180000 0.078000
2 0.344860 0.469430 0.205720 0.202860
