2 0.191000 0.705000 0.122000 0.118000
2 0.481000 0.680000 0.158000 0.120000
2 0.521000 0.396000 0.142000 0.128000
2 0.457000 0.566000 0.114000 0.096000
2 0.079000 0.867000 0.122000 0.114000
2 0.388000 0.821000 0.116000 0.078000
2 0.221000 0.276000 0.102000 0.120000
2 0.191000 0.551000 0.130000 0.146000
2 0.932000 0.828000 0.132000 0.112000
2 0.883000 0.296000 0.138000 0.100000
2 0.515000 0.048000 0.142000 0.096000
11 0.287000 0.773000 0.026000 0.046000
11 0.270000 0.946000 0.028000 0.052000
2 0.668000 0.924000 0.108000 0.084000
11 0.306000 0.573000 0.028000 0.054000
2 0.747000 0.220000 0.098000 0.108000
2 0.276710 0.184450 0.101420 0.136900
11 0.346000 0.189000 0.028000 0.050000
11 0.319000 0.480000 0.026000 0.052000
11 0.289000 0.729000 0.030000 0.042000
2 0.196000 0.419000 0.124000 0.122000
2 0.124000 0.063000 0.112000 0.090000
11 0.266000 0.985000 0.032000 0.026000
2 0.969000 0.486000 0.058000 0.136000
2 0.146000 0.976000 0.144000 0.044000
2 0.583000 0.243000 0.166000 0.118000
2 0.982000 0.177000 0.032000 0.190000
2 0.433000 0.927000 0.170000 0.098000
2 0.283000 0.072000 0.074000 0.092000
2 0.411000 0.989000 0.098000 0.018000
2 0.546080 0.805350 0.152160 0.106700
