2 0.110000 0.558000 0.112000 0.140000
2 0.909000 0.396000 0.134000 0.128000
2 0.468000 0.512000 0.128000 0.112000
2 0.857000 0.723000 0.134000 0.098000
2 0.345000 0.682000 0.146000 0.124000
2 0.426000 0.880000 0.128000 0.116000
2 0.936000 0.934000 0.124000 0.128000
2 0.797000 0.135000 0.126000 0.122000
2 0.428000 0.168000 0.104000 0.108000
2 0.382000 0.315000 0.136000 0.106000
2 0.104000 0.744000 0.136000 0.120000
2 0.141000 0.355000 0.110000 0.098000
2 0.164000 0.089000 0.120000 0.138000
2 0.916000 0.132000 0.128000 0.108000
2 0.962000 0.570000 0.072000 0.116000
2 0.601000 0.074000 0.130000 0.124000
3 0.277000 0.051000 0.078000 0.046000
11 0.213000 0.441000 0.022000 0.046000
2 0.168000 0.255000 0.080000 0.094000
2 0.035000 0.061000 0.070000 0.122000
11 0.248000 0.128000 0.024000 0.048000
11 0.222000 0.383000 0.028000 0.050000
2 0.101000 0.879000 0.098000 0.046000
11 0.232000 0.668000 0.028000 0.052000
11 0.237000 0.264000 0.026000 0.052000
11 0.227000 0.318000 0.022000 0.044000
11 0.153000 0.987000 0.022000 0.022000
2 0.082000 0.966000 0.132000 0.064000
2 0.377000 0.054000 0.090000 0.108000
3 0.229000 0.010000 0.042000 0.020000
11 0.883000 0.628000 0.038000 0.028000
11 0.731000 0.014000 0.046000 0.028000
