2 0.293000 0.870000 0.138000 0.148000
2 0.809000 0.877000 0.150000 0.134000
2 0.390000 0.742000 0.120000 0.124000
2 0.524000 0.730000 0.136000 0.128000
2 0.108000 0.109000 0.124000 0.126000
2 0.170000 0.441000 0.328000 0.450000
11 0.195000 0.691000 0.030000 0.050000
2 0.902000 0.793000 0.100000 0.098000
2 0.847000 0.506000 0.138000 0.116000
7 0.693000 0.391000 0.038000 0.054000
11 0.234000 0.633000 0.040000 0.046000
11 0.544000 0.263000 0.032000 0.046000
2 0.922000 0.400000 0.144000 0.132000
11 0.014000 0.074000 0.028000 0.044000
11 0.659000 0.344000 0.042000 0.052000
2 0.403000 0.136000 0.238000 0.272000
2 0.677000 0.601000 0.134000 0.130000
2 0.519000 0.524000 0.134000 0.156000
11 0.452000 0.321000 0.028000 0.046000
2 0.045000 0.978000 0.090000 0.040000
2 0.164000 0.948000 0.128000 0.100000
2 0.704000 0.941000 0.124000 0.118000
11 0.574240 0.141210 0.036480 0.046420
11 0.416030 0.377770 0.032060 0.047540
11 0.295720 0.544280 0.035440 0.052560
