2 0.159000 0.894000 0.318000 0.208000
2 0.374110 0.784170 0.244220 0.212340
11 0.294000 0.660000 0.040000 0.028000
7 0.211000 0.770000 0.050000 0.040000
2 0.767000 0.209000 0.462000 0.406000
11 0.383000 0.606000 0.038000 0.028000
2 0.454100 0.449680 0.248200 0.235360
11 0.522000 0.321000 0.036000 0.046000
11 0.604000 0.024000 0.032000 0.032000
7 0.180000 0.723000 0.056000 0.042000
2 0.836000 0.516000 0.324000 0.196000
11 0.877000 0.357000 0.042000 0.026000
2 0.270100 0.252000 0.536200 0.504000
2 0.964000 0.735000 0.068000 0.230000
2 0.669190 0.760410 0.490380 0.460820
