2 0.663000 0.599000 0.246000 0.226000
2 0.142000 0.271000 0.128000 0.138000
2 0.130000 0.689000 0.112000 0.122000
2 0.881000 0.231000 0.234000 0.234000
2 0.144000 0.925000 0.116000 0.122000
2 0.541000 0.299000 0.130000 0.122000
2 0.300000 0.328000 0.172000 0.208000
2 0.221000 0.527000 0.098000 0.102000
2 0.312000 0.753000 0.100000 0.110000
2 0.546000 0.197000 0.084000 0.082000
2 0.915000 0.866000 0.166000 0.116000
11 0.345000 0.401000 0.034000 0.042000
11 0.111000 0.113000 0.030000 0.042000
11 0.068000 0.893000 0.028000 0.038000
2 0.214000 0.101000 0.132000 0.102000
11 0.932000 0.072000 0.040000 0.040000
11 0.230000 0.610000 0.028000 0.044000
11 0.975000 0.098000 0.046000 0.040000
2 0.133000 0.444000 0.138000 0.112000
2 0.065000 0.039000 0.130000 0.078000
11 0.023000 0.975000 0.030000 0.046000
2 0.017000 0.149000 0.034000 0.118000
2 0.026000 0.892000 0.052000 0.120000
2 0.415000 0.975000 0.170000 0.046000
2 0.061000 0.583000 0.122000 0.130000
2 0.696000 0.086000 0.236000 0.172000
2 0.948000 0.643000 0.100000 0.306000
2 0.347000 0.551000 0.118000 0.138000
2 0.293000 0.030000 0.074000 0.060000
2 0.429000 0.106000 0.130000 0.164000
