11 0.349000 0.353000 0.046000 0.042000
11 0.161000 0.472000 0.038000 0.040000
7 0.366000 0.291000 0.064000 0.046000
11 0.426000 0.364000 0.044000 0.040000
11 0.064000 0.527000 0.044000 0.038000
11 0.427000 0.256000 0.046000 0.032000
11 0.120000 0.495000 0.040000 0.038000
11 0.264000 0.411000 0.052000 0.042000
11 0.028000 0.628000 0.040000 0.028000
3 0.194000 0.573000 0.088000 0.074000
11 0.410000 0.969000 0.044000 0.042000
11 0.374000 0.168000 0.048000 0.036000
11 0.081000 0.046000 0.046000 0.044000
11 0.165000 0.201000 0.042000 0.030000
11 0.209000 0.446000 0.042000 0.032000
11 0.163000 0.096000 0.042000 0.036000
11 0.064000 0.233000 0.044000 0.038000
2 0.096000 0.820000 0.192000 0.356000
11 0.322000 0.082000 0.048000 0.036000
11 0.449000 0.102000 0.038000 0.032000
11 0.261000 0.069000 0.042000 0.034000
11 0.833000 0.976000 0.038000 0.036000
11 0.194000 0.157000 0.044000 0.034000
11 0.082000 0.274000 0.044000 0.036000
11 0.202000 0.265000 0.044000 0.038000
11 0.350000 0.126000 0.040000 0.036000
11 0.133000 0.054000 0.050000 0.040000
11 0.036000 0.186000 0.040000 0.040000
11 0.021000 0.254000 0.038000 0.036000
11 0.280000 0.110000 0.040000 0.036000
11 0.324000 0.955000 0.040000 0.050000
11 0.053000 0.318000 0.042000 0.036000
11 0.215000 0.377000 0.046000 0.034000
11 0.283000 0.975000 0.034000 0.046000
7 0.293000 0.133000 0.050000 0.038000
2 0.775000 0.800000 0.098000 0.104000
11 0.148000 0.414000 0.044000 0.032000
7 0.026000 0.488000 0.048000 0.032000
2 0.904000 0.447000 0.188000 0.522000
11 0.273000 0.340000 0.054000 0.040000
11 0.476000 0.052000 0.040000 0.036000
11 0.300000 0.042000 0.040000 0.032000
11 0.228000 0.009000 0.044000 0.018000
7 0.403000 0.018000 0.058000 0.036000
11 0.127000 0.137000 0.046000 0.038000
11 0.231000 0.222000 0.042000 0.032000
11 0.091000 0.448000 0.046000 0.032000
11 0.008000 0.054000 0.016000 0.032000
7 0.459000 0.017000 0.054000 0.034000
11 0.010000 0.122000 0.020000 0.028000
11 0.331000 0.189000 0.050000 0.034000
11 0.019000 0.006000 0.038000 0.012000
2 0.929000 0.976000 0.138000 0.044000
