2 0.617000 0.701000 0.142000 0.126000
2 0.709000 0.228000 0.134000 0.140000
2 0.410000 0.555000 0.124000 0.130000
2 0.582000 0.086000 0.156000 0.156000
2 0.906000 0.048000 0.184000 0.096000
2 0.509000 0.358000 0.146000 0.140000
2 0.644000 0.338000 0.116000 0.112000
2 0.215000 0.702000 0.118000 0.140000
2 0.302000 0.943000 0.144000 0.110000
2 0.163000 0.272000 0.134000 0.116000
2 0.057000 0.866000 0.114000 0.144000
2 0.943000 0.405000 0.110000 0.118000
2 0.440000 0.832000 0.128000 0.112000
11 0.394000 0.775000 0.040000 0.042000
2 0.783000 0.587000 0.134000 0.158000
2 0.628000 0.918000 0.112000 0.116000
2 0.810000 0.800000 0.120000 0.128000
11 0.712000 0.490000 0.036000 0.036000
11 0.337000 0.739000 0.042000 0.038000
11 0.797000 0.417000 0.042000 0.038000
11 0.131000 0.923000 0.038000 0.042000
11 0.301000 0.770000 0.038000 0.040000
11 0.522000 0.745000 0.036000 0.038000
11 0.093000 0.953000 0.038000 0.038000
11 0.640000 0.554000 0.032000 0.036000
2 0.138000 0.043000 0.136000 0.086000
11 0.712000 0.405000 0.044000 0.038000
2 0.032000 0.146000 0.064000 0.100000
11 0.573000 0.533000 0.038000 0.042000
11 0.534000 0.563000 0.040000 0.038000
11 0.317000 0.663000 0.038000 0.050000
2 0.467330 0.464670 0.150660 0.149340
12 0.138000 0.470670 0.068000 0.077340
