2 0.093000 0.924000 0.186000 0.148000
2 0.320000 0.909000 0.164000 0.162000
2 0.936000 0.226000 0.124000 0.180000
2 0.726000 0.318000 0.128000 0.144000
2 0.562000 0.455000 0.152000 0.154000
2 0.807000 0.061000 0.086000 0.122000
2 0.164000 0.659000 0.120000 0.090000
2 0.399000 0.336000 0.282000 0.280000
2 0.037000 0.674000 0.074000 0.092000
11 0.363510 0.524650 0.043020 0.037300
11 0.355000 0.499000 0.042000 0.026000
2 0.595000 0.090000 0.206000 0.180000
11 0.809000 0.704000 0.038000 0.060000
2 0.948000 0.565000 0.100000 0.302000
2 0.761000 0.789000 0.182000 0.282000
11 0.982000 0.728000 0.032000 0.032000
2 0.133000 0.313000 0.182000 0.114000
2 0.980000 0.834000 0.036000 0.116000
11 0.570000 0.292000 0.032000 0.040000
2 0.968000 0.048000 0.060000 0.096000
2 0.570000 0.638000 0.116000 0.072000
2 0.496000 0.717000 0.108000 0.094000
2 0.032000 0.121000 0.064000 0.194000
2 0.545000 0.908000 0.186000 0.180000
11 0.991000 0.969000 0.014000 0.042000
11 0.352000 0.470000 0.044000 0.036000
2 0.652430 0.586620 0.144860 0.169240
2 0.160640 0.518710 0.321280 0.209420
