2 0.844000 0.326000 0.308000 0.264000
3 0.719000 0.503000 0.126000 0.086000
3 0.678000 0.689000 0.088000 0.222000
2 0.039000 0.165000 0.078000 0.330000
11 0.614000 0.107000 0.028000 0.042000
11 0.682000 0.307000 0.032000 0.042000
11 0.561000 0.644000 0.042000 0.032000
2 0.666000 0.081000 0.204000 0.162000
11 0.497000 0.060000 0.034000 0.052000
11 0.490000 0.719000 0.056000 0.034000
11 0.589000 0.305000 0.034000 0.050000
11 0.172000 0.607000 0.060000 0.042000
11 0.675000 0.569000 0.026000 0.046000
3 0.019000 0.517000 0.038000 0.110000
11 0.480000 0.017000 0.028000 0.034000
11 0.488000 0.622000 0.048000 0.032000
2 0.424000 0.857000 0.824000 0.282000
11 0.532000 0.156000 0.028000 0.056000
11 0.636000 0.156000 0.024000 0.028000
2 0.513000 0.362000 0.158000 0.424000
11 0.849000 0.530000 0.050000 0.032000
2 0.920000 0.097000 0.148000 0.194000
11 0.610000 0.635000 0.048000 0.042000
7 0.541000 0.703000 0.054000 0.038000
