2 0.495000 0.486000 0.166000 0.136000
2 0.207000 0.586000 0.154000 0.260000
2 0.350000 0.564000 0.160000 0.252000
2 0.529000 0.637000 0.154000 0.102000
2 0.668000 0.955000 0.116000 0.086000
2 0.887000 0.434000 0.222000 0.148000
2 0.673690 0.477240 0.215380 0.194480
11 0.689000 0.330000 0.054000 0.028000
2 0.635000 0.126000 0.726000 0.252000
11 0.014000 0.669000 0.028000 0.042000
11 0.071000 0.659000 0.030000 0.050000
2 0.793000 0.694000 0.190000 0.352000
2 0.156000 0.209000 0.312000 0.162000
2 0.978000 0.709000 0.040000 0.246000
2 0.043000 0.952000 0.086000 0.092000
2 0.476490 0.932000 0.252980 0.132000
2 0.066290 0.540970 0.132580 0.141940
