11 0.622000 0.860000 0.060000 0.036000
11 0.696000 0.834000 0.052000 0.032000
11 0.786000 0.631000 0.056000 0.034000
11 0.953000 0.849000 0.046000 0.050000
11 0.904000 0.684000 0.040000 0.028000
11 0.767000 0.664000 0.046000 0.032000
11 0.837000 0.573000 0.054000 0.030000
11 0.814000 0.601000 0.048000 0.030000
11 0.597000 0.895000 0.046000 0.034000
2 0.813000 0.350000 0.370000 0.288000
11 0.966000 0.710000 0.028000 0.040000
11 0.561000 0.948000 0.050000 0.028000
11 0.987000 0.666000 0.022000 0.036000
11 0.881000 0.712000 0.034000 0.020000
11 0.966000 0.592000 0.036000 0.028000
11 0.599000 0.972000 0.042000 0.028000
11 0.862000 0.740000 0.032000 0.020000
2 0.350000 0.697000 0.224000 0.586000
