2 0.420000 0.543000 0.152000 0.162000
2 0.809000 0.081000 0.138000 0.126000
2 0.522000 0.872000 0.148000 0.164000
2 0.936000 0.048000 0.116000 0.096000
2 0.629000 0.090000 0.166000 0.180000
11 0.717000 0.520000 0.038000 0.040000
11 0.825000 0.675000 0.042000 0.046000
11 0.879000 0.753000 0.038000 0.046000
2 0.519000 0.429000 0.230000 0.122000
11 0.531000 0.212000 0.046000 0.052000
11 0.687000 0.483000 0.034000 0.042000
3 0.494000 0.197000 0.064000 0.094000
11 0.675000 0.418000 0.038000 0.040000
11 0.568000 0.261000 0.036000 0.046000
2 0.029000 0.091000 0.058000 0.166000
2 0.549000 0.774000 0.770000 0.448000
2 0.853000 0.366000 0.290000 0.284000
2 0.039000 0.816000 0.078000 0.284000
3 0.374000 0.050000 0.060000 0.072000
11 0.928000 0.828000 0.032000 0.036000
7 0.663000 0.440000 0.050000 0.048000
2 0.188000 0.231000 0.312000 0.462000
