2 0.890000 0.692000 0.200000 0.152000
2 0.289000 0.941000 0.238000 0.114000
11 0.837000 0.129000 0.046000 0.042000
11 0.800000 0.073000 0.048000 0.034000
2 0.881000 0.090000 0.234000 0.180000
11 0.267890 0.066960 0.047780 0.037920
11 0.252000 0.036000 0.044000 0.040000
2 0.504000 0.898000 0.212000 0.148000
11 0.093000 0.438000 0.022000 0.036000
11 0.014000 0.478000 0.028000 0.044000
2 0.550000 0.268180 0.352000 0.312360
2 0.223080 0.732310 0.398160 0.224620
2 0.806000 0.899000 0.384000 0.198000
11 0.897000 0.221000 0.066000 0.050000
2 0.841000 0.451000 0.314000 0.298000
11 0.110000 0.014000 0.064000 0.028000
2 0.530620 0.636310 0.249240 0.224620
2 0.701850 0.786310 0.187700 0.144620
2 0.529460 0.075360 0.310920 0.150720
