11 0.862000 0.189000 0.032000 0.054000
11 0.507000 0.071000 0.030000 0.050000
11 0.760000 0.032000 0.032000 0.048000
11 0.165000 0.507000 0.046000 0.030000
11 0.582000 0.405000 0.028000 0.062000
11 0.888000 0.478000 0.028000 0.052000
11 0.850000 0.455000 0.028000 0.046000
11 0.924000 0.895000 0.028000 0.062000
11 0.661000 0.963000 0.026000 0.046000
11 0.614000 0.728000 0.028000 0.060000
11 0.634000 0.485000 0.028000 0.066000
11 0.970000 0.554000 0.032000 0.056000
11 0.672000 0.832000 0.032000 0.056000
11 0.962000 0.904000 0.028000 0.052000
7 0.863000 0.035000 0.042000 0.070000
7 0.208000 0.911000 0.044000 0.038000
7 0.172000 0.978000 0.028000 0.040000
11 0.289000 0.798000 0.034000 0.032000
7 0.237000 0.865000 0.038000 0.046000
2 0.673000 0.103000 0.162000 0.206000
11 0.263000 0.828000 0.038000 0.036000
