2 0.448000 0.624000 0.140000 0.140000
2 0.410000 0.326000 0.132000 0.160000
2 0.675000 0.856000 0.122000 0.112000
2 0.264000 0.108000 0.160000 0.144000
2 0.063000 0.840000 0.126000 0.264000
2 0.411000 0.059000 0.122000 0.118000
2 0.618000 0.538000 0.144000 0.128000
2 0.580000 0.677000 0.116000 0.126000
2 0.263000 0.293000 0.142000 0.114000
2 0.687000 0.218000 0.126000 0.108000
2 0.074000 0.315000 0.120000 0.138000
2 0.802000 0.448000 0.116000 0.148000
11 0.202000 0.594000 0.044000 0.040000
11 0.488000 0.452000 0.048000 0.040000
2 0.758000 0.733000 0.112000 0.106000
3 0.140000 0.608000 0.052000 0.068000
3 0.071000 0.578000 0.058000 0.056000
2 0.548000 0.203000 0.132000 0.214000
2 0.457000 0.837000 0.138000 0.166000
11 0.816000 0.939000 0.040000 0.038000
11 0.624000 0.384000 0.048000 0.040000
11 0.759000 0.322000 0.046000 0.040000
11 0.089000 0.049000 0.050000 0.042000
11 0.579000 0.408000 0.042000 0.040000
11 0.857000 0.272000 0.042000 0.036000
2 0.936000 0.097000 0.108000 0.102000
2 0.205000 0.434000 0.174000 0.140000
7 0.265000 0.570000 0.074000 0.052000
11 0.712000 0.982000 0.044000 0.032000
2 0.964000 0.374000 0.068000 0.176000
11 0.024000 0.017000 0.048000 0.034000
11 0.982000 0.869000 0.032000 0.038000
2 0.812000 0.148000 0.172000 0.140000
11 0.360000 0.518000 0.052000 0.036000
2 0.399000 0.973000 0.098000 0.050000
2 0.630000 0.054000 0.236000 0.108000
11 0.191000 0.008000 0.050000 0.016000
11 0.636000 0.994000 0.052000 0.008000
2 0.116000 0.982000 0.216000 0.032000
2 0.923000 0.978000 0.126000 0.040000
11 0.985000 0.204000 0.026000 0.040000
2 0.276000 0.680000 0.116000 0.092000
