2 0.653000 0.160000 0.442000 0.320000
2 0.192000 0.210000 0.176000 0.292000
2 0.696000 0.878000 0.180000 0.240000
11 0.509000 0.362000 0.038000 0.052000
11 0.056000 0.332000 0.028000 0.052000
11 0.081000 0.559000 0.022000 0.038000
11 0.075000 0.918000 0.022000 0.040000
2 0.242000 0.514000 0.184000 0.312000
11 0.067000 0.869000 0.022000 0.046000
11 0.079000 0.518000 0.022000 0.036000
11 0.083000 0.614000 0.026000 0.056000
2 0.876270 0.964000 0.088540 0.068000
1 0.892000 0.400000 0.216000 0.256000
4 0.893000 0.808400 0.214000 0.200800
11 0.054910 0.287670 0.025820 0.047340
