2 0.862000 0.574000 0.272000 0.212000
11 0.369000 0.415000 0.042000 0.034000
11 0.754000 0.740000 0.036000 0.036000
3 0.428000 0.514000 0.056000 0.064000
11 0.950000 0.744000 0.032000 0.048000
11 0.598000 0.408000 0.032000 0.040000
11 0.078000 0.150000 0.036000 0.044000
11 0.176000 0.249000 0.040000 0.038000
11 0.622000 0.459000 0.040000 0.030000
11 0.656000 0.220000 0.036000 0.048000
11 0.895000 0.373000 0.042000 0.030000
7 0.245000 0.307000 0.046000 0.042000
11 0.712000 0.701000 0.036000 0.042000
11 0.580000 0.479000 0.032000 0.026000
11 0.758000 0.323000 0.036000 0.050000
3 0.971000 0.975000 0.054000 0.046000
11 0.118000 0.195000 0.036000 0.042000
11 0.556000 0.606000 0.024000 0.036000
11 0.978000 0.330000 0.040000 0.036000
10 0.498850 0.888150 0.101700 0.092300
2 0.565000 0.025000 0.202000 0.050000
10 0.721800 0.960000 0.091600 0.080000
2 0.880000 0.152000 0.236000 0.304000
2 0.557000 0.222000 0.162000 0.188000
11 0.630000 0.390000 0.032000 0.044000
10 0.207690 0.734920 0.115380 0.093840
10 0.300890 0.538440 0.105780 0.100880
10 0.610460 0.886310 0.096920 0.124620
10 0.134000 0.399080 0.100000 0.086160
10 0.052310 0.326620 0.084620 0.069240
10 0.652920 0.910920 0.113840 0.133840
13 0.627760 0.392570 0.027520 0.041140
11 0.560440 0.612280 0.024880 0.036560
2 0.319280 0.069090 0.242560 0.138180
10 0.103560 0.641560 0.099120 0.099120
11 0.677640 0.209250 0.035280 0.050500
11 0.778110 0.310520 0.032220 0.049040
11 0.660830 0.443120 0.025660 0.022240
10 0.394530 0.794910 0.073060 0.077820
11 0.701150 0.476240 0.022300 0.024480
11 0.803020 0.295800 0.030040 0.043600
10 0.042450 0.484100 0.068900 0.088200
11 0.696510 0.195800 0.033020 0.047600
10 0.215460 0.628410 0.070920 0.080820
11 0.659470 0.368770 0.022940 0.033540
10 0.215460 0.461420 0.070920 0.066840
10 0.161340 0.585510 0.062680 0.075020
11 0.942730 0.351820 0.025460 0.027640
10 0.180790 0.613460 0.057580 0.070920
11 0.929630 0.361100 0.027260 0.026200
3 0.565240 0.654380 0.042480 0.044760
10 0.241220 0.700260 0.062440 0.052520
11 0.929280 0.754740 0.030560 0.037480
10 0.019350 0.562960 0.038700 0.057920
11 0.763170 0.446220 0.058340 0.044440
10 0.022980 0.458530 0.045960 0.073060
10 0.764280 0.972830 0.056560 0.053660
