2 0.082000 0.871000 0.164000 0.254000
2 0.526000 0.317000 0.148000 0.174000
2 0.187000 0.675000 0.234000 0.270000
2 0.828000 0.376000 0.120000 0.112000
2 0.724000 0.213000 0.172000 0.122000
2 0.341000 0.181000 0.102000 0.118000
2 0.163000 0.352000 0.134000 0.132000
3 0.359000 0.424000 0.122000 0.048000
11 0.520000 0.140000 0.032000 0.044000
3 0.901000 0.557000 0.074000 0.050000
11 0.453000 0.265000 0.042000 0.054000
2 0.781000 0.087000 0.130000 0.142000
11 0.696000 0.532000 0.052000 0.036000
11 0.550000 0.534000 0.048000 0.032000
3 0.439000 0.498000 0.042000 0.084000
11 0.726000 0.571000 0.048000 0.034000
11 0.610000 0.542000 0.044000 0.032000
11 0.389000 0.383000 0.030000 0.038000
7 0.960000 0.308000 0.060000 0.072000
2 0.955000 0.162000 0.086000 0.140000
11 0.826000 0.601000 0.052000 0.038000
11 0.238000 0.450000 0.044000 0.028000
11 0.473000 0.552000 0.026000 0.052000
2 0.578000 0.806000 0.260000 0.384000
11 0.775000 0.585000 0.050000 0.034000
11 0.166000 0.446000 0.036000 0.028000
2 0.020000 0.088000 0.040000 0.136000
11 0.545000 0.096000 0.038000 0.052000
2 0.414000 0.018000 0.160000 0.036000
11 0.199000 0.448000 0.038000 0.028000
2 0.894000 0.918000 0.208000 0.160000
11 0.008000 0.360000 0.016000 0.040000
2 0.980000 0.791000 0.036000 0.110000
11 0.982000 0.645000 0.032000 0.034000
2 0.248000 0.096000 0.136000 0.108000
2 0.982000 0.515000 0.032000 0.134000
11 0.409000 0.445000 0.038000 0.026000
7 0.936000 0.629000 0.060000 0.038000
2 0.363750 0.069500 0.127500 0.115000
2 0.267130 0.261130 0.146260 0.126260
