2 0.617000 0.857000 0.494000 0.286000
11 0.745000 0.751000 0.050000 0.042000
11 0.055000 0.245000 0.046000 0.042000
11 0.519500 0.624500 0.051000 0.045000
3 0.440500 0.516500 0.081000 0.129000
11 0.533000 0.568000 0.046000 0.040000
11 0.699000 0.462000 0.038000 0.044000
2 0.238500 0.644000 0.409000 0.484000
11 0.166500 0.331000 0.049000 0.042000
2 0.420000 0.372000 0.380000 0.348000
11 0.269500 0.370500 0.051000 0.037000
2 0.927000 0.745500 0.146000 0.179000
11 0.865500 0.808500 0.075000 0.065000
2 0.570500 0.241500 0.313000 0.371000
11 0.719000 0.400500 0.042000 0.049000
2 0.166000 0.117500 0.332000 0.235000
2 0.890000 0.505500 0.220000 0.299000
2 0.806500 0.080000 0.285000 0.160000
3 0.800000 0.311500 0.084000 0.079000
3 0.615000 0.666500 0.074000 0.109000
3 0.936000 0.900000 0.064000 0.128000
11 0.155000 0.357000 0.054000 0.050000
2 0.787000 0.641500 0.218000 0.163000
11 0.575500 0.626000 0.047000 0.044000
2 0.749500 0.510000 0.151000 0.136000
11 0.727500 0.345500 0.043000 0.047000
