2 0.842000 0.240000 0.156000 0.112000
2 0.193000 0.654000 0.106000 0.116000
2 0.809000 0.890000 0.138000 0.108000
2 0.576000 0.535000 0.144000 0.122000
2 0.632000 0.275000 0.280000 0.206000
2 0.230000 0.849000 0.144000 0.274000
2 0.597000 0.658000 0.138000 0.144000
11 0.474000 0.830000 0.024000 0.032000
11 0.420000 0.465000 0.028000 0.054000
3 0.472000 0.124000 0.048000 0.068000
11 0.964000 0.043000 0.052000 0.030000
3 0.440000 0.486000 0.072000 0.044000
2 0.964000 0.809000 0.068000 0.110000
11 0.431000 0.357000 0.022000 0.026000
2 0.071000 0.676000 0.138000 0.120000
11 0.526000 0.973000 0.028000 0.050000
11 0.484000 0.895000 0.016000 0.034000
2 0.701000 0.888000 0.106000 0.140000
11 0.884000 0.015000 0.036000 0.026000
11 0.925000 0.982000 0.054000 0.032000
11 0.487000 0.663000 0.018000 0.042000
2 0.491000 0.008000 0.174000 0.016000
2 0.985000 0.418000 0.026000 0.164000
2 0.810000 0.728000 0.120000 0.108000
2 0.139000 0.462000 0.270000 0.724000
