6 0.638000 0.916000 0.128000 0.064000
11 0.921000 0.571000 0.046000 0.034000
6 0.398000 0.766000 0.128000 0.060000
11 0.774000 0.707000 0.052000 0.038000
6 0.833000 0.894000 0.110000 0.060000
11 0.884000 0.709000 0.056000 0.042000
11 0.497000 0.779000 0.058000 0.042000
11 0.057000 0.883000 0.050000 0.038000
11 0.339000 0.827000 0.050000 0.038000
7 0.730000 0.849000 0.064000 0.042000
11 0.172000 0.858000 0.048000 0.040000
11 0.121000 0.872000 0.042000 0.032000
11 0.552000 0.898000 0.052000 0.028000
11 0.141000 0.023000 0.046000 0.034000
11 0.521000 0.972000 0.058000 0.036000
11 0.633000 0.782000 0.054000 0.036000
11 0.976000 0.853000 0.044000 0.042000
11 0.256000 0.888000 0.048000 0.028000
11 0.111330 0.918670 0.050660 0.033340
11 0.341000 0.865000 0.054000 0.038000
11 0.397000 0.811000 0.046000 0.034000
7 0.249000 0.852000 0.062000 0.036000
11 0.049000 0.927000 0.050000 0.034000
11 0.484000 0.828000 0.040000 0.028000
11 0.124000 0.835000 0.048000 0.034000
6 0.714000 0.689000 0.164000 0.074000
11 0.165000 0.900000 0.046000 0.032000
11 0.249000 0.966000 0.050000 0.028000
3 0.316000 0.055000 0.116000 0.054000
11 0.987000 0.625000 0.022000 0.046000
7 0.985000 0.670000 0.026000 0.048000
7 0.610670 0.758670 0.053340 0.041340
