2 0.582000 0.503000 0.176000 0.178000
2 0.753000 0.908000 0.314000 0.180000
2 0.583000 0.661000 0.158000 0.138000
2 0.241000 0.700000 0.254000 0.272000
2 0.908000 0.035000 0.180000 0.070000
11 0.492000 0.870000 0.032000 0.056000
2 0.147000 0.469000 0.254000 0.254000
11 0.474000 0.813000 0.032000 0.046000
11 0.256000 0.256000 0.036000 0.052000
11 0.451000 0.754000 0.034000 0.048000
11 0.430000 0.680000 0.036000 0.056000
11 0.370000 0.629000 0.028000 0.046000
2 0.485000 0.158000 0.306000 0.316000
11 0.516000 0.926000 0.032000 0.056000
13 0.948000 0.214000 0.100000 0.116000
11 0.536000 0.978000 0.036000 0.040000
11 0.370000 0.442000 0.020000 0.028000
11 0.939000 0.991000 0.038000 0.014000
2 0.101000 0.189000 0.202000 0.374000
2 0.412000 0.980000 0.168000 0.036000
7 0.157000 0.064000 0.042000 0.064000
11 0.156000 0.004000 0.032000 0.008000
2 0.264000 0.009000 0.140000 0.018000
13 0.940730 0.400740 0.117460 0.125480
2 0.919640 0.869840 0.159280 0.175680
2 0.608650 0.354990 0.457300 0.197980
2 0.328000 0.899000 0.228000 0.202000
