2 0.057000 0.779000 0.114000 0.106000
2 0.148000 0.943000 0.116000 0.110000
2 0.551000 0.945000 0.238000 0.106000
11 0.251000 0.297000 0.038000 0.030000
11 0.855000 0.960000 0.038000 0.032000
2 0.493000 0.678000 0.354000 0.236000
11 0.213000 0.835000 0.034000 0.042000
11 0.158000 0.739000 0.032000 0.046000
11 0.944000 0.922000 0.036000 0.032000
11 0.071000 0.585000 0.030000 0.042000
2 0.894000 0.797000 0.208000 0.162000
2 0.354000 0.428000 0.384000 0.252000
11 0.268000 0.872000 0.028000 0.032000
11 0.219000 0.899000 0.034000 0.042000
11 0.294000 0.976000 0.040000 0.044000
11 0.021000 0.496000 0.030000 0.044000
2 0.207000 0.176000 0.398000 0.256000
11 0.110000 0.698000 0.036000 0.048000
11 0.239000 0.980000 0.030000 0.036000
11 0.049000 0.545000 0.030000 0.046000
11 0.800000 0.984000 0.048000 0.028000
11 0.168000 0.805000 0.036000 0.046000
11 0.347000 0.243000 0.034000 0.026000
11 0.378000 0.518000 0.044000 0.036000
2 0.693000 0.061000 0.554000 0.122000
2 0.010000 0.621000 0.020000 0.078000
7 0.541000 0.825000 0.054000 0.042000
2 0.735000 0.518380 0.330000 0.348760
2 0.732130 0.887250 0.196260 0.162500
