3 0.827330 0.817330 0.090660 0.054660
7 0.244670 0.663330 0.033340 0.078660
2 0.403000 0.454000 0.118000 0.148000
2 0.934000 0.742000 0.128000 0.200000
11 0.215000 0.951000 0.042000 0.050000
7 0.654000 0.961000 0.060000 0.046000
2 0.886000 0.509000 0.144000 0.154000
11 0.779000 0.844000 0.034000 0.040000
7 0.511000 0.953000 0.070000 0.038000
11 0.876000 0.687000 0.032000 0.042000
2 0.798000 0.639000 0.144000 0.130000
11 0.924000 0.608000 0.028000 0.040000
3 0.041000 0.746000 0.046000 0.096000
11 0.453000 0.927000 0.046000 0.022000
11 0.851000 0.723000 0.030000 0.042000
11 0.135000 0.956000 0.046000 0.032000
7 0.143000 0.656000 0.030000 0.056000
11 0.130000 0.920000 0.052000 0.036000
11 0.228000 0.177000 0.024000 0.050000
11 0.284000 0.980000 0.036000 0.028000
11 0.721000 0.982000 0.046000 0.032000
11 0.107000 0.733000 0.030000 0.058000
2 0.029000 0.220000 0.058000 0.140000
11 0.014000 0.950000 0.028000 0.032000
2 0.026000 0.377000 0.052000 0.102000
11 0.188000 0.982000 0.036000 0.032000
3 0.371000 0.952000 0.058000 0.084000
11 0.192000 0.325000 0.028000 0.042000
11 0.255000 0.093000 0.030000 0.058000
2 0.763000 0.144000 0.454000 0.288000
11 0.798000 0.989000 0.052000 0.018000
11 0.550000 0.985000 0.048000 0.026000
11 0.571000 0.928000 0.050000 0.032000
11 0.135000 0.823000 0.034000 0.054000
2 0.744000 0.459000 0.168000 0.110000
11 0.595000 0.960000 0.042000 0.032000
7 0.918000 0.872000 0.060000 0.032000
11 0.144000 0.721000 0.028000 0.054000
2 0.021000 0.488000 0.042000 0.116000
11 0.008000 0.730000 0.016000 0.028000
7 0.151000 0.781000 0.058000 0.054000
11 0.226000 0.362000 0.024000 0.044000
11 0.134000 0.877000 0.032000 0.050000
11 0.219000 0.291000 0.026000 0.046000
11 0.134000 0.992000 0.032000 0.012000
2 0.032000 0.031000 0.064000 0.058000
