2 0.692000 0.664000 0.144000 0.144000
2 0.286000 0.906000 0.136000 0.148000
2 0.609000 0.936000 0.130000 0.124000
2 0.536000 0.501000 0.176000 0.174000
11 0.705000 0.811000 0.058000 0.050000
11 0.839000 0.897000 0.042000 0.038000
2 0.225000 0.719000 0.110000 0.134000
11 0.396000 0.621000 0.044000 0.042000
11 0.490000 0.671000 0.028000 0.046000
11 0.515000 0.739000 0.042000 0.038000
11 0.436000 0.649000 0.044000 0.034000
11 0.907000 0.939000 0.046000 0.038000
11 0.795000 0.871000 0.038000 0.042000
11 0.617000 0.758000 0.042000 0.036000
2 0.126000 0.763000 0.088000 0.094000
2 0.899000 0.823000 0.134000 0.138000
11 0.756000 0.846000 0.040000 0.036000
11 0.577000 0.737000 0.038000 0.034000
11 0.175000 0.594000 0.050000 0.040000
11 0.379000 0.726000 0.038000 0.036000
2 0.119000 0.645000 0.122000 0.134000
11 0.049000 0.515000 0.050000 0.042000
2 0.499000 0.902000 0.094000 0.104000
11 0.342000 0.702000 0.036000 0.036000
11 0.962000 0.971000 0.044000 0.038000
2 0.041000 0.955000 0.082000 0.086000
11 0.302000 0.675000 0.036000 0.038000
2 0.865000 0.712000 0.066000 0.072000
11 0.532000 0.816000 0.036000 0.032000
2 0.238000 0.348000 0.476000 0.440000
7 0.573000 0.841000 0.046000 0.038000
4 0.718320 0.169700 0.560640 0.335400
2 0.941000 0.696000 0.114000 0.116000
7 0.445710 0.763090 0.055420 0.046180
