2 0.823000 0.594000 0.102000 0.096000
2 0.803000 0.337000 0.134000 0.102000
2 0.149000 0.834000 0.134000 0.152000
2 0.559000 0.893000 0.102000 0.102000
2 0.744000 0.094000 0.092000 0.140000
2 0.518000 0.560000 0.136000 0.084000
2 0.130000 0.962000 0.132000 0.072000
2 0.779000 0.485000 0.090000 0.102000
2 0.361000 0.050000 0.110000 0.100000
2 0.162000 0.472000 0.168000 0.128000
2 0.799000 0.805000 0.102000 0.094000
2 0.952000 0.367000 0.092000 0.126000
2 0.064000 0.041000 0.128000 0.082000
2 0.573000 0.679000 0.122000 0.074000
2 0.850000 0.920000 0.112000 0.120000
2 0.247000 0.048000 0.110000 0.096000
2 0.464000 0.052000 0.072000 0.104000
2 0.802000 0.703000 0.096000 0.102000
2 0.536000 0.393000 0.160000 0.138000
3 0.698000 0.292000 0.064000 0.048000
2 0.237000 0.333000 0.098000 0.094000
2 0.157000 0.666000 0.186000 0.100000
2 0.978000 0.712000 0.040000 0.120000
2 0.467000 0.673000 0.102000 0.078000
2 0.636000 0.057000 0.096000 0.114000
3 0.029000 0.265000 0.058000 0.050000
11 0.649000 0.935000 0.022000 0.038000
11 0.661000 0.589000 0.026000 0.042000
11 0.722000 0.679000 0.028000 0.046000
11 0.675000 0.381000 0.026000 0.046000
11 0.045000 0.811000 0.026000 0.050000
11 0.038000 0.978000 0.024000 0.040000
11 0.668000 0.476000 0.024000 0.048000
11 0.654000 0.827000 0.024000 0.046000
11 0.052000 0.541000 0.024000 0.046000
11 0.009000 0.325000 0.018000 0.046000
2 0.495000 0.978000 0.202000 0.040000
11 0.717000 0.725000 0.026000 0.046000
2 0.351000 0.342000 0.110000 0.064000
2 0.100000 0.357000 0.060000 0.094000
11 0.008000 0.380000 0.016000 0.044000
2 0.318000 0.971000 0.056000 0.054000
11 0.659000 0.675000 0.022000 0.046000
11 0.650000 0.877000 0.024000 0.050000
11 0.059000 0.383000 0.022000 0.042000
2 0.288000 0.460000 0.088000 0.152000
11 0.046000 0.862000 0.024000 0.040000
11 0.004000 0.550000 0.008000 0.048000
11 0.663000 0.524000 0.022000 0.040000
11 0.055000 0.442000 0.026000 0.048000
11 0.046000 0.759000 0.024000 0.046000
11 0.004000 0.591000 0.008000 0.046000
11 0.004000 0.440000 0.008000 0.044000
2 0.575000 0.774000 0.062000 0.060000
2 0.894000 0.064000 0.208000 0.128000
11 0.004000 0.647000 0.008000 0.046000
2 0.939000 0.987000 0.110000 0.022000
