2 0.389000 0.451000 0.206000 0.214000
2 0.936000 0.226000 0.124000 0.152000
2 0.742500 0.274500 0.221000 0.201000
2 0.663000 0.178000 0.134000 0.148000
2 0.862000 0.598000 0.172000 0.144000
2 0.610000 0.402000 0.132000 0.132000
6 0.878380 0.422890 0.160760 0.085780
11 0.054000 0.671000 0.040000 0.046000
2 0.184000 0.558000 0.228000 0.232000
2 0.735000 0.677000 0.166000 0.198000
2 0.686620 0.060230 0.265240 0.116460
2 0.030000 0.271000 0.060000 0.142000
2 0.271000 0.904000 0.194000 0.188000
11 0.989000 0.419000 0.018000 0.030000
2 0.884000 0.026000 0.056000 0.052000
2 0.092000 0.964000 0.184000 0.068000
2 0.257000 0.148000 0.334000 0.296000
