2 0.775000 0.274000 0.106000 0.180000
2 0.204000 0.239000 0.080000 0.134000
2 0.401000 0.753000 0.150000 0.130000
2 0.317000 0.568000 0.118000 0.120000
3 0.147000 0.165000 0.110000 0.046000
11 0.107000 0.661000 0.030000 0.054000
11 0.154000 0.302000 0.024000 0.044000
3 0.095000 0.559000 0.082000 0.046000
11 0.116000 0.606000 0.024000 0.036000
7 0.191000 0.033000 0.034000 0.062000
11 0.252000 0.973000 0.032000 0.042000
11 0.093000 0.758000 0.030000 0.048000
11 0.077000 0.836000 0.038000 0.056000
2 0.980000 0.214000 0.036000 0.144000
11 0.072000 0.890000 0.028000 0.052000
2 0.664000 0.948000 0.124000 0.100000
2 0.721000 0.565000 0.150000 0.322000
11 0.096000 0.711000 0.036000 0.046000
2 0.803000 0.103000 0.106000 0.182000
2 0.948000 0.881000 0.100000 0.106000
2 0.299000 0.056000 0.122000 0.112000
2 0.027000 0.254690 0.054000 0.189380
2 0.200000 0.470000 0.116000 0.152000
2 0.947540 0.583850 0.103080 0.207700
2 0.464460 0.046150 0.136920 0.092300
