2 0.715000 0.347000 0.134000 0.202000
2 0.325000 0.329000 0.110000 0.118000
2 0.086000 0.810000 0.172000 0.260000
7 0.883000 0.647000 0.074000 0.038000
11 0.737000 0.542000 0.050000 0.032000
2 0.703000 0.698000 0.194000 0.148000
11 0.411000 0.587000 0.046000 0.026000
11 0.601000 0.601000 0.046000 0.026000
2 0.536000 0.333000 0.140000 0.190000
2 0.195000 0.276000 0.090000 0.136000
2 0.410000 0.825000 0.216000 0.346000
11 0.989000 0.562000 0.018000 0.032000
2 0.147000 0.980000 0.210000 0.036000
11 0.859000 0.558000 0.046000 0.028000
11 0.004000 0.514000 0.008000 0.036000
