2 0.929000 0.941000 0.138000 0.114000
2 0.610000 0.947000 0.204000 0.102000
11 0.946000 0.826000 0.040000 0.032000
11 0.973000 0.782000 0.042000 0.036000
2 0.126000 0.689000 0.252000 0.454000
11 0.980000 0.735000 0.036000 0.030000
2 0.961000 0.076000 0.074000 0.152000
2 0.842000 0.583000 0.296000 0.590000
2 0.380000 0.906000 0.168000 0.184000
2 0.039000 0.973000 0.078000 0.050000
11 0.985000 0.689000 0.026000 0.030000
2 0.642000 0.010000 0.268000 0.020000
2 0.252000 0.246000 0.504000 0.464000
11 0.071000 0.074000 0.030000 0.036000
