2 0.802000 0.609000 0.284000 0.234000
2 0.086000 0.540000 0.172000 0.204000
2 0.589000 0.262000 0.322000 0.264000
2 0.473000 0.079000 0.090000 0.102000
2 0.545000 0.516000 0.194000 0.208000
2 0.899000 0.310000 0.198000 0.188000
2 0.276560 0.171190 0.325120 0.206380
2 0.311000 0.043000 0.202000 0.086000
2 0.883000 0.052000 0.138000 0.104000
2 0.243000 0.390000 0.138000 0.204000
2 0.865000 0.890000 0.166000 0.216000
11 0.994000 0.693000 0.008000 0.038000
2 0.277010 0.683940 0.246020 0.291880
2 0.574980 0.878890 0.329960 0.241780
2 0.055700 0.254760 0.111400 0.213520
2 0.082580 0.089830 0.133160 0.091660
