9 0.792690 0.352850 0.289380 0.285700
2 0.685000 0.762000 0.618000 0.472000
11 0.374000 0.830000 0.032000 0.040000
11 0.390000 0.789000 0.032000 0.042000
11 0.939000 0.932000 0.046000 0.032000
11 0.338000 0.733000 0.044000 0.034000
11 0.337000 0.923000 0.026000 0.042000
11 0.443000 0.649000 0.030000 0.042000
11 0.495000 0.034000 0.062000 0.036000
11 0.309000 0.800000 0.046000 0.036000
11 0.976000 0.832000 0.044000 0.036000
11 0.953000 0.884000 0.046000 0.036000
11 0.971000 0.502000 0.054000 0.040000
11 0.919000 0.976000 0.042000 0.036000
3 0.568000 0.329000 0.056000 0.166000
7 0.915230 0.064620 0.098460 0.049240
