2 0.310000 0.265000 0.228000 0.190000
3 0.032000 0.307000 0.064000 0.114000
2 0.455330 0.732000 0.910660 0.536000
7 0.555000 0.921000 0.038000 0.074000
2 0.908000 0.424000 0.180000 0.336000
11 0.416000 0.958000 0.044000 0.036000
7 0.339000 0.371000 0.066000 0.046000
7 0.455000 0.842000 0.050000 0.036000
7 0.858000 0.589000 0.068000 0.050000
11 0.457000 0.816000 0.050000 0.032000
11 0.082000 0.298000 0.036000 0.032000
11 0.429000 0.916000 0.046000 0.036000
11 0.622000 0.886000 0.040000 0.032000
7 0.035000 0.098000 0.038000 0.060000
11 0.991000 0.172000 0.014000 0.044000
11 0.206000 0.735000 0.044000 0.030000
11 0.296000 0.390000 0.040000 0.028000
11 0.453000 0.872000 0.042000 0.032000
11 0.209000 0.468000 0.046000 0.036000
2 0.873000 0.012000 0.250000 0.024000
2 0.660000 0.389000 0.232000 0.174000
2 0.489330 0.330000 0.210660 0.152000
2 0.755330 0.123330 0.242660 0.218660
2 0.590000 0.086670 0.200000 0.173340
