2 0.767000 0.340000 0.130000 0.120000
2 0.385000 0.783000 0.158000 0.190000
2 0.537000 0.510000 0.118000 0.128000
2 0.860000 0.712000 0.120000 0.100000
2 0.961000 0.580000 0.074000 0.116000
2 0.519000 0.619000 0.134000 0.110000
2 0.911000 0.930000 0.150000 0.120000
2 0.251000 0.560000 0.098000 0.136000
2 0.447000 0.194000 0.150000 0.088000
2 0.735000 0.150000 0.102000 0.084000
2 0.507000 0.396000 0.150000 0.100000
2 0.591000 0.825000 0.206000 0.226000
2 0.860000 0.083000 0.104000 0.094000
2 0.692000 0.026000 0.116000 0.052000
2 0.176000 0.060000 0.096000 0.116000
2 0.068000 0.168000 0.136000 0.108000
11 0.141000 0.403000 0.046000 0.030000
11 0.678000 0.612000 0.032000 0.052000
11 0.716000 0.857000 0.028000 0.042000
11 0.584000 0.057000 0.032000 0.050000
11 0.652000 0.455000 0.028000 0.046000
11 0.601000 0.164000 0.030000 0.044000
11 0.708000 0.765000 0.028000 0.042000
11 0.712000 0.809000 0.028000 0.046000
11 0.975000 0.034000 0.046000 0.044000
11 0.661000 0.504000 0.026000 0.044000
2 0.028000 0.870000 0.056000 0.112000
11 0.608000 0.206000 0.024000 0.044000
11 0.105000 0.010000 0.046000 0.020000
11 0.573000 0.013000 0.026000 0.026000
11 0.730000 0.909000 0.028000 0.050000
11 0.151000 0.430000 0.042000 0.024000
2 0.985000 0.393000 0.026000 0.114000
2 0.028000 0.742000 0.056000 0.124000
2 0.056000 0.964000 0.112000 0.068000
