2 0.181000 0.256000 0.146000 0.152000
2 0.222000 0.422000 0.128000 0.136000
2 0.458000 0.238000 0.108000 0.104000
7 0.761000 0.079000 0.042000 0.058000
11 0.577000 0.158000 0.046000 0.044000
11 0.678000 0.204000 0.032000 0.040000
11 0.962000 0.638000 0.036000 0.036000
7 0.535000 0.942000 0.046000 0.060000
11 0.976000 0.232000 0.036000 0.048000
2 0.518000 0.059000 0.228000 0.118000
7 0.722000 0.797500 0.064000 0.059000
7 0.907000 0.026000 0.046000 0.052000
7 0.651880 0.583000 0.047760 0.046000
11 0.946000 0.274000 0.032000 0.044000
11 0.224000 0.883000 0.032000 0.038000
7 0.905120 0.925620 0.070240 0.067240
11 0.992000 0.336000 0.012000 0.044000
7 0.480000 0.610000 0.040000 0.048000
11 0.992000 0.603000 0.012000 0.034000
2 0.322750 0.363380 0.157500 0.198760
7 0.825750 0.866000 0.067500 0.060000
11 0.561380 0.951880 0.038760 0.043760
7 0.593250 0.802130 0.042500 0.076260
7 0.528130 0.463380 0.036260 0.058760
11 0.959630 0.304880 0.031260 0.033760
11 0.572000 0.889630 0.040000 0.051260
7 0.623000 0.972000 0.050000 0.040000
7 0.652250 0.927880 0.052500 0.043760
7 0.669750 0.908000 0.047500 0.040000
