2 0.075000 0.465000 0.138000 0.126000
2 0.887000 0.276000 0.222000 0.264000
7 0.100000 0.606000 0.044000 0.056000
2 0.204000 0.871000 0.400000 0.254000
11 0.034000 0.717000 0.040000 0.046000
11 0.492000 0.168000 0.040000 0.040000
11 0.334000 0.245000 0.032000 0.042000
11 0.164000 0.512000 0.040000 0.048000
11 0.420000 0.111000 0.036000 0.050000
11 0.709000 0.908000 0.042000 0.032000
11 0.272000 0.344000 0.032000 0.040000
7 0.303260 0.295090 0.050520 0.066180
11 0.132000 0.563000 0.036000 0.046000
11 0.448000 0.867000 0.048000 0.034000
11 0.545000 0.881000 0.054000 0.034000
2 0.169420 0.331340 0.166840 0.182680
11 0.248000 0.386000 0.036000 0.044000
11 0.036000 0.265000 0.040000 0.030000
7 0.953000 0.953000 0.054000 0.038000
7 0.873000 0.979000 0.030000 0.042000
11 0.904000 0.948000 0.052000 0.036000
11 0.025000 0.301000 0.046000 0.030000
2 0.303000 0.052000 0.222000 0.104000
11 0.851000 0.936000 0.046000 0.032000
11 0.075000 0.205000 0.030000 0.050000
11 0.036000 0.237000 0.040000 0.026000
11 0.026000 0.107000 0.020000 0.042000
2 0.082000 0.046000 0.152000 0.080000
2 0.765000 0.568000 0.346000 0.436000
7 0.765000 0.921000 0.070000 0.038000
11 0.063000 0.108000 0.022000 0.044000
2 0.973000 0.041000 0.050000 0.082000
11 0.892000 0.982000 0.028000 0.032000
2 0.013000 0.631000 0.026000 0.098000
11 0.939000 0.985000 0.026000 0.026000
11 0.740000 0.961000 0.020000 0.046000
2 0.508000 0.938000 0.240000 0.120000
2 0.175000 0.126000 0.078000 0.088000
11 0.774000 0.967000 0.024000 0.046000
2 0.218730 0.212280 0.181460 0.092560
2 0.284020 0.140970 0.112040 0.077940
