9 0.236690 0.808460 0.357380 0.360920
2 0.733000 0.744000 0.198000 0.232000
7 0.673000 0.445000 0.050000 0.042000
11 0.583000 0.522000 0.046000 0.044000
2 0.784000 0.111000 0.320000 0.222000
7 0.703000 0.335000 0.054000 0.042000
11 0.562000 0.767000 0.024000 0.046000
3 0.337000 0.566000 0.070000 0.080000
11 0.585000 0.360000 0.042000 0.036000
11 0.499000 0.467000 0.046000 0.046000
11 0.694000 0.300000 0.056000 0.040000
11 0.564000 0.709000 0.028000 0.042000
11 0.548000 0.971000 0.024000 0.046000
11 0.556000 0.844000 0.024000 0.052000
2 0.931000 0.835000 0.134000 0.310000
3 0.168000 0.582000 0.068000 0.056000
11 0.426000 0.471000 0.044000 0.042000
2 0.196000 0.068000 0.168000 0.136000
11 0.128000 0.384000 0.040000 0.072000
