11 0.668000 0.914000 0.040000 0.032000
11 0.712000 0.932000 0.048000 0.032000
11 0.128000 0.302000 0.048000 0.028000
11 0.893000 0.215000 0.050000 0.030000
11 0.472000 0.201000 0.048000 0.030000
11 0.273000 0.243000 0.050000 0.030000
11 0.497000 0.243000 0.042000 0.026000
11 0.308000 0.615000 0.032000 0.046000
7 0.696000 0.430000 0.060000 0.036000
11 0.691000 0.049000 0.050000 0.030000
11 0.978000 0.181000 0.040000 0.030000
11 0.980000 0.216000 0.036000 0.028000
7 0.181000 0.374000 0.050000 0.028000
2 0.792000 0.692000 0.412000 0.456000
2 0.071000 0.458000 0.142000 0.156000
2 0.319000 0.513000 0.414000 0.230000
11 0.506000 0.399000 0.032000 0.026000
11 0.548000 0.669000 0.024000 0.042000
11 0.973000 0.035000 0.050000 0.030000
11 0.842000 0.985000 0.048000 0.026000
11 0.777000 0.027000 0.050000 0.030000
11 0.647000 0.416000 0.038000 0.024000
11 0.369000 0.020000 0.050000 0.028000
3 0.499000 0.793000 0.066000 0.042000
3 0.527000 0.883000 0.054000 0.082000
3 0.566000 0.447000 0.068000 0.050000
2 0.638000 0.975000 0.260000 0.046000
11 0.628000 0.892000 0.036000 0.028000
11 0.834000 0.061000 0.032000 0.026000
