7 0.071000 0.411000 0.030000 0.066000
11 0.678000 0.246000 0.032000 0.048000
11 0.600000 0.443000 0.028000 0.046000
7 0.952000 0.631000 0.056000 0.042000
2 0.943000 0.846000 0.110000 0.128000
6 0.600000 0.795960 0.184000 0.079920
2 0.197000 0.249000 0.238000 0.386000
2 0.698000 0.913000 0.508000 0.170000
11 0.060000 0.982000 0.052000 0.032000
3 0.589000 0.376000 0.070000 0.052000
2 0.920000 0.517000 0.148000 0.130000
11 0.712000 0.151000 0.036000 0.046000
3 0.402000 0.976000 0.084000 0.044000
11 0.945000 0.606000 0.042000 0.036000
3 0.030000 0.175000 0.060000 0.070000
2 0.777000 0.486000 0.434000 0.472000
2 0.337340 0.710210 0.158680 0.328420
2 0.842000 0.136000 0.240000 0.272000
2 0.024000 0.025000 0.048000 0.050000
2 0.164460 0.502180 0.128920 0.128360
6 0.093550 0.670590 0.035100 0.121180
