11 0.916000 0.182000 0.056000 0.036000
2 0.316990 0.752540 0.633980 0.493080
11 0.585000 0.897000 0.034000 0.046000
7 0.496000 0.923000 0.044000 0.062000
11 0.793000 0.575000 0.042000 0.050000
2 0.656000 0.931000 0.224000 0.134000
3 0.708000 0.671000 0.084000 0.066000
2 0.755380 0.816660 0.166760 0.181320
11 0.687000 0.737000 0.034000 0.050000
2 0.530000 0.595000 0.264000 0.262000
2 0.920000 0.599000 0.156000 0.246000
11 0.617000 0.735000 0.034000 0.046000
7 0.892000 0.443000 0.056000 0.058000
6 0.978000 0.758000 0.040000 0.048000
11 0.548000 0.939000 0.024000 0.030000
11 0.596000 0.772000 0.028000 0.036000
2 0.908000 0.917000 0.180000 0.162000
2 0.259000 0.245000 0.518000 0.246000
2 0.624780 0.347690 0.329560 0.263380
