2 0.640000 0.384000 0.208000 0.276000
2 0.061000 0.239000 0.122000 0.134000
11 0.216000 0.100000 0.060000 0.036000
11 0.347000 0.142000 0.054000 0.032000
11 0.108000 0.070000 0.052000 0.032000
11 0.430000 0.166000 0.056000 0.036000
2 0.719000 0.911000 0.170000 0.174000
11 0.017000 0.842000 0.034000 0.036000
2 0.082000 0.610000 0.164000 0.156000
2 0.191000 0.772000 0.190000 0.148000
7 0.072000 0.870000 0.040000 0.036000
2 0.097000 0.927000 0.194000 0.142000
2 0.362620 0.660620 0.149240 0.209240
2 0.052310 0.468460 0.104620 0.136920
2 0.157080 0.521690 0.126160 0.115380
2 0.254310 0.600000 0.184620 0.180000
2 0.313230 0.852770 0.178460 0.201540
2 0.646920 0.734000 0.293840 0.180000
2 0.526000 0.900000 0.180000 0.200000
3 0.804920 0.174310 0.073840 0.084620
