2 0.384000 0.642000 0.108000 0.204000
2 0.659000 0.315000 0.142000 0.118000
2 0.779000 0.257000 0.114000 0.154000
11 0.527000 0.849000 0.066000 0.042000
2 0.016000 0.272000 0.032000 0.176000
2 0.709000 0.696000 0.162000 0.096000
2 0.507000 0.563000 0.102000 0.170000
2 0.142000 0.836000 0.128000 0.120000
2 0.244000 0.470000 0.072000 0.112000
2 0.297000 0.973000 0.134000 0.050000
2 0.589000 0.510000 0.070000 0.164000
11 0.949000 0.146000 0.018000 0.024000
2 0.142000 0.478000 0.148000 0.172000
2 0.431000 0.425000 0.086000 0.094000
11 0.965000 0.146000 0.014000 0.024000
2 0.099000 0.961000 0.106000 0.074000
2 0.318000 0.432150 0.100000 0.192300
