2 0.436000 0.234000 0.104000 0.140000
2 0.442000 0.071000 0.100000 0.110000
2 0.368000 0.571000 0.096000 0.134000
11 0.313000 0.837000 0.026000 0.046000
2 0.957000 0.614000 0.082000 0.120000
11 0.310000 0.891000 0.020000 0.042000
11 0.116000 0.068000 0.024000 0.036000
11 0.340000 0.259000 0.020000 0.054000
2 0.093770 0.574770 0.187540 0.357540
2 0.940000 0.476000 0.116000 0.148000
3 0.332000 0.010000 0.044000 0.020000
11 0.346000 0.127000 0.024000 0.046000
11 0.246000 0.980000 0.020000 0.036000
2 0.418500 0.881500 0.169000 0.235000
14 0.809500 0.566000 0.151000 0.868000
2 0.901000 0.126000 0.198000 0.252000
2 0.063850 0.244620 0.127700 0.169240
