2 0.499000 0.668000 0.138000 0.124000
2 0.673000 0.685000 0.106000 0.138000
2 0.219000 0.630000 0.122000 0.116000
2 0.503000 0.893000 0.138000 0.130000
2 0.897000 0.666000 0.202000 0.140000
2 0.497000 0.338000 0.198000 0.164000
2 0.157000 0.814000 0.098000 0.092000
2 0.300000 0.851000 0.108000 0.122000
2 0.955000 0.943000 0.086000 0.110000
2 0.618000 0.908000 0.116000 0.124000
2 0.867000 0.936000 0.114000 0.124000
2 0.070000 0.825000 0.088000 0.134000
11 0.772000 0.837000 0.048000 0.038000
11 0.617000 0.800000 0.050000 0.028000
2 0.141000 0.331000 0.182000 0.174000
2 0.867000 0.348000 0.262000 0.172000
2 0.067000 0.978000 0.118000 0.040000
11 0.975000 0.826000 0.046000 0.024000
2 0.264000 0.992000 0.108000 0.012000
2 0.475000 0.980000 0.194000 0.036000
11 0.925000 0.816000 0.038000 0.024000
2 0.721000 0.918000 0.082000 0.116000
11 0.208000 0.879000 0.028000 0.046000
