2 0.094000 0.800000 0.188000 0.396000
3 0.709000 0.608000 0.070000 0.096000
3 0.719000 0.514000 0.086000 0.080000
11 0.430000 0.106000 0.036000 0.048000
2 0.039000 0.297000 0.078000 0.206000
2 0.855000 0.336000 0.286000 0.256000
2 0.392000 0.468000 0.540000 0.636000
2 0.901000 0.601000 0.194000 0.286000
2 0.196140 0.157140 0.392280 0.314280
11 0.380000 0.020000 0.036000 0.032000
2 0.621000 0.067000 0.218000 0.134000
11 0.471000 0.172000 0.038000 0.040000
2 0.827720 0.110360 0.343440 0.220720
2 0.534630 0.929000 0.277260 0.138000
2 0.797000 0.859000 0.334000 0.282000
