2 0.712000 0.447000 0.212000 0.374000
2 0.897000 0.888000 0.202000 0.196000
2 0.304000 0.336000 0.132000 0.124000
2 0.862000 0.054000 0.272000 0.108000
2 0.244000 0.494000 0.160000 0.148000
11 0.840000 0.313000 0.032000 0.054000
11 0.694000 0.100000 0.028000 0.044000
11 0.598000 0.128000 0.024000 0.040000
11 0.584000 0.172000 0.032000 0.044000
2 0.087000 0.332000 0.170000 0.140000
11 0.644000 0.186000 0.032000 0.048000
2 0.520000 0.966000 0.180000 0.064000
11 0.708000 0.049000 0.028000 0.042000
11 0.498000 0.775000 0.032000 0.050000
3 0.476000 0.830000 0.092000 0.068000
11 0.440000 0.512000 0.044000 0.040000
11 0.008000 0.182000 0.016000 0.036000
11 0.018000 0.141000 0.032000 0.046000
11 0.257000 0.405000 0.038000 0.034000
11 0.647000 0.296000 0.026000 0.048000
2 0.950000 0.181000 0.096000 0.138000
2 0.506000 0.368000 0.068000 0.104000
11 0.303000 0.428000 0.046000 0.040000
2 0.407000 0.668000 0.118000 0.104000
2 0.193000 0.041000 0.118000 0.082000
2 0.353000 0.802000 0.162000 0.216000
2 0.034000 0.502000 0.068000 0.116000
2 0.583000 0.006000 0.110000 0.012000
11 0.343000 0.455000 0.050000 0.042000
2 0.973000 0.497000 0.050000 0.382000
