2 0.867000 0.553000 0.262000 0.482000
7 0.841000 0.833000 0.074000 0.046000
2 0.323000 0.415000 0.182000 0.146000
3 0.598000 0.798000 0.088000 0.136000
2 0.558000 0.631000 0.244000 0.154000
7 0.217000 0.612000 0.066000 0.040000
3 0.895000 0.899000 0.078000 0.142000
2 0.280000 0.864000 0.560000 0.268000
7 0.518450 0.758700 0.060900 0.041400
7 0.516000 0.723000 0.056000 0.042000
11 0.583000 0.307000 0.046000 0.022000
11 0.392000 0.668000 0.044000 0.032000
7 0.908000 0.198000 0.032000 0.052000
3 0.776000 0.367000 0.056000 0.102000
2 0.678000 0.159000 0.412000 0.314000
2 0.186630 0.371940 0.141260 0.127880
11 0.233000 0.296000 0.046000 0.028000
3 0.052000 0.601000 0.096000 0.122000
11 0.717000 0.386000 0.038000 0.024000
2 0.186000 0.512000 0.200000 0.152000
2 0.952000 0.169000 0.092000 0.326000
2 0.567000 0.469000 0.346000 0.210000
11 0.439000 0.730000 0.042000 0.028000
2 0.698000 0.968000 0.252000 0.060000
11 0.385000 0.321000 0.054000 0.030000
2 0.037000 0.333000 0.074000 0.350000
2 0.359000 0.226000 0.270000 0.092000
7 0.719000 0.329000 0.070000 0.030000
7 0.134000 0.684000 0.060000 0.036000
3 0.701000 0.594000 0.042000 0.040000
2 0.070000 0.085000 0.140000 0.170000
11 0.332000 0.314000 0.044000 0.024000
11 0.441000 0.336000 0.042000 0.020000
2 0.360900 0.570290 0.177800 0.148580
2 0.264630 0.135320 0.141260 0.098640
