2 0.674000 0.354000 0.240000 0.164000
2 0.048000 0.786000 0.096000 0.112000
2 0.775000 0.872000 0.134000 0.124000
2 0.028000 0.916000 0.056000 0.100000
11 0.151000 0.679000 0.046000 0.038000
7 0.894000 0.299000 0.032000 0.062000
3 0.615000 0.878000 0.054000 0.084000
11 0.929000 0.631000 0.046000 0.034000
11 0.215000 0.702000 0.046000 0.036000
3 0.757000 0.616000 0.106000 0.060000
11 0.537000 0.816000 0.046000 0.032000
2 0.938000 0.386000 0.120000 0.140000
11 0.020000 0.631000 0.040000 0.034000
2 0.198000 0.844000 0.080000 0.096000
11 0.255000 0.719000 0.038000 0.034000
2 0.141000 0.160000 0.154000 0.140000
11 0.796000 0.422000 0.028000 0.056000
11 0.686000 0.769000 0.024000 0.042000
11 0.483000 0.802000 0.042000 0.032000
3 0.860000 0.573000 0.064000 0.094000
11 0.702000 0.726000 0.028000 0.048000
11 0.017000 0.692000 0.034000 0.032000
2 0.968000 0.531000 0.060000 0.158000
3 0.652000 0.964000 0.076000 0.060000
2 0.246000 0.301000 0.460000 0.598000
11 0.908000 0.566000 0.032000 0.024000
2 0.408000 0.922000 0.368000 0.152000
2 0.975000 0.796000 0.046000 0.148000
2 0.564000 0.608000 0.296000 0.404000
11 0.992000 0.610000 0.012000 0.036000
11 0.693000 0.927000 0.018000 0.042000
2 0.985000 0.066000 0.026000 0.124000
2 0.770000 0.037000 0.300000 0.074000
2 0.836240 0.744830 0.188480 0.197660
