2 0.149000 0.255000 0.158000 0.150000
2 0.313000 0.122000 0.206000 0.216000
2 0.079000 0.899000 0.158000 0.162000
11 0.100000 0.439000 0.036000 0.034000
11 0.355000 0.253000 0.038000 0.030000
2 0.620000 0.705000 0.324000 0.294000
11 0.322000 0.813000 0.044000 0.038000
11 0.216000 0.668000 0.044000 0.040000
2 0.377000 0.957000 0.094000 0.082000
11 0.675000 0.023000 0.030000 0.030000
11 0.221000 0.487000 0.050000 0.042000
12 0.206620 0.791850 0.069240 0.067700
11 0.269000 0.744000 0.038000 0.036000
11 0.018000 0.498000 0.036000 0.040000
11 0.149000 0.573000 0.042000 0.038000
11 0.303000 0.290000 0.034000 0.032000
2 0.110000 0.645000 0.164000 0.182000
11 0.253000 0.529000 0.042000 0.034000
2 0.929000 0.493000 0.138000 0.170000
11 0.062000 0.307000 0.032000 0.038000
11 0.073000 0.570000 0.038000 0.032000
11 0.902000 0.154000 0.036000 0.048000
3 0.460000 0.075000 0.064000 0.058000
2 0.608000 0.299000 0.568000 0.494000
7 0.017000 0.881000 0.034000 0.050000
2 0.966000 0.197000 0.064000 0.238000
2 0.542000 0.019000 0.120000 0.038000
2 0.893000 0.911000 0.214000 0.178000
