11 0.351000 0.932000 0.042000 0.052000
11 0.504000 0.710000 0.044000 0.052000
11 0.420000 0.821000 0.032000 0.042000
11 0.613000 0.545000 0.042000 0.054000
11 0.645000 0.499000 0.034000 0.046000
11 0.673000 0.454000 0.034000 0.044000
7 0.462000 0.328000 0.064000 0.036000
11 0.582000 0.592000 0.036000 0.048000
3 0.816360 0.350390 0.176720 0.056780
7 0.763000 0.302000 0.066000 0.032000
11 0.698000 0.416000 0.036000 0.044000
11 0.980000 0.017000 0.036000 0.034000
11 0.469000 0.758000 0.022000 0.028000
2 0.210270 0.619530 0.100540 0.095060
3 0.824110 0.197400 0.108220 0.106800
