2 0.620000 0.090000 0.256000 0.180000
2 0.707000 0.821000 0.186000 0.170000
2 0.569000 0.936000 0.138000 0.124000
11 0.231000 0.914000 0.046000 0.032000
2 0.091000 0.747000 0.174000 0.170000
11 0.049000 0.265000 0.042000 0.050000
11 0.098000 0.294000 0.040000 0.044000
11 0.025000 0.374000 0.034000 0.036000
7 0.128000 0.179000 0.048000 0.058000
11 0.132000 0.253000 0.036000 0.042000
11 0.326000 0.950000 0.044000 0.032000
11 0.462000 0.328000 0.028000 0.036000
3 0.332000 0.094000 0.072000 0.080000
11 0.190000 0.980000 0.052000 0.036000
11 0.091000 0.220000 0.034000 0.040000
3 0.262000 0.074000 0.068000 0.068000
11 0.918000 0.966000 0.040000 0.056000
11 0.672000 0.645000 0.032000 0.042000
7 0.021000 0.909000 0.042000 0.042000
11 0.472000 0.230000 0.032000 0.040000
2 0.427000 0.413000 0.198000 0.226000
7 0.205000 0.937000 0.054000 0.042000
2 0.289000 0.795000 0.222000 0.194000
2 0.883000 0.591000 0.230000 0.410000
2 0.770000 0.950000 0.228000 0.096000
11 0.169000 0.213000 0.038000 0.038000
2 0.116000 0.107000 0.232000 0.214000
3 0.269000 0.013000 0.062000 0.026000
2 0.957000 0.899000 0.082000 0.190000
11 0.719000 0.589000 0.034000 0.034000
2 0.301000 0.186000 0.090000 0.088000
2 0.134000 0.368000 0.104000 0.104000
11 0.132000 0.876000 0.040000 0.032000
2 0.064000 0.506000 0.128000 0.256000
