11 0.235740 0.108470 0.039480 0.044940
11 0.395020 0.049190 0.034040 0.050380
11 0.471910 0.779060 0.055820 0.038120
2 0.413000 0.483000 0.230000 0.266000
11 0.287000 0.222000 0.038000 0.056000
11 0.269000 0.098000 0.034000 0.056000
3 0.624000 0.828000 0.076000 0.120000
3 0.197000 0.587000 0.070000 0.110000
2 0.612000 0.109000 0.180000 0.218000
11 0.566000 0.809000 0.040000 0.054000
11 0.866000 0.146000 0.032000 0.040000
7 0.754000 0.839000 0.056000 0.042000
11 0.507000 0.921000 0.030000 0.038000
11 0.677000 0.902000 0.042000 0.028000
11 0.462000 0.948000 0.028000 0.048000
11 0.699000 0.813000 0.046000 0.038000
2 0.864000 0.487000 0.268000 0.758000
3 0.915000 0.951000 0.066000 0.078000
11 0.942000 0.055000 0.032000 0.046000
2 0.185000 0.850000 0.262000 0.296000
3 0.067000 0.290000 0.058000 0.080000
11 0.851000 0.891000 0.054000 0.042000
3 0.975000 0.934000 0.046000 0.072000
2 0.837000 0.052000 0.242000 0.104000
7 0.803000 0.865000 0.050000 0.038000
3 0.225000 0.271000 0.154000 0.114000
2 0.676890 0.948000 0.273780 0.100000
2 0.057000 0.083000 0.114000 0.166000
