3 0.941000 0.405000 0.114000 0.082000
2 0.407000 0.892000 0.210000 0.212000
11 0.939000 0.350000 0.030000 0.052000
2 0.832000 0.915000 0.332000 0.166000
2 0.533750 0.797880 0.127500 0.143760
11 0.529000 0.691000 0.050000 0.042000
11 0.635000 0.645000 0.050000 0.034000
2 0.216750 0.610630 0.337500 0.281260
11 0.297000 0.721000 0.042000 0.038000
11 0.422000 0.670000 0.044000 0.036000
11 0.082000 0.879000 0.052000 0.038000
11 0.382000 0.689000 0.044000 0.038000
11 0.051000 0.830000 0.038000 0.032000
11 0.492000 0.638000 0.040000 0.036000
3 0.770000 0.028000 0.080000 0.056000
2 0.374000 0.350000 0.244000 0.164000
2 0.594000 0.931000 0.144000 0.134000
11 0.243000 0.745000 0.054000 0.046000
7 0.161000 0.781000 0.062000 0.046000
2 0.429000 0.128000 0.326000 0.256000
3 0.985000 0.528000 0.026000 0.072000
2 0.241000 0.909000 0.126000 0.154000
3 0.890000 0.508000 0.060000 0.056000
2 0.609000 0.504000 0.234000 0.184000
2 0.633000 0.744000 0.130000 0.128000
2 0.781380 0.414500 0.158760 0.165000
2 0.899630 0.632380 0.171260 0.148760
2 0.747250 0.686250 0.162500 0.132500
2 0.919000 0.776000 0.162000 0.216000
2 0.443130 0.568250 0.146260 0.132500
2 0.707250 0.241130 0.182500 0.186260
2 0.565130 0.307130 0.166260 0.186260
2 0.056250 0.704250 0.112500 0.232500
4 0.458880 0.851130 0.093760 0.126260
