2 0.818000 0.362000 0.268000 0.212000
2 0.216000 0.207000 0.104000 0.102000
2 0.443000 0.606000 0.130000 0.120000
2 0.329000 0.553000 0.114000 0.122000
3 0.921000 0.159000 0.046000 0.082000
2 0.256000 0.837000 0.152000 0.138000
11 0.647000 0.909000 0.046000 0.034000
11 0.890000 0.039000 0.040000 0.030000
2 0.515000 0.251000 0.134000 0.130000
2 0.484000 0.046000 0.104000 0.092000
11 0.964000 0.629000 0.024000 0.038000
11 0.966000 0.244000 0.036000 0.052000
2 0.393000 0.245080 0.214000 0.322160
2 0.817000 0.617000 0.282000 0.330000
2 0.120000 0.035000 0.120000 0.070000
2 0.105000 0.422000 0.162000 0.244000
11 0.991000 0.039000 0.014000 0.050000
11 0.984000 0.585000 0.028000 0.042000
7 0.881000 0.805000 0.034000 0.054000
2 0.321000 0.024000 0.098000 0.048000
2 0.173000 0.606000 0.102000 0.112000
2 0.050000 0.925000 0.100000 0.146000
2 0.479000 0.903000 0.446000 0.190000
