2 0.695000 0.709000 0.226000 0.198000
2 0.767000 0.168000 0.138000 0.136000
2 0.137000 0.054000 0.118000 0.108000
2 0.885000 0.244000 0.134000 0.132000
2 0.689000 0.423000 0.146000 0.102000
2 0.806000 0.893000 0.144000 0.138000
2 0.172000 0.643000 0.228000 0.186000
2 0.545000 0.364000 0.130000 0.080000
2 0.436000 0.335000 0.112000 0.098000
2 0.825000 0.463000 0.114000 0.126000
11 0.707000 0.573000 0.054000 0.046000
11 0.929000 0.127000 0.046000 0.046000
2 0.039000 0.339000 0.078000 0.146000
2 0.195000 0.346000 0.118000 0.096000
11 0.765000 0.606000 0.042000 0.036000
11 0.786000 0.550000 0.048000 0.036000
11 0.932000 0.768000 0.032000 0.036000
11 0.179000 0.440000 0.046000 0.024000
11 0.677000 0.500000 0.042000 0.036000
2 0.391000 0.936000 0.206000 0.124000
11 0.322000 0.489000 0.044000 0.030000
11 0.520000 0.516000 0.040000 0.032000
11 0.566000 0.529000 0.044000 0.030000
11 0.615000 0.540000 0.046000 0.036000
2 0.535000 0.041000 0.158000 0.082000
11 0.026000 0.530000 0.048000 0.032000
2 0.310000 0.320000 0.116000 0.116000
11 0.171000 0.500000 0.042000 0.024000
2 0.973000 0.037000 0.050000 0.074000
2 0.322000 0.048000 0.132000 0.096000
2 0.955000 0.940000 0.086000 0.116000
11 0.255000 0.492000 0.050000 0.032000
