2 0.440670 0.189330 0.281340 0.190660
11 0.117330 0.307330 0.030660 0.046660
11 0.397330 0.792000 0.030660 0.052000
11 0.430000 0.784670 0.032000 0.061340
7 0.762000 0.571000 0.056000 0.042000
11 0.701000 0.548000 0.050000 0.032000
7 0.820670 0.596670 0.057340 0.037340
2 0.796000 0.447330 0.408000 0.338660
11 0.553330 0.467330 0.026660 0.034660
11 0.543330 0.500000 0.026660 0.036000
11 0.566670 0.426670 0.033340 0.049340
11 0.526670 0.368670 0.033340 0.053340
11 0.492670 0.479330 0.029340 0.050660
2 0.834000 0.181000 0.328000 0.362000
2 0.149000 0.680000 0.158000 0.176000
2 0.316000 0.744000 0.184000 0.204000
2 0.726000 0.866000 0.516000 0.264000
11 0.354000 0.080000 0.040000 0.048000
11 0.242000 0.142000 0.036000 0.048000
3 0.545000 0.617000 0.066000 0.098000
11 0.244000 0.223000 0.032000 0.042000
11 0.273000 0.185000 0.034000 0.042000
3 0.458000 0.686000 0.100000 0.060000
11 0.150000 0.261000 0.040000 0.046000
11 0.623000 0.632000 0.046000 0.032000
11 0.608000 0.527000 0.052000 0.038000
11 0.310000 0.046000 0.040000 0.044000
11 0.457000 0.767000 0.030000 0.046000
11 0.552000 0.275000 0.032000 0.042000
11 0.879000 0.610000 0.054000 0.036000
11 0.614000 0.247000 0.028000 0.038000
11 0.594000 0.324000 0.032000 0.048000
11 0.660000 0.119000 0.028000 0.046000
11 0.312000 0.140000 0.032000 0.036000
2 0.401000 0.403000 0.206000 0.202000
11 0.508000 0.419000 0.028000 0.054000
3 0.098000 0.405000 0.100000 0.074000
11 0.568000 0.226000 0.028000 0.048000
11 0.361000 0.893000 0.030000 0.054000
11 0.333000 0.980000 0.034000 0.036000
2 0.544000 0.074000 0.160000 0.148000
11 0.582000 0.180000 0.028000 0.044000
3 0.506000 0.534000 0.088000 0.068000
11 0.629000 0.026000 0.026000 0.044000
11 0.754000 0.732000 0.036000 0.024000
11 0.416000 0.007000 0.032000 0.014000
2 0.170000 0.982000 0.168000 0.032000
2 0.106000 0.869000 0.204000 0.186000
11 0.378000 0.044000 0.032000 0.032000
2 0.098000 0.250000 0.196000 0.272000
2 0.071000 0.014000 0.138000 0.028000
