3 0.530000 0.536000 0.060000 0.100000
2 0.480000 0.936000 0.252000 0.124000
3 0.723000 0.585000 0.098000 0.062000
11 0.666000 0.069000 0.028000 0.046000
11 0.756000 0.045000 0.032000 0.050000
11 0.622000 0.221000 0.024000 0.050000
3 0.944000 0.283000 0.092000 0.094000
3 0.668000 0.380000 0.088000 0.076000
11 0.707000 0.714000 0.026000 0.052000
11 0.717000 0.641000 0.026000 0.050000
11 0.700000 0.923000 0.024000 0.050000
11 0.638000 0.160000 0.028000 0.040000
11 0.650000 0.978000 0.024000 0.040000
11 0.698000 0.978000 0.028000 0.040000
2 0.410000 0.043000 0.308000 0.086000
2 0.931000 0.061000 0.134000 0.122000
11 0.673000 0.918000 0.022000 0.040000
11 0.654000 0.895000 0.024000 0.042000
2 0.881000 0.962000 0.182000 0.072000
7 0.704000 0.846000 0.032000 0.056000
3 0.971000 0.357000 0.054000 0.062000
2 0.097000 0.938000 0.194000 0.120000
11 0.738000 0.864000 0.024000 0.036000
11 0.714000 0.204000 0.032000 0.064000
2 0.093000 0.443000 0.186000 0.194000
2 0.903000 0.587000 0.190000 0.370000
2 0.342000 0.267000 0.388000 0.466000
11 0.740000 0.717000 0.020000 0.038000
2 0.041000 0.664000 0.082000 0.124000
