2 0.460000 0.276000 0.180000 0.264000
2 0.184000 0.112000 0.096000 0.076000
2 0.188000 0.330000 0.376000 0.168000
2 0.955000 0.118000 0.086000 0.156000
2 0.645000 0.652000 0.098000 0.184000
2 0.797000 0.786000 0.126000 0.092000
2 0.791000 0.138000 0.242000 0.160000
11 0.538000 0.737000 0.024000 0.050000
6 0.540000 0.518000 0.036000 0.072000
3 0.645000 0.262000 0.042000 0.068000
11 0.492000 0.827000 0.032000 0.046000
11 0.352000 0.518000 0.044000 0.028000
7 0.574820 0.359040 0.029640 0.070080
2 0.726000 0.345000 0.156000 0.106000
2 0.777000 0.526000 0.146000 0.124000
2 0.043000 0.063000 0.086000 0.126000
2 0.367260 0.078870 0.242520 0.157740
2 0.195000 0.006000 0.086000 0.012000
11 0.577000 0.477000 0.018000 0.030000
11 0.432000 0.800000 0.048000 0.028000
2 0.798000 0.026000 0.172000 0.052000
2 0.190000 0.045000 0.084000 0.058000
11 0.437000 0.744000 0.046000 0.028000
2 0.957000 0.873000 0.082000 0.102000
2 0.844560 0.350110 0.085120 0.108220
2 0.666810 0.513580 0.093620 0.119160
7 0.062140 0.532770 0.052280 0.025540
2 0.671850 0.855950 0.099700 0.083900
2 0.592400 0.855340 0.060800 0.082680
2 0.605070 0.945780 0.102140 0.107560
2 0.719580 0.931520 0.119160 0.079040
