2 0.464000 0.317000 0.220000 0.174000
2 0.622000 0.899000 0.200000 0.190000
2 0.902000 0.431000 0.168000 0.174000
2 0.597480 0.624920 0.346960 0.269840
7 0.726000 0.509000 0.056000 0.034000
2 0.200000 0.832000 0.400000 0.324000
2 0.314000 0.176000 0.152000 0.348000
7 0.880000 0.554000 0.060000 0.036000
2 0.126000 0.162000 0.252000 0.308000
2 0.046000 0.568000 0.092000 0.240000
2 0.850000 0.195000 0.120000 0.122000
2 0.035000 0.391000 0.070000 0.122000
2 0.182000 0.459000 0.208000 0.182000
2 0.853000 0.687000 0.290000 0.226000
2 0.363500 0.518170 0.207000 0.176340
2 0.685470 0.321620 0.234940 0.243240
2 0.533890 0.070710 0.227780 0.141420
