2 0.387000 0.048000 0.114000 0.096000
2 0.039000 0.927000 0.078000 0.142000
2 0.297000 0.908000 0.190000 0.180000
11 0.527000 0.147000 0.054000 0.038000
7 0.534000 0.110000 0.052000 0.036000
5 0.079410 0.482470 0.158820 0.372940
5 0.290940 0.312820 0.205880 0.337640
5 0.194710 0.689880 0.389420 0.371760
5 0.082350 0.138820 0.164700 0.277640
5 0.836000 0.363000 0.328000 0.262000
5 0.851650 0.158820 0.295300 0.217640
5 0.811650 0.633530 0.375300 0.387060
5 0.764120 0.873180 0.308240 0.182360
5 0.967760 0.926120 0.063520 0.108240
5 0.745530 0.960820 0.287060 0.077640
5 0.616240 0.117650 0.096480 0.235300
