11 0.895000 0.626000 0.034000 0.052000
2 0.126000 0.850000 0.252000 0.296000
11 0.195000 0.821000 0.046000 0.050000
11 0.804000 0.366000 0.028000 0.044000
11 0.279000 0.946000 0.046000 0.052000
3 0.337000 0.961000 0.102000 0.074000
11 0.844000 0.375000 0.032000 0.054000
11 0.686000 0.126000 0.032000 0.060000
2 0.419000 0.082000 0.402000 0.164000
11 0.237000 0.903000 0.042000 0.042000
11 0.962000 0.906000 0.036000 0.048000
11 0.980000 0.971000 0.036000 0.046000
2 0.142000 0.239000 0.280000 0.474000
11 0.709000 0.071000 0.042000 0.058000
11 0.823000 0.317000 0.038000 0.058000
3 0.957000 0.814000 0.082000 0.048000
2 0.910000 0.054000 0.176000 0.108000
11 0.943000 0.649000 0.038000 0.042000
11 0.939000 0.851000 0.038000 0.054000
2 0.464000 0.341000 0.396000 0.426000
2 0.697000 0.694000 0.306000 0.416000
11 0.862000 0.427000 0.024000 0.042000
2 0.913000 0.314000 0.170000 0.444000
2 0.225120 0.639230 0.194240 0.170460
2 0.395340 0.620610 0.146680 0.161220
2 0.512070 0.695430 0.132140 0.126860
2 0.433840 0.859820 0.183680 0.187640
2 0.340340 0.756500 0.220680 0.185000
