2 0.893000 0.515000 0.130000 0.134000
2 0.105000 0.660000 0.210000 0.204000
2 0.300000 0.513000 0.212000 0.194000
2 0.654000 0.310000 0.116000 0.108000
2 0.265000 0.129000 0.102000 0.110000
2 0.057000 0.924000 0.114000 0.148000
2 0.493000 0.880000 0.130000 0.144000
2 0.037000 0.048000 0.074000 0.096000
11 0.525000 0.440000 0.050000 0.044000
11 0.295000 0.303000 0.042000 0.030000
11 0.575000 0.475000 0.050000 0.038000
11 0.761000 0.594000 0.042000 0.032000
2 0.560000 0.218000 0.144000 0.136000
2 0.865000 0.941000 0.194000 0.114000
2 0.087000 0.357000 0.174000 0.250000
2 0.860000 0.294000 0.100000 0.100000
2 0.631000 0.021000 0.170000 0.042000
13 0.889000 0.071000 0.222000 0.142000
2 0.247000 0.975000 0.214000 0.046000
11 0.433000 0.387000 0.030000 0.026000
