2 0.228000 0.837000 0.228000 0.322000
2 0.062000 0.729000 0.124000 0.202000
11 0.819000 0.102000 0.034000 0.048000
11 0.316000 0.018000 0.056000 0.036000
11 0.563000 0.687000 0.058000 0.042000
11 0.892280 0.848000 0.040560 0.056000
11 0.533000 0.745000 0.050000 0.038000
7 0.272000 0.124000 0.032000 0.064000
11 0.715000 0.449000 0.026000 0.046000
11 0.759000 0.288000 0.038000 0.048000
11 0.777000 0.243000 0.026000 0.042000
11 0.586000 0.614000 0.044000 0.032000
11 0.740000 0.354000 0.048000 0.056000
2 0.533000 0.399500 0.106000 0.131000
2 0.162000 0.365500 0.100000 0.095000
2 0.496500 0.557500 0.173000 0.139000
2 0.044500 0.421000 0.089000 0.138000
3 0.736500 0.299000 0.077000 0.042000
2 0.421000 0.093500 0.114000 0.171000
2 0.294000 0.380500 0.088000 0.121000
2 0.550000 0.065000 0.116000 0.126000
2 0.694000 0.226000 0.096000 0.156000
11 0.686000 0.541000 0.032000 0.046000
2 0.037000 0.129500 0.074000 0.119000
2 0.646500 0.068500 0.089000 0.125000
