2 0.253000 0.245000 0.150000 0.158000
2 0.639000 0.572000 0.286000 0.280000
2 0.522000 0.844000 0.168000 0.164000
2 0.664650 0.343260 0.253300 0.226520
2 0.727000 0.248000 0.134000 0.124000
2 0.160000 0.544000 0.320000 0.372000
11 0.752000 0.642000 0.032000 0.036000
2 0.817760 0.477850 0.131520 0.143700
11 0.842000 0.538000 0.036000 0.040000
2 0.968000 0.865000 0.060000 0.102000
11 0.343000 0.807000 0.034000 0.042000
11 0.596000 0.851000 0.036000 0.046000
11 0.530000 0.980000 0.032000 0.036000
2 0.133000 0.147000 0.126000 0.122000
2 0.603000 0.966000 0.134000 0.064000
2 0.893000 0.947000 0.102000 0.102000
11 0.772000 0.105000 0.036000 0.026000
2 0.918000 0.229000 0.160000 0.294000
2 0.492000 0.014000 0.144000 0.028000
2 0.823000 0.747000 0.102000 0.106000
11 0.384000 0.742000 0.032000 0.040000
2 0.010000 0.048000 0.020000 0.096000
11 0.684000 0.724000 0.028000 0.024000
2 0.352000 0.982000 0.160000 0.032000
2 0.707000 0.971000 0.082000 0.054000
2 0.673590 0.074290 0.163180 0.148580
2 0.627000 0.009000 0.134000 0.018000
2 0.936000 0.584000 0.124000 0.192000
11 0.964000 0.396000 0.032000 0.040000
2 0.280000 0.802000 0.156000 0.152000
2 0.888980 0.414020 0.133960 0.140040
2 0.139770 0.941930 0.159540 0.115860
