11 0.441000 0.078000 0.042000 0.044000
2 0.247000 0.424000 0.194000 0.216000
11 0.411000 0.140000 0.042000 0.044000
11 0.550000 0.177000 0.048000 0.050000
11 0.488000 0.119000 0.040000 0.046000
11 0.432000 0.327000 0.048000 0.054000
3 0.177000 0.052000 0.094000 0.104000
11 0.112000 0.830000 0.032000 0.052000
3 0.959000 0.816000 0.078000 0.080000
11 0.027000 0.615000 0.022000 0.038000
2 0.164120 0.645510 0.180240 0.207020
2 0.097000 0.264000 0.194000 0.272000
11 0.409000 0.013000 0.042000 0.026000
2 0.030000 0.855000 0.060000 0.278000
7 0.014000 0.573000 0.028000 0.054000
7 0.381000 0.067000 0.054000 0.058000
2 0.249160 0.914980 0.158320 0.161960
11 0.176000 0.982000 0.024000 0.032000
2 0.765000 0.920000 0.290000 0.156000
2 0.426000 0.557000 0.192000 0.190000
2 0.532030 0.665760 0.196060 0.131520
2 0.680300 0.765860 0.204600 0.171720
2 0.261440 0.803680 0.250880 0.147360
2 0.116730 0.490900 0.209460 0.149800
2 0.516720 0.898560 0.153440 0.201120
