2 0.136000 0.663000 0.220000 0.210000
2 0.772000 0.712000 0.204000 0.224000
2 0.070000 0.869000 0.140000 0.194000
2 0.564000 0.305000 0.380000 0.238000
11 0.901000 0.518000 0.046000 0.036000
2 0.941000 0.318000 0.114000 0.336000
11 0.650000 0.559000 0.024000 0.038000
2 0.405200 0.769510 0.278400 0.275020
11 0.522000 0.781000 0.036000 0.046000
2 0.648000 0.094000 0.452000 0.188000
2 0.966000 0.814000 0.064000 0.196000
7 0.756000 0.378000 0.044000 0.060000
2 0.219000 0.922000 0.210000 0.152000
7 0.927000 0.083000 0.034000 0.050000
11 0.952000 0.037000 0.036000 0.042000
2 0.600000 0.957000 0.316000 0.082000
11 0.874000 0.171000 0.028000 0.030000
2 0.105000 0.150000 0.210000 0.164000
2 0.490000 0.553000 0.240000 0.218000
11 0.976000 0.009000 0.020000 0.018000
11 0.728000 0.423000 0.032000 0.042000
11 0.893000 0.571000 0.046000 0.034000
2 0.144000 0.014000 0.284000 0.028000
