2 0.135000 0.865000 0.122000 0.122000
11 0.098000 0.089000 0.048000 0.038000
2 0.073000 0.695000 0.110000 0.106000
11 0.051000 0.347000 0.046000 0.046000
3 0.278000 0.173000 0.048000 0.102000
7 0.169000 0.118000 0.066000 0.052000
11 0.150000 0.454000 0.044000 0.044000
2 0.885000 0.768000 0.162000 0.156000
11 0.301000 0.412000 0.030000 0.044000
2 0.037000 0.494000 0.074000 0.140000
2 0.712000 0.878000 0.204000 0.212000
3 0.326000 0.265000 0.084000 0.050000
11 0.018000 0.305000 0.036000 0.042000
11 0.064000 0.452000 0.028000 0.044000
2 0.419000 0.630000 0.094000 0.116000
11 0.224000 0.150000 0.044000 0.044000
11 0.322000 0.917000 0.020000 0.070000
