11 0.463000 0.050000 0.034000 0.048000
11 0.102000 0.525000 0.040000 0.042000
11 0.070000 0.563000 0.040000 0.046000
2 0.137000 0.828000 0.274000 0.344000
11 0.037000 0.607000 0.042000 0.050000
11 0.233000 0.366000 0.046000 0.044000
7 0.495000 0.427000 0.034000 0.050000
7 0.470000 0.371000 0.044000 0.058000
2 0.261370 0.685410 0.194740 0.242820
11 0.323110 0.568730 0.022220 0.033460
11 0.555000 0.623000 0.038000 0.046000
11 0.541940 0.507880 0.047880 0.023760
11 0.547000 0.487000 0.050000 0.026000
11 0.546000 0.721000 0.028000 0.046000
11 0.539000 0.532000 0.042000 0.028000
11 0.570000 0.083000 0.032000 0.050000
11 0.522000 0.158000 0.028000 0.044000
11 0.531420 0.433820 0.022840 0.047640
11 0.585420 0.446890 0.042840 0.025780
11 0.585000 0.424000 0.042000 0.020000
11 0.486150 0.842020 0.024300 0.040040
11 0.500870 0.847490 0.021740 0.042980
11 0.493000 0.797000 0.030000 0.050000
11 0.515840 0.291110 0.027680 0.042220
11 0.562000 0.289000 0.024000 0.046000
11 0.508000 0.471000 0.028000 0.042000
11 0.445090 0.296890 0.038180 0.037780
11 0.465830 0.264080 0.035660 0.028160
7 0.506990 0.266760 0.037980 0.045520
11 0.538000 0.280000 0.024000 0.040000
11 0.316000 0.621000 0.028000 0.042000
11 0.536000 0.386000 0.028000 0.044000
11 0.540000 0.761000 0.028000 0.042000
11 0.342000 0.717000 0.032000 0.046000
11 0.417000 0.032000 0.030000 0.048000
11 0.516000 0.103000 0.032000 0.050000
11 0.328000 0.659000 0.024000 0.042000
11 0.454000 0.437000 0.036000 0.038000
11 0.505000 0.353000 0.026000 0.042000
11 0.571000 0.686000 0.022000 0.032000
2 0.127790 0.214700 0.231580 0.189400
11 0.583000 0.401000 0.046000 0.026000
11 0.427000 0.392000 0.042000 0.044000
2 0.484550 0.654520 0.101100 0.105040
6 0.395430 0.257130 0.082860 0.098260
2 0.230470 0.096560 0.200940 0.193120
11 0.488780 0.227110 0.041560 0.026220
11 0.522480 0.223700 0.020960 0.039400
11 0.559830 0.182580 0.023660 0.049160
11 0.455400 0.281350 0.038800 0.030700
11 0.478040 0.245880 0.040080 0.027760
11 0.400560 0.345760 0.033120 0.039520
11 0.584900 0.283920 0.021800 0.035840
11 0.359540 0.542690 0.031080 0.041380
11 0.400770 0.682290 0.033540 0.036580
11 0.417090 0.695130 0.038180 0.038260
7 0.307010 0.532690 0.038020 0.041380
11 0.319110 0.512580 0.034220 0.037160
11 0.353330 0.492160 0.034660 0.036320
11 0.536370 0.050190 0.032740 0.032380
11 0.439300 0.417230 0.034600 0.038460
11 0.389950 0.582070 0.031900 0.036140
11 0.397740 0.562280 0.035480 0.036560
11 0.371320 0.524900 0.034640 0.033800
11 0.391530 0.514160 0.035060 0.032320
11 0.419420 0.607440 0.030840 0.034880
11 0.448370 0.571860 0.032740 0.031720
11 0.448150 0.714830 0.036300 0.033660
11 0.466470 0.727350 0.036940 0.034700
11 0.563010 0.740540 0.022020 0.041080
11 0.585330 0.728930 0.018660 0.041860
11 0.495420 0.208260 0.042840 0.024520
11 0.588150 0.386390 0.048300 0.028780
11 0.584150 0.510200 0.040300 0.024400
