2 0.650000 0.120000 0.372000 0.240000
2 0.129000 0.208000 0.146000 0.132000
2 0.366000 0.562000 0.132000 0.116000
2 0.820000 0.344000 0.116000 0.128000
2 0.235000 0.454000 0.170000 0.164000
2 0.851000 0.758000 0.270000 0.260000
2 0.222000 0.948000 0.160000 0.100000
2 0.409000 0.895000 0.210000 0.182000
3 0.658000 0.903000 0.088000 0.074000
11 0.539000 0.400000 0.050000 0.040000
11 0.053000 0.455000 0.050000 0.042000
2 0.954000 0.303000 0.088000 0.130000
11 0.633000 0.461000 0.046000 0.038000
2 0.621000 0.625000 0.266000 0.258000
11 0.595000 0.327000 0.042000 0.034000
2 0.964000 0.097000 0.068000 0.122000
11 0.775000 0.895000 0.042000 0.034000
11 0.902000 0.249000 0.036000 0.050000
11 0.266000 0.043000 0.040000 0.030000
3 0.273000 0.681000 0.114000 0.098000
11 0.008000 0.974000 0.016000 0.032000
2 0.006000 0.045000 0.012000 0.090000
