2 0.847000 0.601000 0.130000 0.102000
2 0.763000 0.303000 0.202000 0.118000
2 0.375000 0.280000 0.138000 0.112000
2 0.675000 0.871000 0.110000 0.106000
2 0.117000 0.240000 0.114000 0.120000
2 0.100000 0.501000 0.128000 0.126000
2 0.578000 0.439000 0.156000 0.138000
2 0.197000 0.760000 0.166000 0.116000
2 0.661000 0.039000 0.110000 0.078000
2 0.444000 0.542000 0.136000 0.128000
2 0.800000 0.050000 0.112000 0.092000
2 0.934000 0.914000 0.120000 0.116000
2 0.955000 0.645000 0.086000 0.106000
2 0.925000 0.060000 0.130000 0.104000
11 0.202000 0.661000 0.056000 0.038000
11 0.478000 0.698000 0.044000 0.028000
11 0.735000 0.735000 0.046000 0.030000
2 0.395000 0.754000 0.082000 0.084000
11 0.258000 0.670000 0.056000 0.036000
11 0.397000 0.162000 0.050000 0.036000
11 0.904000 0.758000 0.044000 0.028000
11 0.781000 0.214000 0.046000 0.036000
3 0.807000 0.775000 0.078000 0.042000
2 0.225000 0.279000 0.122000 0.110000
11 0.042000 0.114000 0.044000 0.028000
11 0.627000 0.721000 0.042000 0.026000
11 0.731000 0.209000 0.054000 0.030000
11 0.835000 0.220000 0.050000 0.036000
2 0.931000 0.816000 0.106000 0.088000
11 0.014000 0.636000 0.028000 0.032000
2 0.978000 0.348000 0.040000 0.112000
2 0.640000 0.961000 0.160000 0.074000
11 0.889000 0.228000 0.046000 0.024000
11 0.782000 0.978000 0.028000 0.040000
11 0.798000 0.916000 0.032000 0.048000
2 0.320000 0.774000 0.068000 0.088000
2 0.020000 0.240000 0.040000 0.112000
2 0.017000 0.740000 0.034000 0.120000
11 0.884000 0.136000 0.028000 0.044000
11 0.685000 0.204000 0.046000 0.024000
11 0.982000 0.239000 0.032000 0.022000
2 0.592000 0.599000 0.092000 0.134000
2 0.465000 0.035000 0.106000 0.070000
11 0.010000 0.107000 0.020000 0.030000
2 0.037000 0.007000 0.074000 0.014000
2 0.242000 0.506000 0.184000 0.164000
11 0.489000 0.175000 0.046000 0.022000
11 0.957000 0.766000 0.038000 0.024000
2 0.124000 0.008000 0.076000 0.016000
